tube_assembly_id,component_id_1,quantity_1
TA-00001,C-1622,2
TA-00002,C-1312,2
TA-00003,C-1312,2
TA-00004,C-1312,2
TA-00005,C-1624,1
TA-00006,C-1624,1
TA-00007,C-1622,2
TA-00008,C-1312,2
TA-00009,C-1625,2
TA-00010,C-1768,2
TA-00011,C-1312,2
TA-00012,C-1312,2
TA-00013,C-1259,1
TA-00014,C-1622,2
TA-00015,C-0448,2
TA-00016,C-1349,1
TA-00017,C-1349,1
TA-00018,C-1555,1
TA-00020,C-1369,2
TA-00021,C-1369,2
TA-00022,C-1229,2
TA-00023,C-0823,2
TA-00024,C-0823,2
TA-00025,C-0823,2
TA-00026,C-1555,1
TA-00027,C-1845,2
TA-00028,C-1970,1
TA-00029,C-1420,1
TA-00030,C-1621,2
TA-00031,C-1621,2
TA-00032,C-1818,1
TA-00033,C-0823,2
TA-00034,C-1362,1
TA-00035,C-1420,1
TA-00036,C-1621,2
TA-00037,C-1243,1
TA-00038,C-1621,1
TA-00039,C-1620,2
TA-00040,C-1621,1
TA-00041,C-1420,1
TA-00042,C-1420,2
TA-00043,C-1642,1
TA-00045,C-0024,2
TA-00046,C-1233,1
TA-00047,C-0448,2
TA-00048,C-0444,2
TA-00049,C-0444,1
TA-00050,C-1243,2
TA-00051,C-0027,1
TA-00052,C-1536,2
TA-00053,C-1621,2
TA-00054,C-1621,2
TA-00055,C-1623,1
TA-00056,C-1623,1
TA-00057,C-1625,1
TA-00058,C-1312,2
TA-00059,C-1780,1
TA-00060,C-1312,2
TA-00061,C-1312,2
TA-00062,C-1621,2
TA-00063,C-1621,2
TA-00065,C-1767,2
TA-00066,C-1565,1
TA-00067,C-1941,1
TA-00068,C-1555,1
TA-00069,C-1374,1
TA-00071,C-1817,1
TA-00072,C-1345,1
TA-00073,C-1355,1
TA-00075,C-1312,2
TA-00076,C-1312,2
TA-00077,C-1312,2
TA-00078,C-1312,2
TA-00079,C-1312,2
TA-00080,C-1312,2
TA-00081,C-1312,2
TA-00082,C-1312,2
TA-00083,C-1312,2
TA-00084,C-1312,2
TA-00085,C-1312,2
TA-00086,C-1312,2
TA-00087,C-1312,2
TA-00088,C-1312,2
TA-00089,C-1312,2
TA-00090,C-1312,2
TA-00091,C-1312,2
TA-00092,C-1312,2
TA-00093,C-1312,2
TA-00094,C-1312,2
TA-00095,C-1312,2
TA-00096,C-1312,2
TA-00097,C-1621,2
TA-00098,C-1538,1
TA-00099,C-1993,1
TA-00100,C-1621,2
TA-00102,C-1845,2
TA-00103,C-1521,1
TA-00104,C-1622,2
TA-00105,C-1670,1
TA-00107,C-0441,1
TA-00108,C-1625,1
TA-00109,C-1625,1
TA-00110,C-0038,1
TA-00111,C-1585,2
TA-00112,C-0055,1
TA-00113,C-1620,2
TA-00114,C-1845,2
TA-00115,C-1845,2
TA-00116,C-1845,2
TA-00117,C-1420,2
TA-00118,C-1622,2
TA-00119,C-1621,2
TA-00120,C-1621,2
TA-00121,C-1621,2
TA-00122,C-1621,2
TA-00123,C-1624,1
TA-00124,C-1312,1
TA-00125,C-1625,1
TA-00126,C-1624,2
TA-00127,C-1621,2
TA-00128,C-1638,2
TA-00129,C-1620,2
TA-00130,C-1620,2
TA-00131,C-1625,2
TA-00132,C-1624,1
TA-00133,C-1624,1
TA-00134,C-1624,1
TA-00135,C-1817,1
TA-00136,C-1621,2
TA-00138,C-1750,1
TA-00141,C-1468,1
TA-00142,C-1476,1
TA-00143,C-1882,2
TA-00144,C-1717,1
TA-00145,C-1312,2
TA-00146,C-1312,2
TA-00147,C-1312,2
TA-00148,C-1312,2
TA-00149,C-1312,2
TA-00150,C-1312,2
TA-00151,C-1532,1
TA-00152,C-0468,1
TA-00153,C-1621,2
TA-00154,C-1625,1
TA-00155,C-1625,1
TA-00156,C-1845,2
TA-00157,C-1649,1
TA-00158,C-1647,2
TA-00159,C-1625,1
TA-00160,C-1647,2
TA-00161,C-1621,2
TA-00162,C-1476,2
TA-00163,C-1243,2
TA-00164,C-1243,1
TA-00165,C-1355,1
TA-00166,C-1925,1
TA-00167,C-0444,2
TA-00168,C-1474,1
TA-00169,C-1845,2
TA-00170,C-1218,1
TA-00171,C-1644,1
TA-00172,C-1644,1
TA-00173,C-1624,1
TA-00174,C-1625,1
TA-00175,C-0448,1
TA-00176,C-0448,1
TA-00177,C-1312,2
TA-00178,C-1420,1
TA-00179,C-1620,2
TA-00180,C-1638,1
TA-00181,C-1468,1
TA-00182,C-1475,1
TA-00183,C-1477,1
TA-00184,C-1623,1
TA-00185,C-1623,1
TA-00186,C-1845,2
TA-00187,C-1620,2
TA-00188,C-1312,2
TA-00189,C-1312,2
TA-00190,C-1312,2
TA-00191,C-1312,2
TA-00192,C-1312,2
TA-00193,C-1621,1
TA-00194,C-1647,2
TA-00195,C-1647,2
TA-00196,C-1647,2
TA-00197,C-1647,2
TA-00198,C-1345,1
TA-00199,C-1845,2
TA-00200,C-0448,2
TA-00201,C-0444,2
TA-00202,C-0444,2
TA-00203,C-1621,1
TA-00204,C-1623,1
TA-00205,C-1625,1
TA-00206,C-1420,2
TA-00207,C-1420,2
TA-00208,C-1420,2
TA-00209,C-0448,2
TA-00210,C-1420,2
TA-00211,C-1420,2
TA-00212,C-1420,2
TA-00213,C-1420,2
TA-00214,C-1420,2
TA-00215,C-0448,2
TA-00216,C-1420,2
TA-00217,C-1460,1
TA-00218,C-1845,2
TA-00219,C-1845,2
TA-00220,C-1475,1
TA-00221,C-1623,2
TA-00222,C-1621,2
TA-00223,C-1623,1
TA-00224,C-1621,2
TA-00226,C-1622,2
TA-00227,C-1620,1
TA-00228,C-0448,2
TA-00229,C-1925,1
TA-00230,C-0448,2
TA-00231,C-1625,1
TA-00232,C-1642,2
TA-00233,C-1622,2
TA-00234,C-1621,2
TA-00235,C-1622,2
TA-00236,C-1625,1
TA-00237,C-1623,1
TA-00238,C-1420,2
TA-00239,C-1420,2
TA-00240,C-1555,1
TA-00241,C-1243,1
TA-00242,C-1243,1
TA-00243,C-1243,1
TA-00244,C-1243,1
TA-00245,C-1620,1
TA-00246,C-1620,2
TA-00247,C-1243,1
TA-00248,C-1621,2
TA-00249,C-1536,2
TA-00250,C-1670,1
TA-00251,C-0444,2
TA-00252,C-1247,1
TA-00253,C-1247,1
TA-00254,C-1420,2
TA-00256,C-1312,2
TA-00257,C-1312,2
TA-00258,C-1312,2
TA-00259,C-1312,2
TA-00260,C-1312,2
TA-00261,C-1312,2
TA-00262,C-1312,2
TA-00263,C-1312,2
TA-00264,C-1312,2
TA-00265,C-1312,2
TA-00266,C-1851,1
TA-00267,C-1851,1
TA-00269,C-1670,1
TA-00270,C-1623,1
TA-00271,C-1623,1
TA-00272,C-1620,2
TA-00273,C-1622,2
TA-00274,C-1622,2
TA-00275,C-1724,1
TA-00276,C-1845,2
TA-00277,C-1670,1
TA-00278,C-1817,1
TA-00279,C-1621,2
TA-00280,C-1357,1
TA-00282,C-1420,2
TA-00283,C-1243,2
TA-00284,C-1845,2
TA-00292,C-1621,2
TA-00293,C-1621,1
TA-00294,C-1621,1
TA-00295,C-1621,1
TA-00296,C-1621,2
TA-00297,C-1621,2
TA-00298,C-1621,2
TA-00299,C-1621,2
TA-00300,C-1733,1
TA-00301,C-1624,2
TA-00302,C-1624,2
TA-00303,C-1420,1
TA-00306,C-0444,1
TA-00308,C-1624,2
TA-00310,C-1621,2
TA-00311,C-1312,2
TA-00312,C-1621,2
TA-00313,C-1621,2
TA-00314,C-1621,1
TA-00315,C-1621,1
TA-00316,C-1845,2
TA-00317,C-1622,1
TA-00318,C-1622,1
TA-00319,C-1621,2
TA-00320,C-1625,1
TA-00321,C-1625,1
TA-00323,C-1621,2
TA-00324,C-1845,2
TA-00325,C-1845,2
TA-00326,C-1845,2
TA-00327,C-1420,1
TA-00328,C-0444,2
TA-00329,C-0448,1
TA-00330,C-1817,1
TA-00333,C-1625,1
TA-00334,C-1622,2
TA-00335,C-1622,2
TA-00336,C-1622,2
TA-00337,C-1621,2
TA-00338,C-1621,2
TA-00339,C-1622,2
TA-00340,C-1420,2
TA-00341,C-1243,2
TA-00342,C-1845,2
TA-00343,C-1781,2
TA-00344,C-1781,2
TA-00345,C-1701,1
TA-00346,C-1704,1
TA-00347,C-1781,2
TA-00348,C-1625,2
TA-00349,C-1625,2
TA-00350,C-1535,1
TA-00351,C-1624,1
TA-00352,C-1621,2
TA-00353,C-1621,2
TA-00354,C-1420,2
TA-00355,C-1641,1
TA-00356,C-1420,1
TA-00357,C-1420,1
TA-00358,C-1420,2
TA-00359,C-1624,1
TA-00360,C-1624,1
TA-00361,C-1624,1
TA-00362,C-1639,2
TA-00363,C-1639,2
TA-00364,C-1638,2
TA-00365,C-1638,2
TA-00366,C-1639,2
TA-00367,C-1621,2
TA-00368,C-1621,2
TA-00369,C-1621,2
TA-00370,C-1845,2
TA-00371,C-1845,2
TA-00372,C-1208,2
TA-00374,C-2043,1
TA-00375,C-0448,1
TA-00376,C-2043,1
TA-00377,C-2043,1
TA-00378,C-0473,1
TA-00379,C-1622,2
TA-00380,C-1622,2
TA-00381,C-1625,1
TA-00382,C-1626,1
TA-00383,C-1624,1
TA-00384,C-1625,1
TA-00385,C-1626,1
TA-00386,C-1620,2
TA-00387,C-1621,2
TA-00388,C-1230,2
TA-00389,C-1230,2
TA-00390,C-0036,1
TA-00391,C-0062,2
TA-00392,C-0036,1
TA-00393,C-0036,1
TA-00395,C-1625,1
TA-00396,C-1622,2
TA-00397,C-1622,2
TA-00398,C-1420,2
TA-00399,C-1420,2
TA-00400,C-1420,2
TA-00401,C-0823,2
TA-00402,C-0823,2
TA-00403,C-1975,2
TA-00405,C-1313,2
TA-00407,C-1208,2
TA-00408,C-1620,2
TA-00409,C-1243,2
TA-00410,C-1845,2
TA-00411,C-1420,2
TA-00413,C-0448,1
TA-00414,C-1420,2
TA-00416,C-1848,2
TA-00417,C-1848,2
TA-00418,C-1369,2
TA-00419,C-1369,2
TA-00420,C-1369,2
TA-00421,C-1369,2
TA-00422,C-1369,2
TA-00423,C-1369,2
TA-00424,C-1369,2
TA-00425,C-1369,2
TA-00426,C-1369,2
TA-00427,C-1369,2
TA-00428,C-1369,2
TA-00429,C-1369,2
TA-00430,C-0434,1
TA-00431,C-1203,1
TA-00432,C-0036,1
TA-00433,C-0036,1
TA-00434,C-0444,1
TA-00436,C-0444,2
TA-00437,C-1624,2
TA-00438,C-1624,2
TA-00439,C-1624,2
TA-00440,C-1625,1
TA-00441,C-1625,2
TA-00442,C-1623,1
TA-00443,C-1625,1
TA-00444,C-0461,1
TA-00445,C-1625,2
TA-00446,C-1420,2
TA-00447,C-1420,2
TA-00448,C-1420,2
TA-00449,C-1420,2
TA-00452,C-1420,2
TA-00453,C-1312,2
TA-00454,C-1417,1
TA-00455,C-1207,1
TA-00456,C-0461,1
TA-00457,C-0453,1
TA-00458,C-1625,1
TA-00459,C-1625,1
TA-00460,C-1625,1
TA-00461,C-1625,1
TA-00467,C-1243,2
TA-00468,C-1243,2
TA-00469,C-1925,1
TA-00470,C-1620,2
TA-00471,C-1621,2
TA-00472,C-1621,2
TA-00473,C-1505,1
TA-00474,C-1620,2
TA-00475,C-1620,2
TA-00476,C-1207,1
TA-00477,C-0463,1
TA-00478,C-1625,1
TA-00479,C-1622,1
TA-00480,C-1622,1
TA-00481,C-1221,1
TA-00482,C-1620,1
TA-00483,C-1620,1
TA-00484,C-1750,1
TA-00485,C-1622,1
TA-00487,C-1420,2
TA-00488,C-1623,1
TA-00489,C-1623,1
TA-00490,C-1623,1
TA-00491,C-1623,1
TA-00492,C-1623,1
TA-00493,C-1623,1
TA-00494,C-1623,1
TA-00495,C-1623,1
TA-00496,C-1647,2
TA-00497,C-1647,2
TA-00498,C-1623,1
TA-00499,C-1623,1
TA-00500,C-1623,1
TA-00501,C-1420,2
TA-00502,C-1420,2
TA-00503,C-1420,2
TA-00504,C-1420,2
TA-00505,C-0448,2
TA-00506,C-0448,2
TA-00508,C-1638,2
TA-00509,C-1638,2
TA-00510,C-1624,1
TA-00511,C-1622,2
TA-00512,C-1623,2
TA-00513,C-2008,2
TA-00514,C-1623,2
TA-00515,C-2008,2
TA-00516,C-1623,1
TA-00522,C-1534,1
TA-00523,C-1621,1
TA-00524,C-1621,1
TA-00525,C-1621,2
TA-00526,C-1621,2
TA-00527,C-1243,2
TA-00528,C-1243,2
TA-00529,C-0448,2
TA-00530,C-0442,1
TA-00531,C-0448,1
TA-00532,C-0442,1
TA-00533,C-0448,1
TA-00534,C-1642,1
TA-00535,C-1624,1
TA-00536,C-1624,2
TA-00537,C-1624,2
TA-00538,C-1625,1
TA-00539,C-1625,1
TA-00540,C-1585,1
TA-00541,C-1845,2
TA-00542,C-1845,2
TA-00543,C-1476,2
TA-00544,C-1620,2
TA-00545,C-1637,2
TA-00546,C-1638,2
TA-00547,C-1420,2
TA-00548,C-1622,2
TA-00550,C-1624,2
TA-00551,C-1624,2
TA-00552,C-1624,1
TA-00553,C-1624,1
TA-00554,C-0448,1
TA-00555,C-2043,1
TA-00556,C-1621,2
TA-00557,C-1625,1
TA-00558,C-1624,1
TA-00559,C-1624,1
TA-00560,C-1622,1
TA-00561,C-1622,1
TA-00562,C-1243,2
TA-00563,C-1243,1
TA-00564,C-1221,1
TA-00565,C-1221,1
TA-00566,C-1785,2
TA-00567,C-1845,2
TA-00568,C-1624,1
TA-00569,C-1624,1
TA-00570,C-1624,1
TA-00571,C-1625,1
TA-00572,C-0448,2
TA-00573,C-1624,1
TA-00574,C-1624,1
TA-00575,C-1623,2
TA-00576,C-1623,2
TA-00577,C-1623,1
TA-00578,C-1624,1
TA-00579,C-1624,1
TA-00580,C-1624,2
TA-00581,C-1624,2
TA-00582,C-1622,2
TA-00583,C-1622,2
TA-00584,C-1622,2
TA-00585,C-1622,2
TA-00586,C-1621,2
TA-00587,C-1622,1
TA-00588,C-1642,2
TA-00589,C-1624,1
TA-00590,C-1527,1
TA-00591,C-0840,1
TA-00592,C-1312,2
TA-00593,C-1312,2
TA-00594,C-1312,2
TA-00595,C-1620,2
TA-00596,C-1974,2
TA-00597,C-1221,1
TA-00598,C-1221,1
TA-00599,C-1648,2
TA-00602,C-1848,2
TA-00603,C-1626,1
TA-00604,C-1495,1
TA-00605,C-0817,1
TA-00606,C-1420,2
TA-00607,C-1420,2
TA-00610,C-1243,2
TA-00611,C-1243,2
TA-00612,C-1349,1
TA-00613,C-1495,1
TA-00614,C-1621,2
TA-00615,C-1351,1
TA-00616,C-1436,2
TA-00617,C-1436,2
TA-00618,C-1436,2
TA-00620,C-1621,2
TA-00621,C-1622,2
TA-00622,C-1622,2
TA-00623,C-1622,2
TA-00624,C-1622,2
TA-00625,C-1622,2
TA-00626,C-1622,2
TA-00627,C-1622,1
TA-00628,C-1624,1
TA-00629,C-1624,2
TA-00630,C-1624,2
TA-00633,C-1621,2
TA-00634,C-1621,2
TA-00635,C-1621,2
TA-00636,C-1621,2
TA-00639,C-1621,2
TA-00640,C-1621,2
TA-00641,C-1622,2
TA-00642,C-1622,2
TA-00643,C-1621,2
TA-00644,C-1621,1
TA-00645,C-1621,1
TA-00646,C-1431,1
TA-00647,C-1431,1
TA-00648,C-1623,1
TA-00649,C-1623,1
TA-00650,C-1620,2
TA-00651,C-1233,1
TA-00652,C-1354,1
TA-00653,C-1366,1
TA-00654,C-1420,2
TA-00659,C-1624,1
TA-00660,C-1624,1
TA-00661,C-1623,1
TA-00662,C-1623,1
TA-00663,C-1243,2
TA-00664,C-1243,2
TA-00665,C-1243,2
TA-00666,C-1420,2
TA-00667,C-1243,2
TA-00668,C-1420,2
TA-00669,C-1243,2
TA-00670,C-0087,1
TA-00671,C-0094,1
TA-00672,C-1366,1
TA-00673,C-1353,1
TA-00674,C-1353,1
TA-00676,C-1623,2
TA-00677,C-1625,2
TA-00678,C-1624,1
TA-00679,C-1623,1
TA-00680,C-1623,1
TA-00681,C-1623,1
TA-00682,C-1623,1
TA-00683,C-1779,1
TA-00684,C-1624,2
TA-00685,C-1624,2
TA-00686,C-1623,1
TA-00687,C-1623,1
TA-00689,C-1622,1
TA-00690,C-1345,1
TA-00691,C-1243,2
TA-00692,C-1534,1
TA-00693,C-1402,1
TA-00694,C-0100,1
TA-00695,C-1435,2
TA-00696,C-1435,2
TA-00697,C-1641,1
TA-00698,C-1621,1
TA-00699,C-1621,2
TA-00700,C-1621,2
TA-00704,C-1420,2
TA-00705,C-1568,1
TA-00706,C-1352,1
TA-00707,C-1312,2
TA-00708,C-1312,2
TA-00709,C-1623,2
TA-00710,C-1622,2
TA-00711,C-1777,1
TA-00712,C-1779,1
TA-00713,C-1625,2
TA-00714,C-1625,2
TA-00715,C-1625,1
TA-00716,C-1625,1
TA-00717,C-1622,1
TA-00718,C-1624,1
TA-00719,C-1624,1
TA-00720,C-1673,1
TA-00721,C-1476,1
TA-00722,C-1460,1
TA-00723,C-1623,1
TA-00724,C-1623,1
TA-00725,C-1623,1
TA-00726,C-1623,1
TA-00727,C-1622,2
TA-00728,C-1622,1
TA-00729,C-1417,1
TA-00730,C-1243,2
TA-00731,C-1622,1
TA-00732,C-1784,2
TA-00733,C-1621,2
TA-00734,C-1575,1
TA-00735,C-1624,2
TA-00736,C-1624,1
TA-00737,C-1624,1
TA-00738,C-1642,2
TA-00739,C-1642,1
TA-00740,C-1623,2
TA-00741,C-1623,2
TA-00742,C-1623,2
TA-00743,C-1625,2
TA-00744,C-1624,1
TA-00745,C-2005,2
TA-00746,C-0473,1
TA-00747,C-0473,1
TA-00748,C-1623,1
TA-00749,C-1621,2
TA-00750,C-1623,2
TA-00751,C-1623,2
TA-00752,C-1624,1
TA-00753,C-1312,2
TA-00754,C-1312,2
TA-00755,C-1312,2
TA-00756,C-1312,2
TA-00757,C-1312,2
TA-00758,C-1312,2
TA-00759,C-1622,2
TA-00760,C-1622,2
TA-00761,C-1622,1
TA-00762,C-1623,2
TA-00763,C-1622,1
TA-00764,C-1623,2
TA-00765,C-1622,1
TA-00766,C-1622,2
TA-00767,C-1639,2
TA-00768,C-1622,1
TA-00769,C-1622,1
TA-00770,C-1625,2
TA-00771,C-1620,2
TA-00772,C-1620,2
TA-00773,C-1620,2
TA-00774,C-1622,1
TA-00775,C-1622,1
TA-00776,C-1621,2
TA-00777,C-1621,2
TA-00778,C-1996,1
TA-00779,C-1625,1
TA-00781,C-1592,1
TA-00782,C-1625,1
TA-00783,C-1625,1
TA-00784,C-1625,1
TA-00785,C-1931,1
TA-00786,C-1622,2
TA-00787,C-1845,2
TA-00788,C-1623,2
TA-00789,C-1625,1
TA-00790,C-1625,1
TA-00792,C-1623,2
TA-00793,C-1355,1
TA-00794,C-0846,1
TA-00795,C-0099,1
TA-00797,C-1505,1
TA-00798,C-1420,2
TA-00799,C-1420,2
TA-00800,C-1420,2
TA-00801,C-1817,1
TA-00802,C-1420,1
TA-00803,C-1420,2
TA-00804,C-1848,2
TA-00806,C-1233,2
TA-00808,C-1649,1
TA-00809,C-1622,1
TA-00810,C-1639,1
TA-00811,C-1621,1
TA-00812,C-1208,1
TA-00813,C-1621,2
TA-00814,C-1623,1
TA-00815,C-1623,1
TA-00816,C-1420,2
TA-00817,C-1420,2
TA-00818,C-1420,2
TA-00819,C-1420,2
TA-00821,C-1243,2
TA-00822,C-1243,2
TA-00824,C-1420,2
TA-00825,C-0198,1
TA-00826,C-1776,1
TA-00827,C-1620,2
TA-00828,C-1910,1
TA-00829,C-1621,2
TA-00830,C-1621,2
TA-00831,C-1621,1
TA-00832,C-1435,2
TA-00833,C-1229,2
TA-00834,C-1624,1
TA-00835,C-1624,1
TA-00836,C-1420,2
TA-00837,C-1621,2
TA-00838,C-1623,2
TA-00839,C-1623,2
TA-00840,C-1420,2
TA-00843,C-1481,2
TA-00844,C-1624,1
TA-00845,C-1910,1
TA-00846,C-1624,2
TA-00847,C-1625,2
TA-00848,C-1621,1
TA-00849,C-1625,2
TA-00850,C-1621,2
TA-00851,C-1621,1
TA-00852,C-1555,1
TA-00853,C-1452,1
TA-00854,C-1452,2
TA-00855,C-1621,2
TA-00857,C-1642,2
TA-00858,C-1845,2
TA-00859,C-1623,1
TA-00860,C-0448,2
TA-00862,C-1958,1
TA-00863,C-1585,1
TA-00864,C-1536,1
TA-00865,C-1621,2
TA-00866,C-1620,1
TA-00867,C-1402,1
TA-00868,C-1402,1
TA-00869,C-0852,1
TA-00870,C-1365,1
TA-00871,C-0444,2
TA-00872,C-0448,2
TA-00873,C-1641,1
TA-00874,C-1642,1
TA-00875,C-1312,2
TA-00876,C-1623,1
TA-00877,C-1623,1
TA-00878,C-1623,1
TA-00879,C-1623,1
TA-00880,C-1621,2
TA-00881,C-1621,2
TA-00882,C-1621,2
TA-00883,C-1243,2
TA-00884,C-1243,2
TA-00885,C-1536,1
TA-00886,C-1536,1
TA-00887,C-1624,2
TA-00888,C-1624,2
TA-00889,C-1624,2
TA-00890,C-1624,2
TA-00891,C-1624,2
TA-00892,C-1621,2
TA-00893,C-1621,2
TA-00894,C-1621,2
TA-00895,C-1623,1
TA-00896,C-1620,2
TA-00897,C-1620,2
TA-00898,C-1622,2
TA-00899,C-1621,2
TA-00900,C-0448,2
TA-00901,C-0448,2
TA-00902,C-0448,2
TA-00903,C-1420,2
TA-00904,C-1420,2
TA-00905,C-1420,2
TA-00906,C-1197,1
TA-00907,C-1533,1
TA-00908,C-1621,2
TA-00909,C-1620,1
TA-00910,C-1312,2
TA-00913,C-1622,1
TA-00914,C-1229,2
TA-00915,C-1229,2
TA-00916,C-1624,2
TA-00917,C-1243,2
TA-00918,C-1243,2
TA-00919,C-1243,2
TA-00920,C-2005,2
TA-00921,C-1624,1
TA-00922,C-1345,1
TA-00923,C-1312,2
TA-00924,C-1312,2
TA-00925,C-1420,2
TA-00926,C-1420,2
TA-00927,C-1402,1
TA-00928,C-2002,1
TA-00929,C-1625,1
TA-00930,C-1621,2
TA-00932,C-1622,2
TA-00933,C-1622,1
TA-00934,C-1622,1
TA-00935,C-1893,1
TA-00936,C-1893,1
TA-00937,C-1621,2
TA-00938,C-1622,2
TA-00939,C-0115,1
TA-00940,C-0115,1
TA-00943,C-1420,2
TA-00944,C-1355,1
TA-00945,C-1621,2
TA-00946,C-1621,2
TA-00947,C-1625,2
TA-00948,C-1242,1
TA-00949,C-1242,1
TA-00950,C-1507,1
TA-00951,C-1621,2
TA-00952,C-1199,1
TA-00953,C-0850,1
TA-00954,C-0850,1
TA-00955,C-1420,2
TA-00956,C-0085,1
TA-00957,C-1621,2
TA-00958,C-0439,1
TA-00959,C-0442,1
TA-00960,C-1642,1
TA-00961,C-0448,2
TA-00962,C-1817,1
TA-00963,C-1622,1
TA-00964,C-1626,1
TA-00965,C-0434,1
TA-00966,C-1420,2
TA-00967,C-1420,2
TA-00968,C-1764,1
TA-00969,C-1420,2
TA-00970,C-1231,1
TA-00971,C-1621,2
TA-00972,C-1621,2
TA-00973,C-1621,2
TA-00974,C-1622,2
TA-00975,C-1622,2
TA-00976,C-1243,1
TA-00977,C-1622,2
TA-00978,C-1621,2
TA-00979,C-1243,2
TA-00980,C-1567,1
TA-00981,C-1622,1
TA-00982,C-1622,1
TA-00983,C-1624,1
TA-00984,C-1625,2
TA-00985,C-1621,2
TA-00986,C-1624,1
TA-00987,C-1624,1
TA-00988,C-1625,2
TA-00989,C-1625,2
TA-00990,C-1624,1
TA-00991,C-1624,1
TA-00992,C-1624,1
TA-00993,C-1624,1
TA-00994,C-1622,2
TA-00995,C-1622,2
TA-00996,C-1620,2
TA-00997,C-1624,1
TA-00998,C-1624,2
TA-00999,C-0144,1
TA-01000,C-1475,1
TA-01001,C-1469,1
TA-01004,C-1623,1
TA-01005,C-1623,1
TA-01006,C-1621,1
TA-01007,C-1621,2
TA-01008,C-1621,1
TA-01009,C-1638,2
TA-01010,C-1243,2
TA-01011,C-1243,2
TA-01012,C-1845,2
TA-01013,C-1845,2
TA-01014,C-1621,2
TA-01015,C-0118,1
TA-01016,C-1474,1
TA-01019,C-0448,1
TA-01020,C-1555,1
TA-01021,C-0444,2
TA-01022,C-0444,2
TA-01023,C-1373,1
TA-01024,C-1623,1
TA-01025,C-1750,1
TA-01026,C-1750,1
TA-01027,C-1621,2
TA-01028,C-1621,2
TA-01029,C-1621,2
TA-01030,C-1621,2
TA-01031,C-1621,2
TA-01032,C-1621,2
TA-01033,C-1622,1
TA-01034,C-1621,2
TA-01035,C-1621,2
TA-01036,C-1845,2
TA-01037,C-1475,2
TA-01038,C-1625,1
TA-01039,C-1625,1
TA-01040,C-1625,1
TA-01041,C-1621,2
TA-01042,C-1621,2
TA-01043,C-1621,2
TA-01044,C-1621,2
TA-01045,C-1623,1
TA-01046,C-1623,1
TA-01047,C-1623,2
TA-01048,C-1623,2
TA-01049,C-1420,2
TA-01050,C-1346,1
TA-01051,C-1312,2
TA-01052,C-1624,2
TA-01053,C-1624,2
TA-01054,C-1625,2
TA-01055,C-1621,2
TA-01056,C-1621,2
TA-01057,C-1547,1
TA-01058,C-1547,1
TA-01061,C-1625,1
TA-01062,C-1625,1
TA-01063,C-1449,1
TA-01064,C-1665,1
TA-01065,C-1350,1
TA-01066,C-1622,2
TA-01067,C-0444,2
TA-01068,C-1620,2
TA-01069,C-1431,1
TA-01070,C-2043,1
TA-01071,C-1624,1
TA-01072,C-1624,1
TA-01073,C-1624,1
TA-01074,C-1624,1
TA-01075,C-1420,2
TA-01076,C-1420,1
TA-01077,C-1420,2
TA-01078,C-1420,2
TA-01079,C-1420,2
TA-01080,C-1420,2
TA-01081,C-1420,2
TA-01082,C-0434,1
TA-01088,C-1622,2
TA-01089,C-1622,2
TA-01090,C-1622,2
TA-01091,C-0448,2
TA-01093,C-1623,1
TA-01094,C-1623,1
TA-01095,C-1420,2
TA-01096,C-1420,2
TA-01097,C-0448,2
TA-01098,C-1310,1
TA-01099,C-1621,2
TA-01100,C-1647,2
TA-01101,C-1647,2
TA-01102,C-1647,2
TA-01103,C-1647,2
TA-01104,C-0448,2
TA-01105,C-1312,2
TA-01115,C-0444,2
TA-01116,C-1625,1
TA-01117,C-1781,1
TA-01118,C-1623,2
TA-01121,C-1623,2
TA-01122,C-1623,2
TA-01123,C-1621,1
TA-01124,C-1621,2
TA-01125,C-1625,2
TA-01126,C-1621,2
TA-01127,C-0129,1
TA-01128,C-1845,2
TA-01129,C-1625,2
TA-01130,C-1623,1
TA-01131,C-1369,2
TA-01132,C-1369,2
TA-01134,C-1624,1
TA-01135,C-1625,1
TA-01136,C-1369,2
TA-01137,C-1369,2
TA-01138,C-1312,2
TA-01139,C-1312,2
TA-01140,C-1312,2
TA-01141,C-0448,2
TA-01142,C-0453,1
TA-01143,C-1536,1
TA-01144,C-1312,2
TA-01145,C-1312,2
TA-01146,C-1312,2
TA-01147,C-1312,2
TA-01148,C-1621,1
TA-01149,C-1346,1
TA-01150,C-0039,1
TA-01152,C-1624,2
TA-01155,C-1346,1
TA-01157,C-0136,1
TA-01162,C-1845,2
TA-01163,C-1364,1
TA-01164,C-0135,1
TA-01165,C-1243,2
TA-01166,C-1346,1
TA-01167,C-1624,2
TA-01168,C-1845,2
TA-01169,C-1547,1
TA-01170,C-1622,2
TA-01171,C-1624,2
TA-01172,C-1621,2
TA-01173,C-0823,2
TA-01174,C-1229,2
TA-01175,C-1229,2
TA-01176,C-1229,2
TA-01177,C-1621,2
TA-01178,C-1621,2
TA-01179,C-1312,2
TA-01180,C-1312,2
TA-01181,C-1312,2
TA-01182,C-1312,2
TA-01183,C-1312,2
TA-01184,C-1312,2
TA-01185,C-1312,2
TA-01186,C-1312,2
TA-01187,C-1622,2
TA-01188,C-1622,2
TA-01189,C-1622,2
TA-01190,C-1622,2
TA-01191,C-0823,2
TA-01192,C-1627,2
TA-01193,C-1355,1
TA-01194,C-0846,1
TA-01195,C-1621,2
TA-01196,C-0846,1
TA-01197,C-0448,2
TA-01198,C-0448,2
TA-01199,C-1624,2
TA-01200,C-1622,2
TA-01201,C-1624,2
TA-01202,C-1624,2
TA-01203,C-1624,2
TA-01204,C-0452,1
TA-01205,C-1312,2
TA-01206,C-1622,1
TA-01207,C-1622,1
TA-01208,C-1845,1
TA-01209,C-1243,1
TA-01210,C-1624,2
TA-01211,C-1621,2
TA-01212,C-1621,2
TA-01213,C-0448,2
TA-01214,C-1420,2
TA-01215,C-1639,2
TA-01216,C-0453,1
TA-01217,C-1845,2
TA-01218,C-1845,2
TA-01219,C-0006,1
TA-01220,C-1623,2
TA-01221,C-1623,2
TA-01222,C-1640,2
TA-01223,C-1640,2
TA-01224,C-1622,1
TA-01225,C-1625,1
TA-01227,C-1622,2
TA-01228,C-1845,2
TA-01229,C-0062,2
TA-01230,C-1638,2
TA-01231,C-1420,1
TA-01232,C-0140,1
TA-01233,C-1622,2
TA-01234,C-1622,2
TA-01235,C-1622,2
TA-01236,C-1622,2
TA-01237,C-1312,2
TA-01242,C-1625,1
TA-01243,C-0141,1
TA-01244,C-1625,1
TA-01246,C-1621,2
TA-01247,C-1243,2
TA-01248,C-1243,2
TA-01249,C-1845,2
TA-01250,C-1845,2
TA-01251,C-1845,2
TA-01252,C-1845,2
TA-01253,C-1434,1
TA-01254,C-1622,1
TA-01257,C-1623,1
TA-01258,C-1373,1
TA-01259,C-1622,1
TA-01260,C-1312,1
TA-01261,C-1845,2
TA-01262,C-1845,2
TA-01263,C-1845,2
TA-01264,C-1845,2
TA-01265,C-1312,2
TA-01266,C-1312,2
TA-01267,C-1312,2
TA-01268,C-1312,2
TA-01269,C-1312,2
TA-01270,C-0469,1
TA-01271,C-1621,2
TA-01272,C-1622,1
TA-01273,C-1312,2
TA-01274,C-1621,2
TA-01275,C-1620,2
TA-01276,C-1620,2
TA-01277,C-1620,1
TA-01278,C-1312,2
TA-01279,C-1848,2
TA-01280,C-1620,2
TA-01281,C-1425,1
TA-01282,C-1425,1
TA-01283,C-1312,2
TA-01284,C-1312,2
TA-01285,C-1312,2
TA-01286,C-1312,2
TA-01287,C-1312,2
TA-01288,C-1312,2
TA-01289,C-0129,1
TA-01290,C-1351,1
TA-01291,C-1425,1
TA-01292,C-1622,2
TA-01293,C-1420,1
TA-01294,C-1623,1
TA-01295,C-1474,1
TA-01296,C-1420,1
TA-01297,C-1639,2
TA-01298,C-1625,1
TA-01299,C-1625,1
TA-01300,C-1626,1
TA-01301,C-1625,2
TA-01302,C-1624,1
TA-01303,C-1624,1
TA-01304,C-1624,2
TA-01305,C-1622,2
TA-01306,C-1621,2
TA-01307,C-1313,2
TA-01308,C-1622,2
TA-01309,C-1585,1
TA-01310,C-1625,1
TA-01311,C-1585,1
TA-01312,C-1625,1
TA-01313,C-1625,1
TA-01314,C-1845,2
TA-01315,C-0145,1
TA-01316,C-0146,1
TA-01317,C-1196,2
TA-01318,C-1196,2
TA-01319,C-1196,2
TA-01320,C-1848,2
TA-01321,C-1848,2
TA-01322,C-1848,2
TA-01323,C-1848,2
TA-01324,C-1622,1
TA-01325,C-1312,2
TA-01326,C-1312,1
TA-01327,C-1312,1
TA-01328,C-1505,1
TA-01329,C-1625,2
TA-01333,C-1203,1
TA-01334,C-1312,1
TA-01335,C-1312,1
TA-01336,C-1312,1
TA-01337,C-1622,2
TA-01338,C-1623,1
TA-01340,C-0834,1
TA-01341,C-1503,1
TA-01342,C-1624,1
TA-01343,C-1312,2
TA-01344,C-1312,2
TA-01345,C-1312,2
TA-01346,C-1312,2
TA-01347,C-1312,2
TA-01348,C-1312,2
TA-01349,C-1312,2
TA-01350,C-1312,2
TA-01351,C-1312,2
TA-01352,C-1312,2
TA-01353,C-1312,2
TA-01354,C-1312,2
TA-01355,C-1312,2
TA-01356,C-1312,2
TA-01357,C-1312,2
TA-01358,C-1312,2
TA-01359,C-1623,1
TA-01360,C-1623,1
TA-01361,C-1623,1
TA-01362,C-1624,1
TA-01363,C-1624,1
TA-01364,C-2043,1
TA-01365,C-1420,1
TA-01369,C-1678,1
TA-01370,C-1621,2
TA-01372,C-1623,1
TA-01373,C-1624,2
TA-01374,C-1621,2
TA-01375,C-1621,2
TA-01376,C-1621,2
TA-01377,C-1625,2
TA-01378,C-1845,2
TA-01379,C-1845,2
TA-01380,C-1845,2
TA-01381,C-1845,2
TA-01382,C-1845,2
TA-01383,C-1845,2
TA-01384,C-1750,1
TA-01385,C-1354,1
TA-01386,C-1696,1
TA-01387,C-1397,1
TA-01388,C-0444,1
TA-01389,C-1373,1
TA-01390,C-1624,1
TA-01391,C-0442,1
TA-01392,C-0442,1
TA-01393,C-1625,1
TA-01394,C-1420,1
TA-01395,C-1845,2
TA-01396,C-1845,2
TA-01397,C-0099,1
TA-01399,C-1621,2
TA-01400,C-1621,2
TA-01401,C-1621,2
TA-01402,C-1621,2
TA-01403,C-1621,2
TA-01404,C-1621,2
TA-01405,C-1621,2
TA-01406,C-1621,2
TA-01407,C-1624,2
TA-01408,C-1624,2
TA-01409,C-0168,1
TA-01411,C-1794,1
TA-01413,C-2043,1
TA-01414,C-1477,1
TA-01417,C-1621,2
TA-01418,C-1848,2
TA-01419,C-1848,2
TA-01420,C-1848,2
TA-01421,C-1848,2
TA-01422,C-1848,2
TA-01423,C-0448,2
TA-01424,C-0448,2
TA-01425,C-1623,1
TA-01426,C-1420,1
TA-01427,C-1420,2
TA-01428,C-1583,1
TA-01429,C-1621,2
TA-01430,C-1622,2
TA-01431,C-1622,2
TA-01432,C-1622,2
TA-01433,C-1639,2
TA-01434,C-1639,2
TA-01435,C-1622,1
TA-01436,C-1622,1
TA-01437,C-1622,1
TA-01438,C-1622,1
TA-01439,C-1622,1
TA-01441,C-1621,2
TA-01442,C-1621,2
TA-01443,C-1621,2
TA-01444,C-1621,2
TA-01445,C-1638,2
TA-01446,C-1637,2
TA-01447,C-1312,1
TA-01448,C-1312,1
TA-01449,C-1312,1
TA-01450,C-1817,1
TA-01452,C-1623,1
TA-01453,C-1373,1
TA-01454,C-0448,2
TA-01456,C-0011,2
TA-01457,C-1623,1
TA-01458,C-1623,1
TA-01460,C-1817,1
TA-01461,C-1845,2
TA-01462,C-1312,1
TA-01463,C-1312,1
TA-01464,C-1620,2
TA-01465,C-1620,2
TA-01467,C-1312,2
TA-01468,C-1622,1
TA-01469,C-1639,1
TA-01470,C-1621,2
TA-01471,C-1621,2
TA-01472,C-1541,3
TA-01473,C-1845,2
TA-01474,C-1845,2
TA-01475,C-1845,2
TA-01476,C-1845,2
TA-01478,C-1622,1
TA-01479,C-1624,1
TA-01480,C-1622,1
TA-01481,C-1621,2
TA-01482,C-1243,2
TA-01483,C-1243,2
TA-01484,C-1312,2
TA-01485,C-1312,2
TA-01486,C-1312,2
TA-01487,C-1312,2
TA-01488,C-1312,2
TA-01489,C-1621,1
TA-01490,C-1621,2
TA-01494,C-1845,2
TA-01495,C-1845,2
TA-01496,C-1845,2
TA-01497,C-1845,2
TA-01498,C-1221,1
TA-01499,C-1624,1
TA-01500,C-1624,1
TA-01501,C-1624,2
TA-01502,C-1624,2
TA-01503,C-1621,2
TA-01504,C-1621,2
TA-01505,C-1621,2
TA-01506,C-1621,2
TA-01507,C-1621,2
TA-01508,C-1621,2
TA-01509,C-1621,2
TA-01510,C-0158,1
TA-01511,C-1621,2
TA-01512,C-1573,1
TA-01513,C-1312,2
TA-01514,C-1312,2
TA-01515,C-0011,1
TA-01516,C-1312,2
TA-01517,C-1621,2
TA-01518,C-1621,2
TA-01519,C-1621,2
TA-01520,C-1428,2
TA-01521,C-1428,2
TA-01522,C-1428,2
TA-01523,C-1428,2
TA-01524,C-1621,2
TA-01525,C-1621,2
TA-01526,C-1622,2
TA-01527,C-1622,2
TA-01528,C-1621,2
TA-01529,C-1621,2
TA-01530,C-1624,2
TA-01531,C-1623,1
TA-01532,C-1845,2
TA-01533,C-1845,2
TA-01534,C-1623,1
TA-01535,C-1623,1
TA-01537,C-1243,2
TA-01538,C-1624,2
TA-01539,C-1624,2
TA-01540,C-1624,2
TA-01541,C-1622,2
TA-01542,C-1624,2
TA-01543,C-1624,2
TA-01544,C-1622,2
TA-01547,C-1420,1
TA-01548,C-1420,1
TA-01549,C-1924,1
TA-01550,C-0448,2
TA-01551,C-1355,1
TA-01552,C-1312,2
TA-01553,C-1622,1
TA-01554,C-1625,1
TA-01555,C-1625,1
TA-01556,C-1642,1
TA-01557,C-1642,1
TA-01558,C-0144,1
TA-01559,C-1996,1
TA-01560,C-1621,2
TA-01561,C-1620,2
TA-01562,C-1620,2
TA-01563,C-1620,2
TA-01564,C-1503,1
TA-01565,C-1503,1
TA-01566,C-1622,1
TA-01567,C-1622,1
TA-01568,C-1845,2
TA-01569,C-0448,2
TA-01570,C-1845,2
TA-01571,C-1623,1
TA-01572,C-1623,1
TA-01573,C-1621,1
TA-01574,C-1621,1
TA-01575,C-1624,1
TA-01576,C-1624,1
TA-01577,C-1624,1
TA-01578,C-1624,1
TA-01579,C-1624,1
TA-01580,C-1624,1
TA-01581,C-1420,1
TA-01582,C-1845,2
TA-01583,C-1845,2
TA-01584,C-1792,1
TA-01585,C-1845,2
TA-01586,C-0844,2
TA-01587,C-1621,2
TA-01588,C-2017,1
TA-01589,C-1621,1
TA-01590,C-1623,1
TA-01591,C-1312,1
TA-01592,C-1312,1
TA-01595,C-1845,2
TA-01596,C-0459,1
TA-01597,C-1621,2
TA-01598,C-1621,2
TA-01599,C-1420,1
TA-01600,C-1420,1
TA-01601,C-1311,1
TA-01602,C-1670,1
TA-01603,C-0162,1
TA-01604,C-1256,1
TA-01606,C-1339,1
TA-01607,C-1384,2
TA-01608,C-1384,2
TA-01609,C-1845,2
TA-01610,C-1750,1
TA-01611,C-1624,2
TA-01612,C-1624,2
TA-01613,C-1622,1
TA-01614,C-1623,1
TA-01615,C-1624,1
TA-01616,C-1324,1
TA-01617,C-0434,1
TA-01618,C-1624,1
TA-01619,C-0169,1
TA-01620,C-1768,1
TA-01622,C-0448,1
TA-01623,C-1623,1
TA-01624,C-1647,2
TA-01625,C-1647,2
TA-01626,C-1402,1
TA-01627,C-1402,1
TA-01628,C-1477,1
TA-01629,C-1680,1
TA-01630,C-0448,2
TA-01631,C-1845,2
TA-01634,C-0448,2
TA-01635,C-1621,2
TA-01636,C-0170,1
TA-01637,C-0251,2
TA-01638,C-0251,2
TA-01639,C-1845,2
TA-01640,C-1845,2
TA-01641,C-1845,2
TA-01642,C-1845,2
TA-01643,C-1621,1
TA-01644,C-1621,1
TA-01645,C-1621,2
TA-01646,C-1622,2
TA-01647,C-1621,2
TA-01648,C-1624,2
TA-01649,C-1624,2
TA-01650,C-1624,1
TA-01651,C-1624,1
TA-01652,C-1623,2
TA-01653,C-1623,2
TA-01654,C-1624,2
TA-01655,C-1624,2
TA-01656,C-1624,1
TA-01659,C-1621,2
TA-01660,C-0444,1
TA-01661,C-1670,1
TA-01662,C-1624,1
TA-01665,C-1313,2
TA-01666,C-1312,1
TA-01667,C-1622,2
TA-01668,C-1624,2
TA-01669,C-1234,1
TA-01671,C-1621,1
TA-01672,C-1367,1
TA-01673,C-1750,1
TA-01674,C-1622,1
TA-01675,C-1622,1
TA-01676,C-1535,1
TA-01677,C-1623,1
TA-01678,C-1312,2
TA-01679,C-1312,2
TA-01680,C-1312,2
TA-01681,C-1312,2
TA-01682,C-1312,2
TA-01683,C-1817,1
TA-01684,C-1838,1
TA-01685,C-1838,1
TA-01687,C-1670,1
TA-01688,C-1312,1
TA-01689,C-1312,1
TA-01693,C-1623,2
TA-01694,C-1621,2
TA-01695,C-1621,2
TA-01696,C-1621,2
TA-01699,C-1621,2
TA-01700,C-1622,2
TA-01701,C-1621,2
TA-01703,C-1476,1
TA-01704,C-1621,2
TA-01705,C-1621,2
TA-01706,C-1621,2
TA-01707,C-1621,2
TA-01708,C-1625,1
TA-01709,C-1233,1
TA-01710,C-0448,2
TA-01711,C-1623,2
TA-01712,C-1312,1
TA-01714,C-2043,1
TA-01715,C-1625,2
TA-01716,C-1625,2
TA-01717,C-1860,1
TA-01718,C-1625,1
TA-01719,C-1625,1
TA-01720,C-1312,2
TA-01721,C-1312,2
TA-01722,C-1312,2
TA-01723,C-1625,2
TA-01724,C-1625,2
TA-01725,C-1620,2
TA-01726,C-1625,1
TA-01727,C-0170,1
TA-01728,C-1624,1
TA-01729,C-1622,2
TA-01730,C-1622,2
TA-01731,C-1622,2
TA-01732,C-1622,2
TA-01733,C-1622,2
TA-01734,C-1622,2
TA-01735,C-1622,2
TA-01736,C-1622,2
TA-01737,C-1624,2
TA-01738,C-1624,2
TA-01739,C-1973,1
TA-01740,C-1621,2
TA-01741,C-1625,1
TA-01742,C-1623,2
TA-01743,C-1621,2
TA-01744,C-1624,2
TA-01745,C-1624,1
TA-01746,C-1624,2
TA-01747,C-1624,2
TA-01751,C-1621,2
TA-01752,C-1650,1
TA-01753,C-1650,1
TA-01754,C-1344,1
TA-01755,C-1344,1
TA-01756,C-1622,2
TA-01757,C-1505,1
TA-01758,C-1620,2
TA-01759,C-1425,1
TA-01760,C-1425,1
TA-01761,C-1420,2
TA-01762,C-1621,1
TA-01763,C-1631,2
TA-01765,C-1845,2
TA-01766,C-1622,2
TA-01767,C-1622,2
TA-01768,C-1622,2
TA-01769,C-1622,2
TA-01770,C-1622,2
TA-01771,C-1622,2
TA-01772,C-1621,2
TA-01773,C-1621,2
TA-01774,C-1621,2
TA-01775,C-1621,2
TA-01776,C-1781,1
TA-01777,C-0448,1
TA-01778,C-0440,1
TA-01779,C-1312,2
TA-01780,C-1312,2
TA-01781,C-1621,2
TA-01783,C-1625,1
TA-01784,C-1624,2
TA-01785,C-0448,2
TA-01786,C-1622,1
TA-01787,C-1621,2
TA-01788,C-1621,2
TA-01789,C-1639,2
TA-01790,C-0170,1
TA-01791,C-0846,1
TA-01792,C-0846,1
TA-01793,C-0846,1
TA-01794,C-0846,1
TA-01795,C-0846,1
TA-01796,C-0846,1
TA-01797,C-0170,1
TA-01798,C-0444,1
TA-01799,C-1463,1
TA-01801,C-1420,2
TA-01802,C-1420,2
TA-01803,C-1420,2
TA-01804,C-1768,2
TA-01805,C-1621,1
TA-01806,C-1621,1
TA-01807,C-0448,2
TA-01808,C-1621,2
TA-01809,C-1621,2
TA-01810,C-1621,2
TA-01811,C-1621,2
TA-01812,C-0448,2
TA-01813,C-0846,1
TA-01814,C-1621,1
TA-01815,C-1624,2
TA-01816,C-1624,2
TA-01817,C-1624,2
TA-01818,C-1845,2
TA-01819,C-1845,2
TA-01820,C-1845,2
TA-01821,C-1845,2
TA-01822,C-1845,2
TA-01823,C-1845,2
TA-01824,C-1845,2
TA-01825,C-0448,1
TA-01826,C-0183,1
TA-01827,C-1621,2
TA-01828,C-1625,2
TA-01829,C-1621,2
TA-01831,C-1621,2
TA-01832,C-1621,2
TA-01833,C-1257,1
TA-01834,C-1625,1
TA-01835,C-1621,2
TA-01836,C-1621,1
TA-01837,C-1621,1
TA-01838,C-1638,2
TA-01839,C-1845,2
TA-01840,C-1845,2
TA-01841,C-1845,2
TA-01842,C-1845,2
TA-01843,C-1623,1
TA-01844,C-1640,1
TA-01845,C-1640,1
TA-01846,C-1623,1
TA-01847,C-1623,2
TA-01848,C-1623,2
TA-01849,C-1623,1
TA-01850,C-1622,1
TA-01851,C-1622,1
TA-01852,C-1450,1
TA-01853,C-0188,1
TA-01854,C-1420,2
TA-01855,C-1420,2
TA-01856,C-1455,1
TA-01857,C-1344,1
TA-01858,C-1642,2
TA-01859,C-1312,2
TA-01860,C-1312,2
TA-01861,C-1670,1
TA-01862,C-1817,1
TA-01863,C-1845,2
TA-01865,C-1622,2
TA-01866,C-1817,1
TA-01867,C-1624,2
TA-01868,C-1339,1
TA-01869,C-1623,1
TA-01870,C-1430,2
TA-01871,C-1430,2
TA-01872,C-1354,1
TA-01873,C-1312,2
TA-01874,C-1312,2
TA-01875,C-1312,2
TA-01876,C-1312,2
TA-01877,C-1312,2
TA-01878,C-1312,2
TA-01879,C-1312,2
TA-01880,C-1312,2
TA-01881,C-1312,2
TA-01882,C-1312,2
TA-01883,C-1312,2
TA-01884,C-1312,2
TA-01885,C-1312,2
TA-01886,C-1312,2
TA-01887,C-1312,2
TA-01888,C-1312,2
TA-01889,C-1845,2
TA-01890,C-1845,2
TA-01891,C-0459,1
TA-01892,C-0189,1
TA-01893,C-1845,2
TA-01894,C-1845,2
TA-01895,C-1845,2
TA-01896,C-1845,2
TA-01897,C-1420,1
TA-01898,C-0461,1
TA-01899,C-0165,1
TA-01900,C-0165,1
TA-01901,C-1624,1
TA-01902,C-1312,2
TA-01903,C-1845,2
TA-01904,C-1621,2
TA-01905,C-1621,2
TA-01906,C-1647,2
TA-01907,C-1312,2
TA-01908,C-1312,2
TA-01909,C-1312,2
TA-01910,C-1621,1
TA-01911,C-1621,2
TA-01913,C-1901,1
TA-01914,C-1638,2
TA-01915,C-1845,2
TA-01916,C-1845,2
TA-01917,C-1845,2
TA-01918,C-1845,2
TA-01919,C-1845,2
TA-01920,C-1624,2
TA-01921,C-1544,1
TA-01922,C-1845,2
TA-01923,C-1845,2
TA-01924,C-1621,1
TA-01925,C-1648,1
TA-01926,C-1648,1
TA-01927,C-1312,2
TA-01928,C-1624,2
TA-01929,C-1889,1
TA-01930,C-1243,2
TA-01931,C-1243,2
TA-01932,C-0448,2
TA-01933,C-0448,2
TA-01934,C-1243,2
TA-01935,C-0198,1
TA-01936,C-0195,1
TA-01937,C-1624,2
TA-01938,C-1625,2
TA-01939,C-1625,2
TA-01940,C-0199,1
TA-01941,C-0199,1
TA-01942,C-1527,1
TA-01943,C-1624,1
TA-01944,C-0199,1
TA-01945,C-1623,1
TA-01946,C-1623,1
TA-01947,C-0161,1
TA-01948,C-0398,1
TA-01949,C-0199,1
TA-01950,C-1640,1
TA-01951,C-1623,2
TA-01952,C-1426,1
TA-01953,C-1642,2
TA-01954,C-1624,1
TA-01955,C-1624,1
TA-01956,C-1623,1
TA-01957,C-1623,1
TA-01958,C-1623,1
TA-01959,C-1420,1
TA-01960,C-1623,1
TA-01961,C-1622,2
TA-01962,C-1622,2
TA-01963,C-1622,2
TA-01964,C-1622,2
TA-01965,C-1312,2
TA-01966,C-1621,2
TA-01967,C-1621,2
TA-01971,C-1624,1
TA-01972,C-1621,2
TA-01973,C-1622,1
TA-01974,C-1622,1
TA-01975,C-1622,1
TA-01976,C-1476,1
TA-01977,C-1621,2
TA-01978,C-1621,2
TA-01979,C-1621,2
TA-01981,C-0448,2
TA-01982,C-0448,2
TA-01983,C-0201,2
TA-01984,C-0201,2
TA-01985,C-1624,2
TA-01986,C-1622,2
TA-01987,C-1312,2
TA-01990,C-1845,2
TA-01991,C-1621,2
TA-01992,C-1781,1
TA-01993,C-1623,1
TA-01994,C-0846,1
TA-01995,C-1642,1
TA-01996,C-1625,1
TA-01997,C-1625,1
TA-01998,C-1622,1
TA-01999,C-1622,1
TA-02000,C-0065,1
TA-02002,C-1514,1
TA-02003,C-1355,1
TA-02004,C-1765,1
TA-02005,C-1623,2
TA-02006,C-1623,2
TA-02007,C-1312,2
TA-02008,C-1312,2
TA-02009,C-1312,2
TA-02010,C-1312,2
TA-02011,C-1312,2
TA-02012,C-1312,2
TA-02013,C-1646,1
TA-02014,C-1312,2
TA-02015,C-1312,2
TA-02016,C-1312,2
TA-02017,C-1312,2
TA-02018,C-1312,2
TA-02019,C-1312,2
TA-02020,C-1624,2
TA-02022,C-1621,2
TA-02023,C-1621,2
TA-02024,C-1621,2
TA-02025,C-1620,1
TA-02026,C-0210,1
TA-02027,C-1623,1
TA-02028,C-1623,1
TA-02029,C-1623,1
TA-02030,C-1623,1
TA-02031,C-1623,1
TA-02032,C-1623,1
TA-02033,C-1218,1
TA-02034,C-1218,1
TA-02035,C-1907,1
TA-02036,C-1907,1
TA-02037,C-1623,1
TA-02038,C-1623,1
TA-02039,C-1623,1
TA-02040,C-1624,1
TA-02041,C-1624,1
TA-02042,C-1623,1
TA-02043,C-1623,1
TA-02044,C-1623,1
TA-02045,C-1621,2
TA-02046,C-1621,2
TA-02047,C-1622,1
TA-02048,C-1640,1
TA-02049,C-1622,1
TA-02050,C-1622,1
TA-02052,C-1621,2
TA-02053,C-1621,2
TA-02054,C-1621,2
TA-02055,C-1621,2
TA-02056,C-1621,2
TA-02057,C-1621,2
TA-02058,C-1621,2
TA-02060,C-1624,2
TA-02061,C-1564,1
TA-02062,C-1817,1
TA-02063,C-1621,2
TA-02064,C-1621,2
TA-02065,C-1621,2
TA-02066,C-1625,2
TA-02067,C-1623,2
TA-02068,C-1623,2
TA-02069,C-1624,2
TA-02070,C-1624,2
TA-02071,C-1857,1
TA-02072,C-1621,2
TA-02073,C-1621,2
TA-02074,C-1621,2
TA-02075,C-1622,1
TA-02076,C-1625,1
TA-02077,C-0448,2
TA-02078,C-0448,2
TA-02079,C-1625,2
TA-02080,C-1477,1
TA-02081,C-1476,1
TA-02082,C-1817,1
TA-02083,C-1621,1
TA-02084,C-1621,2
TA-02085,C-1398,2
TA-02086,C-1845,1
TA-02087,C-1845,1
TA-02088,C-1845,1
TA-02089,C-1845,2
TA-02090,C-1621,2
TA-02091,C-1621,2
TA-02092,C-1622,2
TA-02093,C-1622,2
TA-02094,C-1620,2
TA-02095,C-1620,2
TA-02096,C-1624,2
TA-02097,C-1640,1
TA-02098,C-0444,2
TA-02099,C-0444,2
TA-02100,C-1623,1
TA-02101,C-0850,1
TA-02102,C-1312,2
TA-02103,C-1459,1
TA-02104,C-1555,1
TA-02105,C-1958,1
TA-02106,C-0834,1
TA-02107,C-1615,1
TA-02108,C-1848,2
TA-02109,C-1848,2
TA-02110,C-0448,2
TA-02111,C-1848,2
TA-02112,C-1848,2
TA-02113,C-0448,2
TA-02114,C-1420,2
TA-02115,C-1624,1
TA-02116,C-1624,1
TA-02117,C-1631,1
TA-02118,C-1621,1
TA-02119,C-1845,2
TA-02120,C-1243,2
TA-02121,C-1845,2
TA-02122,C-1352,1
TA-02123,C-1621,2
TA-02124,C-1623,1
TA-02125,C-1623,1
TA-02126,C-1623,1
TA-02127,C-1845,2
TA-02128,C-1645,2
TA-02129,C-1645,2
TA-02132,C-0225,2
TA-02133,C-0225,2
TA-02134,C-0227,2
TA-02135,C-0227,2
TA-02136,C-0227,2
TA-02137,C-0227,2
TA-02138,C-0227,2
TA-02140,C-0225,2
TA-02141,C-0225,2
TA-02148,C-0229,1
TA-02150,C-1620,2
TA-02151,C-1845,2
TA-02152,C-1621,2
TA-02153,C-1624,1
TA-02154,C-1624,1
TA-02155,C-0444,2
TA-02157,C-1313,1
TA-02158,C-1623,1
TA-02159,C-1623,1
TA-02160,C-1623,1
TA-02161,C-1623,1
TA-02162,C-1622,2
TA-02163,C-1622,2
TA-02165,C-1621,2
TA-02166,C-0448,2
TA-02167,C-0448,2
TA-02168,C-0448,2
TA-02169,C-1623,2
TA-02170,C-1622,2
TA-02171,C-1750,1
TA-02172,C-1622,2
TA-02173,C-1621,2
TA-02174,C-1621,2
TA-02175,C-1845,2
TA-02176,C-1845,2
TA-02177,C-1845,2
TA-02178,C-1845,2
TA-02179,C-1845,2
TA-02180,C-1845,2
TA-02181,C-1845,2
TA-02182,C-1623,2
TA-02183,C-1623,1
TA-02184,C-1645,1
TA-02185,C-0448,1
TA-02186,C-1312,2
TA-02188,C-1369,2
TA-02189,C-1369,2
TA-02190,C-1369,2
TA-02191,C-0280,1
TA-02193,C-1622,1
TA-02194,C-1622,1
TA-02195,C-1622,1
TA-02196,C-1622,1
TA-02197,C-1641,1
TA-02198,C-1641,1
TA-02199,C-1410,1
TA-02200,C-1622,2
TA-02201,C-1622,2
TA-02202,C-1817,1
TA-02203,C-1631,2
TA-02204,C-1621,2
TA-02205,C-1243,2
TA-02206,C-0448,2
TA-02207,C-0448,2
TA-02208,C-1243,2
TA-02209,C-1621,2
TA-02210,C-1638,2
TA-02211,C-1637,2
TA-02212,C-1621,1
TA-02213,C-1845,2
TA-02214,C-1845,2
TA-02215,C-1845,2
TA-02216,C-1845,2
TA-02217,C-1845,2
TA-02218,C-1845,2
TA-02219,C-1845,2
TA-02220,C-1621,2
TA-02221,C-1621,2
TA-02222,C-1233,1
TA-02223,C-0448,2
TA-02224,C-1622,2
TA-02227,C-1621,2
TA-02228,C-1625,1
TA-02229,C-1625,1
TA-02230,C-1750,1
TA-02231,C-1638,2
TA-02232,C-1622,2
TA-02233,C-1622,1
TA-02234,C-1622,2
TA-02235,C-1624,1
TA-02236,C-1998,1
TA-02237,C-0434,1
TA-02239,C-1506,1
TA-02240,C-1845,2
TA-02241,C-1845,2
TA-02242,C-1845,2
TA-02243,C-1621,2
TA-02244,C-1621,2
TA-02245,C-1312,2
TA-02246,C-1781,1
TA-02247,C-0829,2
TA-02252,C-0234,1
TA-02255,C-1623,1
TA-02256,C-1641,2
TA-02257,C-1621,1
TA-02258,C-1750,1
TA-02259,C-0444,2
TA-02260,C-0844,2
TA-02261,C-1622,1
TA-02262,C-1845,2
TA-02263,C-1417,1
TA-02264,C-1417,1
TA-02265,C-1417,1
TA-02266,C-1417,1
TA-02267,C-1622,2
TA-02268,C-1622,2
TA-02269,C-1313,2
TA-02270,C-1624,1
TA-02271,C-1624,1
TA-02272,C-0444,2
TA-02273,C-1312,2
TA-02274,C-1621,2
TA-02275,C-1622,2
TA-02276,C-0448,2
TA-02277,C-1621,2
TA-02278,C-1630,2
TA-02279,C-1536,1
TA-02280,C-1312,2
TA-02281,C-1641,1
TA-02282,C-1621,1
TA-02283,C-1640,1
TA-02284,C-1646,1
TA-02285,C-1640,1
TA-02286,C-1863,1
TA-02287,C-1624,2
TA-02288,C-1624,2
TA-02289,C-1624,2
TA-02290,C-1624,2
TA-02291,C-1624,2
TA-02292,C-1624,2
TA-02293,C-1622,2
TA-02294,C-1622,2
TA-02295,C-1622,2
TA-02296,C-1622,2
TA-02297,C-1622,2
TA-02298,C-1622,2
TA-02299,C-1624,2
TA-02300,C-1624,2
TA-02301,C-1624,2
TA-02302,C-1624,2
TA-02303,C-1625,1
TA-02304,C-1621,2
TA-02305,C-1621,2
TA-02306,C-1848,2
TA-02307,C-1848,2
TA-02308,C-1621,2
TA-02309,C-1312,2
TA-02310,C-1312,2
TA-02311,C-1312,2
TA-02312,C-1624,1
TA-02313,C-1624,1
TA-02314,C-1621,2
TA-02315,C-1621,2
TA-02316,C-1623,1
TA-02317,C-1482,1
TA-02319,C-1622,2
TA-02320,C-1622,2
TA-02321,C-1622,2
TA-02322,C-1621,2
TA-02323,C-1622,2
TA-02324,C-1624,1
TA-02325,C-1624,1
TA-02326,C-1624,1
TA-02327,C-1624,1
TA-02328,C-1624,2
TA-02329,C-1420,1
TA-02330,C-1621,2
TA-02331,C-1218,1
TA-02332,C-1218,1
TA-02334,C-1312,2
TA-02335,C-1312,2
TA-02336,C-1639,1
TA-02337,C-1620,1
TA-02338,C-1622,1
TA-02339,C-1623,2
TA-02340,C-0823,2
TA-02341,C-1622,2
TA-02342,C-1622,2
TA-02343,C-1625,1
TA-02344,C-1622,1
TA-02345,C-1622,1
TA-02346,C-1622,1
TA-02347,C-1622,1
TA-02348,C-1622,2
TA-02349,C-1776,1
TA-02350,C-0044,1
TA-02351,C-1779,1
TA-02352,C-1704,1
TA-02353,C-0245,1
TA-02354,C-1624,1
TA-02355,C-1621,2
TA-02356,C-1621,2
TA-02357,C-1312,2
TA-02358,C-1312,2
TA-02359,C-1312,2
TA-02360,C-1312,2
TA-02361,C-1312,2
TA-02362,C-1312,2
TA-02363,C-1312,2
TA-02364,C-1623,2
TA-02365,C-1623,2
TA-02366,C-1666,1
TA-02368,C-1639,1
TA-02369,C-1639,1
TA-02370,C-1622,1
TA-02371,C-1646,2
TA-02372,C-1622,1
TA-02373,C-1646,2
TA-02374,C-1622,1
TA-02375,C-1646,2
TA-02376,C-1622,1
TA-02377,C-1646,2
TA-02378,C-1622,1
TA-02379,C-1646,2
TA-02380,C-1622,1
TA-02381,C-1622,1
TA-02382,C-1622,1
TA-02383,C-1622,1
TA-02384,C-1624,1
TA-02385,C-1620,1
TA-02386,C-1620,1
TA-02387,C-1624,2
TA-02388,C-1621,1
TA-02389,C-1620,1
TA-02390,C-0444,2
TA-02391,C-0444,2
TA-02392,C-1615,1
TA-02393,C-1615,2
TA-02394,C-1203,1
TA-02395,C-1848,2
TA-02396,C-1848,2
TA-02397,C-1312,2
TA-02398,C-1312,2
TA-02399,C-1623,2
TA-02400,C-0457,1
TA-02401,C-0457,1
TA-02402,C-1410,2
TA-02403,C-1623,1
TA-02404,C-1422,1
TA-02405,C-1622,1
TA-02406,C-1622,1
TA-02408,C-1640,1
TA-02409,C-1646,1
TA-02410,C-1640,1
TA-02411,C-1312,2
TA-02412,C-1420,2
TA-02413,C-0444,2
TA-02414,C-0444,2
TA-02415,C-1501,1
TA-02416,C-0444,2
TA-02417,C-1621,2
TA-02418,C-1621,2
TA-02419,C-1622,2
TA-02420,C-1622,2
TA-02422,C-0065,1
TA-02423,C-1648,1
TA-02424,C-1648,1
TA-02425,C-1218,1
TA-02426,C-1638,1
TA-02427,C-1622,1
TA-02428,C-1622,1
TA-02429,C-1621,1
TA-02430,C-1622,1
TA-02431,C-1622,1
TA-02432,C-1622,1
TA-02433,C-1622,1
TA-02434,C-1621,1
TA-02435,C-1218,1
TA-02436,C-1218,1
TA-02437,C-1218,1
TA-02438,C-1218,1
TA-02439,C-1704,1
TA-02440,C-1781,1
TA-02441,C-1704,1
TA-02442,C-1781,1
TA-02443,C-1312,2
TA-02444,C-1312,2
TA-02445,C-1393,1
TA-02446,C-1621,2
TA-02447,C-1621,2
TA-02448,C-0846,1
TA-02449,C-1646,1
TA-02450,C-0111,1
TA-02451,C-1646,1
TA-02452,C-1623,1
TA-02453,C-1623,1
TA-02454,C-1621,2
TA-02455,C-1621,1
TA-02456,C-1621,1
TA-02457,C-1621,2
TA-02458,C-1626,2
TA-02459,C-1624,1
TA-02460,C-1243,2
TA-02461,C-1624,1
TA-02463,C-1954,2
TA-02464,C-1482,1
TA-02465,C-1482,1
TA-02466,C-1621,1
TA-02467,C-1622,2
TA-02468,C-1622,2
TA-02469,C-1622,2
TA-02470,C-1478,2
TA-02473,C-1623,2
TA-02474,C-1623,2
TA-02475,C-1623,1
TA-02476,C-1623,1
TA-02477,C-1203,1
TA-02478,C-1203,2
TA-02479,C-1203,2
TA-02480,C-1203,2
TA-02481,C-0250,2
TA-02482,C-0365,1
TA-02483,C-1624,1
TA-02484,C-1625,1
TA-02485,C-1624,1
TA-02486,C-1625,1
TA-02488,C-1313,1
TA-02489,C-1827,1
TA-02491,C-1621,1
TA-02492,C-1623,2
TA-02493,C-1623,2
TA-02494,C-1623,2
TA-02495,C-1646,1
TA-02496,C-1621,2
TA-02497,C-0170,1
TA-02498,C-1621,2
TA-02499,C-1621,2
TA-02500,C-1630,2
TA-02501,C-0370,1
TA-02502,C-0370,1
TA-02503,C-0370,1
TA-02504,C-1624,2
TA-02505,C-1624,2
TA-02506,C-1624,2
TA-02507,C-1624,2
TA-02508,C-1625,2
TA-02509,C-1625,2
TA-02510,C-1625,1
TA-02511,C-1625,1
TA-02512,C-1845,2
TA-02513,C-1545,1
TA-02514,C-0162,1
TA-02515,C-0162,1
TA-02516,C-1622,1
TA-02517,C-1622,2
TA-02518,C-1622,2
TA-02519,C-1622,2
TA-02520,C-1622,2
TA-02521,C-1420,1
TA-02522,C-1345,1
TA-02523,C-1622,1
TA-02524,C-1489,1
TA-02525,C-1625,1
TA-02526,C-1625,1
TA-02529,C-1420,2
TA-02530,C-1420,2
TA-02531,C-0448,1
TA-02532,C-1621,1
TA-02533,C-0165,1
TA-02534,C-0165,1
TA-02535,C-0165,1
TA-02536,C-1621,2
TA-02537,C-1495,1
TA-02538,C-1495,1
TA-02539,C-1495,1
TA-02540,C-1495,1
TA-02541,C-1845,2
TA-02542,C-1845,2
TA-02543,C-1845,2
TA-02544,C-1845,2
TA-02545,C-1420,2
TA-02546,C-1420,2
TA-02547,C-1243,2
TA-02548,C-1420,2
TA-02549,C-1420,2
TA-02552,C-1845,2
TA-02556,C-0197,1
TA-02557,C-1623,2
TA-02558,C-1750,1
TA-02559,C-1845,2
TA-02560,C-1625,1
TA-02561,C-1624,1
TA-02562,C-1845,2
TA-02564,C-1420,2
TA-02565,C-1420,2
TA-02566,C-1420,2
TA-02567,C-1420,2
TA-02568,C-1420,2
TA-02569,C-1420,2
TA-02571,C-1845,2
TA-02572,C-0448,1
TA-02573,C-1750,1
TA-02574,C-1622,2
TA-02575,C-1622,2
TA-02576,C-1768,2
TA-02577,C-1622,2
TA-02578,C-1349,1
TA-02579,C-1622,1
TA-02580,C-1621,2
TA-02581,C-1621,2
TA-02582,C-1621,2
TA-02583,C-1639,2
TA-02584,C-1624,1
TA-02585,C-1623,2
TA-02586,C-1845,2
TA-02587,C-1845,2
TA-02588,C-1845,2
TA-02589,C-1625,1
TA-02590,C-1641,2
TA-02591,C-1624,1
TA-02592,C-1624,1
TA-02593,C-1623,1
TA-02594,C-1623,1
TA-02595,C-1623,1
TA-02596,C-1624,1
TA-02597,C-0213,1
TA-02598,C-1623,1
TA-02599,C-1622,1
TA-02600,C-1622,1
TA-02601,C-1624,1
TA-02602,C-1624,1
TA-02603,C-1625,1
TA-02604,C-1625,1
TA-02605,C-1625,1
TA-02606,C-1625,1
TA-02607,C-1621,2
TA-02608,C-1622,1
TA-02609,C-1845,2
TA-02610,C-1622,2
TA-02611,C-1620,2
TA-02612,C-1781,1
TA-02613,C-1845,2
TA-02614,C-1622,2
TA-02615,C-1622,2
TA-02616,C-1622,2
TA-02617,C-1771,1
TA-02618,C-1567,1
TA-02619,C-1848,2
TA-02620,C-1420,2
TA-02621,C-1420,2
TA-02622,C-0448,2
TA-02624,C-1623,2
TA-02625,C-1623,2
TA-02626,C-1621,1
TA-02628,C-1624,1
TA-02629,C-1243,2
TA-02630,C-1622,1
TA-02631,C-0262,1
TA-02632,C-1625,2
TA-02633,C-1621,2
TA-02634,C-1621,2
TA-02635,C-1625,1
TA-02636,C-0448,1
TA-02637,C-1492,1
TA-02638,C-1492,1
TA-02639,C-0448,1
TA-02640,C-0293,1
TA-02641,C-0293,1
TA-02643,C-1625,2
TA-02644,C-1625,2
TA-02645,C-1623,1
TA-02646,C-1623,1
TA-02647,C-1623,1
TA-02648,C-1623,1
TA-02649,C-1845,2
TA-02650,C-0304,1
TA-02651,C-1845,2
TA-02652,C-1845,2
TA-02653,C-1845,2
TA-02654,C-0845,1
TA-02655,C-1625,2
TA-02656,C-1625,2
TA-02657,C-1781,2
TA-02658,C-1779,1
TA-02659,C-1621,2
TA-02660,C-1622,2
TA-02661,C-1845,2
TA-02662,C-1845,2
TA-02663,C-1845,2
TA-02664,C-1845,2
TA-02665,C-1777,1
TA-02666,C-1845,2
TA-02667,C-1845,2
TA-02668,C-1845,2
TA-02669,C-1845,2
TA-02670,C-1845,2
TA-02671,C-1845,2
TA-02672,C-1420,1
TA-02673,C-1431,1
TA-02674,C-1587,2
TA-02675,C-1623,2
TA-02676,C-1621,2
TA-02677,C-2015,1
TA-02679,C-1442,1
TA-02680,C-0451,1
TA-02681,C-1312,2
TA-02682,C-1312,2
TA-02683,C-1312,2
TA-02684,C-1312,6
TA-02685,C-1312,2
TA-02686,C-1312,2
TA-02687,C-1312,2
TA-02688,C-1312,2
TA-02689,C-1646,2
TA-02690,C-1646,2
TA-02691,C-1646,2
TA-02692,C-1646,2
TA-02693,C-1623,2
TA-02694,C-1623,2
TA-02695,C-1248,1
TA-02696,C-1646,2
TA-02697,C-1646,2
TA-02698,C-1646,2
TA-02699,C-1646,2
TA-02700,C-1624,2
TA-02701,C-1623,1
TA-02702,C-1776,1
TA-02703,C-1776,2
TA-02704,C-0365,1
TA-02705,C-1845,2
TA-02706,C-1845,2
TA-02707,C-1621,2
TA-02708,C-1622,2
TA-02710,C-1636,1
TA-02711,C-1636,1
TA-02712,C-1624,1
TA-02713,C-1624,1
TA-02714,C-1621,2
TA-02715,C-1621,2
TA-02716,C-0476,1
TA-02717,C-0441,1
TA-02718,C-0444,1
TA-02719,C-1623,1
TA-02720,C-1312,2
TA-02721,C-1312,2
TA-02722,C-1622,2
TA-02723,C-1623,1
TA-02724,C-1623,1
TA-02725,C-1640,2
TA-02726,C-1640,2
TA-02727,C-1640,2
TA-02728,C-1623,1
TA-02729,C-1623,1
TA-02730,C-1623,1
TA-02731,C-1623,1
TA-02732,C-1623,1
TA-02733,C-1621,2
TA-02735,C-1845,2
TA-02736,C-1845,2
TA-02738,C-1848,2
TA-02739,C-1848,2
TA-02740,C-1845,2
TA-02741,C-1845,2
TA-02742,C-1845,2
TA-02743,C-1243,2
TA-02744,C-1243,2
TA-02745,C-1621,2
TA-02746,C-1621,2
TA-02747,C-1624,2
TA-02748,C-1312,2
TA-02749,C-1312,2
TA-02750,C-1398,2
TA-02752,C-0282,1
TA-02753,C-0281,1
TA-02754,C-0283,1
TA-02755,C-0444,2
TA-02756,C-0444,2
TA-02757,C-1622,2
TA-02758,C-1577,2
TA-02759,C-1577,2
TA-02760,C-1577,2
TA-02761,C-1312,2
TA-02762,C-1312,2
TA-02763,C-1312,2
TA-02764,C-1312,2
TA-02765,C-1622,1
TA-02766,C-1622,1
TA-02767,C-1622,1
TA-02768,C-1624,1
TA-02769,C-1624,1
TA-02770,C-1624,1
TA-02772,C-1621,2
TA-02773,C-0444,2
TA-02774,C-0444,2
TA-02775,C-1208,2
TA-02776,C-1208,2
TA-02778,C-1622,1
TA-02779,C-1622,1
TA-02780,C-1623,2
TA-02781,C-1623,2
TA-02782,C-0210,1
TA-02783,C-1623,2
TA-02784,C-1623,1
TA-02785,C-1623,1
TA-02786,C-1398,2
TA-02787,C-1622,1
TA-02788,C-1545,1
TA-02789,C-1595,1
TA-02790,C-1625,1
TA-02791,C-1444,1
TA-02792,C-1623,1
TA-02793,C-1623,1
TA-02794,C-0365,1
TA-02795,C-1623,2
TA-02796,C-1623,2
TA-02799,C-1624,1
TA-02800,C-1646,1
TA-02801,C-1646,1
TA-02802,C-1646,1
TA-02803,C-1312,2
TA-02804,C-1621,2
TA-02805,C-1621,2
TA-02806,C-1312,2
TA-02807,C-1312,2
TA-02808,C-1312,2
TA-02809,C-1623,1
TA-02810,C-1623,1
TA-02811,C-1312,2
TA-02812,C-1622,1
TA-02813,C-1312,2
TA-02814,C-1621,2
TA-02815,C-1621,1
TA-02816,C-1622,2
TA-02817,C-1640,1
TA-02818,C-1625,1
TA-02819,C-1845,2
TA-02820,C-1845,2
TA-02821,C-1495,1
TA-02823,C-1845,2
TA-02824,C-1845,2
TA-02825,C-1243,2
TA-02826,C-1312,2
TA-02827,C-1312,2
TA-02828,C-1625,1
TA-02829,C-1623,1
TA-02830,C-1312,2
TA-02831,C-1312,2
TA-02832,C-1312,2
TA-02833,C-1621,1
TA-02834,C-1420,2
TA-02835,C-1420,2
TA-02837,C-1622,2
TA-02838,C-1622,2
TA-02839,C-1622,2
TA-02840,C-1622,2
TA-02841,C-1622,2
TA-02842,C-1622,2
TA-02843,C-1622,2
TA-02844,C-1622,2
TA-02845,C-1622,2
TA-02846,C-1622,2
TA-02847,C-1622,2
TA-02848,C-1622,2
TA-02849,C-1646,1
TA-02851,C-1621,1
TA-02852,C-1621,1
TA-02853,C-1243,2
TA-02854,C-0846,1
TA-02855,C-1845,2
TA-02856,C-1580,1
TA-02857,C-1312,2
TA-02858,C-1312,2
TA-02859,C-1622,1
TA-02860,C-1622,2
TA-02861,C-1622,2
TA-02862,C-1623,2
TA-02863,C-1624,2
TA-02864,C-0448,1
TA-02865,C-1312,2
TA-02866,C-1622,2
TA-02867,C-1344,1
TA-02868,C-1621,1
TA-02869,C-1638,2
TA-02870,C-1621,1
TA-02871,C-0292,1
TA-02872,C-0292,1
TA-02874,C-1420,2
TA-02875,C-1420,1
TA-02876,C-1355,1
TA-02877,C-1622,1
TA-02878,C-0448,1
TA-02880,C-1425,1
TA-02881,C-1817,1
TA-02882,C-1621,2
TA-02883,C-1624,1
TA-02884,C-0301,1
TA-02885,C-1641,1
TA-02886,C-0453,1
TA-02887,C-1622,2
TA-02888,C-1622,2
TA-02889,C-1622,2
TA-02890,C-1621,2
TA-02891,C-1623,1
TA-02892,C-1623,1
TA-02893,C-1313,2
TA-02894,C-1863,1
TA-02895,C-1624,2
TA-02896,C-1256,1
TA-02897,C-1621,2
TA-02898,C-1621,2
TA-02899,C-1621,2
TA-02900,C-1621,2
TA-02901,C-1624,1
TA-02902,C-1624,1
TA-02903,C-1312,2
TA-02904,C-1312,2
TA-02905,C-1312,2
TA-02906,C-0088,1
TA-02907,C-1951,1
TA-02908,C-1312,2
TA-02909,C-1312,2
TA-02910,C-1312,2
TA-02911,C-1312,2
TA-02912,C-1312,2
TA-02913,C-1312,2
TA-02914,C-1312,2
TA-02915,C-1312,2
TA-02916,C-1312,2
TA-02917,C-1312,2
TA-02918,C-1312,2
TA-02919,C-1312,2
TA-02920,C-1624,1
TA-02921,C-1626,2
TA-02922,C-1621,2
TA-02923,C-1625,1
TA-02924,C-0297,1
TA-02925,C-1874,1
TA-02926,C-1349,1
TA-02927,C-1420,2
TA-02928,C-1243,2
TA-02929,C-0448,1
TA-02930,C-1739,1
TA-02931,C-1625,2
TA-02932,C-1626,1
TA-02933,C-1639,2
TA-02936,C-1623,1
TA-02937,C-1623,1
TA-02938,C-1623,1
TA-02939,C-1623,1
TA-02940,C-1625,2
TA-02944,C-1621,2
TA-02946,C-1622,1
TA-02947,C-1622,1
TA-02948,C-1622,2
TA-02949,C-1781,2
TA-02950,C-1777,2
TA-02951,C-1781,2
TA-02952,C-1781,2
TA-02953,C-1420,1
TA-02954,C-0317,1
TA-02955,C-1622,2
TA-02956,C-1622,2
TA-02957,C-1312,2
TA-02958,C-1312,2
TA-02959,C-1312,2
TA-02960,C-1622,2
TA-02961,C-1587,2
TA-02962,C-1587,2
TA-02963,C-1621,2
TA-02964,C-1621,2
TA-02965,C-1621,2
TA-02968,C-1248,1
TA-02969,C-1248,1
TA-02970,C-1641,1
TA-02971,C-1623,1
TA-02972,C-1624,1
TA-02974,C-1622,2
TA-02975,C-1621,2
TA-02976,C-1625,2
TA-02977,C-0849,1
TA-02978,C-1621,1
TA-02979,C-1624,2
TA-02980,C-1355,1
TA-02981,C-1622,2
TA-02982,C-1622,2
TA-02983,C-1621,2
TA-02984,C-1621,1
TA-02985,C-1637,1
TA-02986,C-1621,1
TA-02987,C-1620,1
TA-02988,C-1624,2
TA-02989,C-1624,2
TA-02991,C-0292,1
TA-02992,C-0312,1
TA-02993,C-0312,1
TA-02994,C-0292,1
TA-02995,C-0310,1
TA-02996,C-0308,1
TA-02997,C-0308,1
TA-02998,C-1420,2
TA-02999,C-1420,2
TA-03000,C-1848,2
TA-03001,C-1420,2
TA-03002,C-1420,2
TA-03003,C-1420,2
TA-03004,C-1420,2
TA-03005,C-1420,2
TA-03006,C-1624,1
TA-03007,C-1624,1
TA-03008,C-0316,1
TA-03009,C-1378,1
TA-03010,C-1624,2
TA-03011,C-1624,2
TA-03012,C-1621,2
TA-03013,C-1621,2
TA-03014,C-1312,2
TA-03015,C-1312,2
TA-03016,C-1621,2
TA-03017,C-1621,2
TA-03018,C-1621,2
TA-03019,C-1621,2
TA-03020,C-1621,2
TA-03021,C-1621,2
TA-03025,C-1620,2
TA-03026,C-1620,2
TA-03027,C-0448,2
TA-03028,C-1623,1
TA-03029,C-1623,1
TA-03030,C-1848,2
TA-03031,C-1623,1
TA-03032,C-0318,2
TA-03033,C-0318,2
TA-03034,C-0318,2
TA-03035,C-0318,2
TA-03036,C-1629,1
TA-03037,C-1621,2
TA-03038,C-1621,2
TA-03039,C-1621,2
TA-03040,C-1621,2
TA-03041,C-1621,2
TA-03042,C-0844,2
TA-03043,C-1623,1
TA-03044,C-1623,1
TA-03047,C-1621,1
TA-03048,C-1624,2
TA-03049,C-1624,2
TA-03050,C-1622,2
TA-03051,C-1647,2
TA-03052,C-1647,2
TA-03053,C-1647,2
TA-03054,C-1624,1
TA-03055,C-1624,1
TA-03056,C-1750,1
TA-03057,C-1621,1
TA-03058,C-1750,1
TA-03059,C-1506,1
TA-03060,C-1622,2
TA-03061,C-1621,2
TA-03062,C-1624,2
TA-03063,C-1624,2
TA-03064,C-1624,2
TA-03065,C-1624,2
TA-03066,C-1243,2
TA-03067,C-1345,1
TA-03068,C-1993,1
TA-03069,C-1621,2
TA-03070,C-1621,2
TA-03071,C-1621,2
TA-03072,C-1621,2
TA-03073,C-1621,2
TA-03074,C-1625,2
TA-03076,C-1623,2
TA-03077,C-1551,1
TA-03078,C-0448,2
TA-03079,C-0448,2
TA-03080,C-0830,2
TA-03081,C-0830,2
TA-03082,C-0444,2
TA-03083,C-1621,2
TA-03090,C-1623,1
TA-03091,C-1623,1
TA-03092,C-1623,1
TA-03093,C-1623,1
TA-03094,C-1623,1
TA-03095,C-1623,1
TA-03097,C-1623,1
TA-03099,C-1642,1
TA-03100,C-1642,1
TA-03101,C-1622,2
TA-03102,C-1623,2
TA-03103,C-1640,1
TA-03105,C-1845,2
TA-03106,C-1845,2
TA-03107,C-1845,2
TA-03108,C-1845,2
TA-03109,C-1845,2
TA-03110,C-1845,2
TA-03111,C-1845,2
TA-03112,C-1845,2
TA-03113,C-1431,1
TA-03115,C-1845,2
TA-03116,C-1845,2
TA-03117,C-1845,2
TA-03118,C-1845,2
TA-03119,C-1845,2
TA-03120,C-1647,2
TA-03121,C-1647,2
TA-03122,C-1647,2
TA-03123,C-1553,1
TA-03124,C-1575,1
TA-03125,C-0162,1
TA-03126,C-1623,2
TA-03127,C-1623,2
TA-03128,C-1623,2
TA-03129,C-1623,2
TA-03130,C-1623,2
TA-03131,C-1623,2
TA-03132,C-1623,2
TA-03133,C-1623,2
TA-03134,C-1623,2
TA-03135,C-1623,2
TA-03136,C-1623,2
TA-03137,C-1623,2
TA-03138,C-1625,2
TA-03139,C-1625,2
TA-03140,C-1620,2
TA-03141,C-1620,2
TA-03142,C-1620,2
TA-03143,C-1620,2
TA-03144,C-1620,2
TA-03145,C-1620,2
TA-03146,C-1620,2
TA-03147,C-1620,2
TA-03148,C-1620,2
TA-03149,C-1620,4
TA-03150,C-1622,2
TA-03151,C-0448,2
TA-03152,C-1738,1
TA-03153,C-1625,1
TA-03154,C-1621,1
TA-03155,C-1621,1
TA-03156,C-1312,2
TA-03157,C-1845,2
TA-03158,C-0457,1
TA-03159,C-0457,1
TA-03160,C-0330,2
TA-03161,C-1623,2
TA-03162,C-1623,2
TA-03163,C-1623,1
TA-03164,C-1623,1
TA-03165,C-1420,2
TA-03166,C-1420,2
TA-03167,C-1420,2
TA-03168,C-1420,2
TA-03169,C-1623,2
TA-03170,C-1533,1
TA-03171,C-1420,2
TA-03172,C-1420,2
TA-03176,C-1420,2
TA-03179,C-1848,2
TA-03181,C-0448,2
TA-03182,C-1420,2
TA-03183,C-1622,2
TA-03184,C-1848,2
TA-03185,C-1621,2
TA-03186,C-1621,2
TA-03187,C-0448,2
TA-03188,C-0448,2
TA-03189,C-0448,2
TA-03190,C-0448,2
TA-03191,C-0448,2
TA-03192,C-1621,2
TA-03193,C-1621,2
TA-03194,C-1621,2
TA-03195,C-1621,2
TA-03196,C-1621,1
TA-03197,C-1696,1
TA-03198,C-1521,1
TA-03199,C-1622,1
TA-03200,C-1621,1
TA-03201,C-1625,1
TA-03202,C-1417,1
TA-03203,C-1417,1
TA-03204,C-0376,1
TA-03205,C-1649,1
TA-03206,C-1622,2
TA-03207,C-1243,2
TA-03208,C-1243,2
TA-03209,C-0444,1
TA-03210,C-1848,2
TA-03211,C-1218,1
TA-03212,C-1218,1
TA-03213,C-0103,1
TA-03214,C-1845,2
TA-03215,C-1845,2
TA-03216,C-1750,1
TA-03219,C-0448,2
TA-03220,C-1845,2
TA-03222,C-1624,2
TA-03223,C-1624,2
TA-03224,C-1621,1
TA-03225,C-1621,1
TA-03227,C-1420,1
TA-03228,C-0168,1
TA-03229,C-0172,1
TA-03230,C-1621,1
TA-03233,C-1624,1
TA-03234,C-1647,2
TA-03235,C-0448,2
TA-03236,C-1848,2
TA-03237,C-1848,2
TA-03238,C-0448,2
TA-03239,C-0448,2
TA-03240,C-1997,1
TA-03241,C-0448,2
TA-03243,C-1624,1
TA-03244,C-1623,1
TA-03245,C-1623,1
TA-03246,C-1625,1
TA-03247,C-1623,1
TA-03248,C-1623,1
TA-03249,C-1623,2
TA-03250,C-1625,1
TA-03251,C-1625,1
TA-03252,C-1218,1
TA-03253,C-1907,1
TA-03254,C-1625,2
TA-03255,C-1642,2
TA-03256,C-0165,1
TA-03257,C-1649,2
TA-03258,C-1622,1
TA-03259,C-1243,2
TA-03260,C-1702,1
TA-03261,C-1625,2
TA-03262,C-1624,2
TA-03263,C-1622,1
TA-03264,C-1624,1
TA-03265,C-1649,2
TA-03266,C-1624,2
TA-03267,C-1624,2
TA-03268,C-1621,2
TA-03269,C-1621,2
TA-03270,C-1621,2
TA-03271,C-1621,2
TA-03272,C-1621,2
TA-03273,C-1621,2
TA-03274,C-1621,2
TA-03275,C-1621,2
TA-03276,C-1420,2
TA-03277,C-1622,2
TA-03278,C-1622,1
TA-03279,C-1623,1
TA-03280,C-1621,2
TA-03281,C-1621,2
TA-03282,C-1621,2
TA-03283,C-1624,1
TA-03284,C-1624,1
TA-03285,C-1622,1
TA-03286,C-1622,1
TA-03287,C-1649,2
TA-03288,C-1622,2
TA-03289,C-1622,2
TA-03290,C-1623,2
TA-03291,C-0462,1
TA-03292,C-1624,2
TA-03293,C-1624,1
TA-03295,C-1624,1
TA-03296,C-1622,2
TA-03297,C-1624,1
TA-03298,C-1622,2
TA-03299,C-1622,2
TA-03300,C-1622,2
TA-03301,C-1623,1
TA-03302,C-1907,1
TA-03303,C-1218,1
TA-03304,C-1623,2
TA-03305,C-1625,2
TA-03306,C-1622,2
TA-03307,C-0448,1
TA-03308,C-0440,1
TA-03309,C-1845,2
TA-03310,C-1845,2
TA-03311,C-1845,2
TA-03312,C-1620,2
TA-03313,C-1623,1
TA-03314,C-1625,2
TA-03315,C-0846,1
TA-03316,C-1621,1
TA-03317,C-1622,2
TA-03318,C-1622,2
TA-03319,C-1620,2
TA-03320,C-1620,2
TA-03321,C-1623,1
TA-03322,C-0823,2
TA-03323,C-1624,1
TA-03324,C-1624,1
TA-03325,C-1624,1
TA-03326,C-1624,1
TA-03327,C-1621,1
TA-03328,C-1420,2
TA-03329,C-1714,2
TA-03331,C-1229,2
TA-03332,C-1229,2
TA-03333,C-1229,2
TA-03334,C-1229,2
TA-03335,C-0823,2
TA-03336,C-0823,2
TA-03337,C-1641,2
TA-03338,C-1642,2
TA-03339,C-1625,2
TA-03340,C-1622,2
TA-03341,C-1625,1
TA-03342,C-1620,2
TA-03343,C-1229,2
TA-03344,C-1229,2
TA-03345,C-1229,2
TA-03346,C-1737,2
TA-03347,C-1622,1
TA-03348,C-1622,1
TA-03349,C-1624,2
TA-03350,C-1621,2
TA-03351,C-0823,2
TA-03352,C-1622,1
TA-03353,C-1339,1
TA-03354,C-1623,2
TA-03355,C-1622,2
TA-03356,C-1621,2
TA-03357,C-1617,1
TA-03358,C-1625,2
TA-03359,C-1625,1
TA-03360,C-1624,1
TA-03362,C-1621,2
TA-03363,C-0823,2
TA-03364,C-0823,2
TA-03365,C-1848,2
TA-03366,C-0823,2
TA-03367,C-1622,2
TA-03368,C-0448,2
TA-03369,C-1894,1
TA-03370,C-0823,2
TA-03371,C-0231,1
TA-03372,C-1426,1
TA-03374,C-1615,1
TA-03375,C-0193,1
TA-03377,C-1420,2
TA-03378,C-1622,2
TA-03379,C-1624,2
TA-03380,C-0813,1
TA-03381,C-1620,1
TA-03382,C-1620,1
TA-03383,C-1620,1
TA-03384,C-1620,1
TA-03385,C-1620,2
TA-03386,C-1620,2
TA-03387,C-1212,2
TA-03388,C-1212,2
TA-03389,C-1622,2
TA-03390,C-1624,2
TA-03391,C-1624,1
TA-03392,C-1624,1
TA-03393,C-1623,1
TA-03394,C-1623,1
TA-03395,C-1623,1
TA-03396,C-1621,2
TA-03397,C-1620,2
TA-03398,C-0448,2
TA-03400,C-1970,1
TA-03401,C-0448,2
TA-03402,C-1624,1
TA-03403,C-1845,2
TA-03404,C-0444,2
TA-03405,C-1623,2
TA-03406,C-1623,2
TA-03407,C-1647,2
TA-03408,C-1624,1
TA-03409,C-1640,2
TA-03410,C-1620,2
TA-03411,C-1620,2
TA-03412,C-1624,1
TA-03413,C-1208,1
TA-03414,C-1623,2
TA-03415,C-1622,2
TA-03416,C-1622,2
TA-03417,C-1623,2
TA-03418,C-1622,2
TA-03419,C-1622,2
TA-03420,C-1621,2
TA-03421,C-1796,1
TA-03422,C-1624,1
TA-03423,C-1365,1
TA-03424,C-0448,1
TA-03425,C-1621,2
TA-03426,C-1624,1
TA-03427,C-1624,1
TA-03428,C-1622,1
TA-03429,C-1622,1
TA-03430,C-1622,1
TA-03431,C-1621,2
TA-03432,C-1621,2
TA-03433,C-1624,2
TA-03434,C-1621,2
TA-03435,C-1621,2
TA-03436,C-1621,2
TA-03437,C-1621,2
TA-03438,C-1621,2
TA-03439,C-1621,2
TA-03440,C-1621,2
TA-03441,C-1621,2
TA-03442,C-1621,2
TA-03443,C-1621,2
TA-03444,C-1621,2
TA-03445,C-1621,2
TA-03446,C-1621,2
TA-03447,C-1621,2
TA-03448,C-1621,2
TA-03449,C-1621,2
TA-03450,C-1621,2
TA-03451,C-1621,2
TA-03452,C-1621,2
TA-03453,C-1621,2
TA-03454,C-1622,2
TA-03455,C-1622,2
TA-03456,C-1621,2
TA-03457,C-1621,2
TA-03458,C-1621,2
TA-03459,C-1621,2
TA-03460,C-1621,2
TA-03461,C-1621,2
TA-03462,C-1624,1
TA-03463,C-1845,2
TA-03464,C-1420,2
TA-03465,C-1420,2
TA-03466,C-1420,2
TA-03467,C-0396,1
TA-03468,C-1621,1
TA-03469,C-1621,2
TA-03470,C-1198,1
TA-03471,C-1622,2
TA-03472,C-1622,2
TA-03473,C-1845,2
TA-03474,C-1845,2
TA-03475,C-1845,2
TA-03477,C-1622,2
TA-03478,C-1622,2
TA-03479,C-1420,2
TA-03480,C-1624,2
TA-03481,C-1845,2
TA-03482,C-1845,2
TA-03483,C-1620,2
TA-03484,C-1555,1
TA-03485,C-1207,1
TA-03486,C-1207,1
TA-03487,C-0448,2
TA-03488,C-0448,2
TA-03489,C-1625,1
TA-03490,C-0448,2
TA-03491,C-1620,2
TA-03492,C-1620,2
TA-03493,C-0526,1
TA-03494,C-1620,1
TA-03495,C-1620,1
TA-03496,C-1620,1
TA-03497,C-1620,2
TA-03498,C-1620,1
TA-03499,C-1620,1
TA-03500,C-1620,2
TA-03501,C-1620,2
TA-03502,C-1621,1
TA-03503,C-1638,2
TA-03504,C-1621,1
TA-03505,C-1621,2
TA-03506,C-1412,1
TA-03507,C-1625,1
TA-03509,C-1622,2
TA-03510,C-1622,2
TA-03511,C-1622,2
TA-03512,C-1622,2
TA-03513,C-1622,2
TA-03514,C-1312,2
TA-03515,C-1312,2
TA-03516,C-1312,2
TA-03517,C-1427,1
TA-03519,C-1626,1
TA-03520,C-1620,2
TA-03521,C-1624,1
TA-03523,C-1625,2
TA-03524,C-1639,2
TA-03525,C-1637,1
TA-03526,C-1625,2
TA-03527,C-1420,2
TA-03528,C-1420,2
TA-03529,C-1817,1
TA-03530,C-1620,2
TA-03532,C-1622,2
TA-03533,C-1623,2
TA-03534,C-1623,2
TA-03535,C-1622,1
TA-03536,C-1621,2
TA-03537,C-1894,1
TA-03538,C-1620,1
TA-03539,C-1625,1
TA-03540,C-1642,2
TA-03541,C-0008,1
TA-03542,C-1549,1
TA-03543,C-1623,1
TA-03544,C-1621,2
TA-03545,C-1621,2
TA-03546,C-1620,2
TA-03547,C-1948,1
TA-03548,C-1649,2
TA-03549,C-1625,2
TA-03550,C-1623,2
TA-03551,C-0840,1
TA-03552,C-1621,2
TA-03554,C-1624,1
TA-03555,C-1355,1
TA-03556,C-1845,2
TA-03557,C-1845,2
TA-03558,C-1845,2
TA-03559,C-1845,2
TA-03560,C-1845,2
TA-03561,C-1845,2
TA-03562,C-1845,2
TA-03563,C-1420,2
TA-03564,C-1420,2
TA-03565,C-1420,2
TA-03566,C-1845,2
TA-03567,C-1845,2
TA-03569,C-1626,1
TA-03570,C-1420,2
TA-03571,C-1622,2
TA-03572,C-0448,2
TA-03573,C-1925,1
TA-03575,C-1777,1
TA-03576,C-1845,2
TA-03577,C-1845,2
TA-03578,C-1845,2
TA-03579,C-0364,1
TA-03580,C-0366,1
TA-03581,C-1620,1
TA-03582,C-1620,1
TA-03583,C-1203,2
TA-03584,C-1627,2
TA-03585,C-1622,1
TA-03586,C-1622,1
TA-03587,C-1622,2
TA-03588,C-1621,2
TA-03589,C-1621,1
TA-03590,C-1622,1
TA-03591,C-1620,2
TA-03592,C-1620,2
TA-03593,C-1623,2
TA-03594,C-1624,1
TA-03595,C-1624,1
TA-03596,C-1312,2
TA-03597,C-1312,2
TA-03598,C-0444,1
TA-03599,C-1624,1
TA-03600,C-1623,1
TA-03601,C-1647,2
TA-03602,C-1647,2
TA-03603,C-1621,2
TA-03604,C-1623,1
TA-03607,C-1620,2
TA-03608,C-0448,2
TA-03609,C-0448,2
TA-03610,C-1487,1
TA-03611,C-1622,2
TA-03612,C-1621,2
TA-03613,C-1621,2
TA-03614,C-1622,2
TA-03615,C-1622,2
TA-03616,C-1622,2
TA-03617,C-1625,1
TA-03618,C-1622,2
TA-03619,C-1621,2
TA-03621,C-1845,2
TA-03622,C-1624,2
TA-03623,C-1623,2
TA-03624,C-1642,1
TA-03625,C-1620,1
TA-03626,C-1622,1
TA-03627,C-1621,2
TA-03628,C-0448,2
TA-03629,C-1622,2
TA-03630,C-1621,2
TA-03631,C-1647,2
TA-03632,C-1625,1
TA-03633,C-0448,2
TA-03634,C-1647,2
TA-03635,C-1647,2
TA-03636,C-1620,2
TA-03637,C-1620,2
TA-03638,C-1621,1
TA-03639,C-0444,2
TA-03640,C-0444,2
TA-03641,C-1624,1
TA-03642,C-1425,1
TA-03643,C-1817,1
TA-03644,C-1621,1
TA-03645,C-1621,2
TA-03646,C-1621,2
TA-03647,C-1647,2
TA-03648,C-0305,1
TA-03649,C-1620,2
TA-03650,C-1620,2
TA-03651,C-1623,1
TA-03652,C-1620,2
TA-03653,C-1620,1
TA-03654,C-1620,2
TA-03655,C-1620,1
TA-03656,C-1620,2
TA-03657,C-1620,1
TA-03658,C-1420,1
TA-03659,C-1420,1
TA-03660,C-1639,2
TA-03661,C-1622,1
TA-03662,C-1622,1
TA-03664,C-1243,2
TA-03665,C-1253,1
TA-03666,C-1620,2
TA-03667,C-1620,2
TA-03668,C-1218,1
TA-03669,C-1622,1
TA-03670,C-1621,1
TA-03671,C-1622,1
TA-03672,C-1621,2
TA-03673,C-1621,2
TA-03674,C-1621,2
TA-03675,C-1624,2
TA-03676,C-1621,2
TA-03677,C-1518,1
TA-03678,C-1620,2
TA-03679,C-1620,2
TA-03680,C-1620,2
TA-03681,C-1620,2
TA-03682,C-1620,2
TA-03683,C-1623,2
TA-03685,C-0434,1
TA-03686,C-1625,2
TA-03687,C-1420,1
TA-03688,C-1620,2
TA-03689,C-1845,2
TA-03690,C-1243,2
TA-03691,C-1620,2
TA-03692,C-1620,1
TA-03693,C-1622,1
TA-03694,C-1624,2
TA-03695,C-1621,2
TA-03696,C-1621,2
TA-03697,C-1845,2
TA-03698,C-0448,2
TA-03699,C-1845,2
TA-03700,C-1622,1
TA-03702,C-1229,1
TA-03703,C-1625,2
TA-03704,C-1625,2
TA-03705,C-1411,1
TA-03706,C-1622,2
TA-03707,C-1622,2
TA-03708,C-1621,1
TA-03709,C-1622,2
TA-03710,C-1622,2
TA-03711,C-1622,2
TA-03712,C-1622,1
TA-03713,C-1845,2
TA-03714,C-1484,1
TA-03715,C-1647,2
TA-03717,C-0385,1
TA-03718,C-1625,1
TA-03719,C-1641,2
TA-03720,C-1624,1
TA-03721,C-1624,1
TA-03722,C-1621,2
TA-03723,C-1243,2
TA-03724,C-1312,1
TA-03725,C-1332,1
TA-03726,C-1208,1
TA-03727,C-0074,2
TA-03728,C-1781,2
TA-03729,C-1622,1
TA-03730,C-1622,2
TA-03731,C-1622,2
TA-03732,C-1622,2
TA-03733,C-1622,2
TA-03734,C-1750,1
TA-03735,C-1641,1
TA-03736,C-1641,1
TA-03737,C-1641,1
TA-03738,C-1641,1
TA-03739,C-1312,2
TA-03740,C-1312,2
TA-03741,C-1312,2
TA-03742,C-1312,2
TA-03743,C-1312,2
TA-03744,C-1312,2
TA-03745,C-1312,2
TA-03746,C-1312,2
TA-03747,C-1312,2
TA-03748,C-1312,2
TA-03749,C-1312,2
TA-03750,C-1312,2
TA-03751,C-1312,2
TA-03752,C-1312,2
TA-03753,C-1312,2
TA-03754,C-1312,2
TA-03755,C-1645,2
TA-03756,C-1645,2
TA-03757,C-1645,2
TA-03758,C-1645,2
TA-03759,C-1645,2
TA-03760,C-1645,2
TA-03761,C-1645,2
TA-03762,C-1645,2
TA-03763,C-1312,2
TA-03764,C-1622,1
TA-03765,C-1621,2
TA-03766,C-1621,2
TA-03767,C-1538,1
TA-03768,C-0817,1
TA-03769,C-0817,1
TA-03770,C-1845,2
TA-03771,C-1845,2
TA-03772,C-1845,2
TA-03773,C-1845,2
TA-03774,C-1845,2
TA-03775,C-1845,2
TA-03776,C-1845,2
TA-03777,C-1354,1
TA-03778,C-1621,2
TA-03779,C-1243,2
TA-03780,C-1243,2
TA-03781,C-0448,1
TA-03782,C-0448,1
TA-03783,C-0448,1
TA-03784,C-0448,1
TA-03786,C-1426,1
TA-03787,C-1312,2
TA-03788,C-1623,2
TA-03789,C-1621,1
TA-03790,C-1621,2
TA-03791,C-1621,2
TA-03792,C-1621,2
TA-03793,C-1621,2
TA-03794,C-1623,1
TA-03795,C-1753,5
TA-03796,C-1622,2
TA-03797,C-1622,2
TA-03799,C-1845,2
TA-03800,C-1817,1
TA-03801,C-1555,1
TA-03802,C-1420,1
TA-03803,C-1845,1
TA-03804,C-1233,1
TA-03805,C-1420,2
TA-03806,C-1622,2
TA-03807,C-1845,2
TA-03808,C-1845,2
TA-03809,C-1640,2
TA-03810,C-1623,2
TA-03811,C-1623,2
TA-03812,C-1624,1
TA-03813,C-1623,1
TA-03816,C-1312,2
TA-03817,C-1312,2
TA-03818,C-1622,2
TA-03819,C-1622,2
TA-03820,C-1622,2
TA-03821,C-1621,2
TA-03822,C-0448,2
TA-03823,C-1620,1
TA-03824,C-1637,2
TA-03825,C-1637,2
TA-03827,C-1860,1
TA-03828,C-0199,1
TA-03829,C-0848,1
TA-03830,C-1845,2
TA-03831,C-1845,2
TA-03832,C-1845,2
TA-03833,C-1628,2
TA-03834,C-0848,1
TA-03835,C-1641,2
TA-03837,C-0199,1
TA-03838,C-0087,1
TA-03841,C-1622,2
TA-03842,C-1420,2
TA-03843,C-0444,2
TA-03844,C-1623,2
TA-03846,C-1622,2
TA-03847,C-1622,2
TA-03848,C-1622,2
TA-03849,C-1622,1
TA-03850,C-1845,2
TA-03851,C-1621,2
TA-03852,C-1781,1
TA-03853,C-1624,2
TA-03854,C-1622,2
TA-03855,C-1622,1
TA-03856,C-1622,1
TA-03857,C-1781,1
TA-03858,C-1622,1
TA-03859,C-1622,1
TA-03860,C-1621,2
TA-03861,C-1621,2
TA-03862,C-1621,2
TA-03863,C-1621,2
TA-03864,C-1625,2
TA-03865,C-1203,1
TA-03866,C-1622,2
TA-03867,C-1622,2
TA-03868,C-1845,2
TA-03869,C-1845,2
TA-03870,C-1781,2
TA-03872,C-1779,1
TA-03873,C-1779,1
TA-03874,C-1622,2
TA-03875,C-1849,1
TA-03877,C-1506,1
TA-03878,C-1420,2
TA-03879,C-1624,1
TA-03881,C-1625,2
TA-03882,C-1625,2
TA-03883,C-1621,2
TA-03884,C-1622,1
TA-03885,C-1622,1
TA-03886,C-1622,1
TA-03887,C-1622,1
TA-03888,C-1622,1
TA-03889,C-1622,1
TA-03890,C-1622,2
TA-03891,C-1622,2
TA-03892,C-1622,2
TA-03893,C-1622,2
TA-03894,C-1750,1
TA-03895,C-2015,1
TA-03896,C-1369,1
TA-03897,C-1622,2
TA-03898,C-1622,2
TA-03899,C-1622,2
TA-03900,C-1622,2
TA-03901,C-1622,2
TA-03902,C-1622,2
TA-03903,C-1622,2
TA-03904,C-1622,2
TA-03905,C-1621,2
TA-03906,C-1621,2
TA-03907,C-1622,2
TA-03908,C-1243,2
TA-03909,C-1435,2
TA-03910,C-1622,2
TA-03911,C-1622,1
TA-03912,C-1623,1
TA-03913,C-1622,2
TA-03915,C-1845,2
TA-03916,C-1225,1
TA-03917,C-1642,2
TA-03918,C-1642,2
TA-03919,C-0096,4
TA-03920,C-0415,2
TA-03921,C-0415,2
TA-03922,C-0414,2
TA-03923,C-0414,2
TA-03924,C-0092,1
TA-03925,C-0092,1
TA-03926,C-0092,1
TA-03927,C-0415,2
TA-03928,C-0415,2
TA-03929,C-1701,1
TA-03930,C-1621,2
TA-03933,C-0009,1
TA-03934,C-0227,2
TA-03935,C-0227,2
TA-03936,C-0227,2
TA-03937,C-0227,2
TA-03938,C-0227,2
TA-03941,C-0227,2
TA-03942,C-0227,2
TA-03943,C-0390,2
TA-03944,C-0390,2
TA-03945,C-0390,2
TA-03946,C-1385,2
TA-03947,C-1385,2
TA-03948,C-1385,2
TA-03954,C-0227,2
TA-03956,C-1352,1
TA-03957,C-1623,1
TA-03958,C-1701,1
TA-03959,C-1701,1
TA-03960,C-1848,1
TA-03961,C-1848,2
TA-03962,C-0357,1
TA-03963,C-0844,2
TA-03964,C-1625,2
TA-03965,C-1621,2
TA-03966,C-1621,2
TA-03969,C-1420,2
TA-03970,C-1420,2
TA-03973,C-1420,2
TA-03974,C-1420,2
TA-03975,C-1420,2
TA-03976,C-1420,2
TA-03977,C-1420,2
TA-03978,C-1621,2
TA-03979,C-1420,2
TA-03980,C-1624,1
TA-03981,C-1344,1
TA-03982,C-1781,2
TA-03983,C-1779,1
TA-03984,C-1420,2
TA-03985,C-1420,2
TA-03987,C-1420,2
TA-03988,C-1420,2
TA-03989,C-1848,2
TA-03991,C-1621,2
TA-03992,C-1621,2
TA-03993,C-1621,2
TA-03994,C-1621,2
TA-03995,C-1845,2
TA-03996,C-1463,1
TA-03997,C-1845,2
TA-03998,C-1312,2
TA-03999,C-1312,2
TA-04000,C-0448,2
TA-04001,C-1626,1
TA-04002,C-1626,1
TA-04003,C-1642,2
TA-04004,C-1642,2
TA-04005,C-1817,1
TA-04006,C-1622,2
TA-04007,C-1622,2
TA-04008,C-1622,2
TA-04009,C-1624,1
TA-04010,C-1649,2
TA-04011,C-1649,2
TA-04012,C-1623,1
TA-04013,C-1623,1
TA-04014,C-1647,2
TA-04015,C-1647,2
TA-04016,C-0448,2
TA-04017,C-1622,2
TA-04018,C-1622,2
TA-04019,C-1621,2
TA-04020,C-1903,1
TA-04021,C-1620,2
TA-04022,C-1378,1
TA-04023,C-0444,1
TA-04024,C-1625,1
TA-04025,C-1621,2
TA-04026,C-1623,1
TA-04027,C-1623,1
TA-04028,C-1623,1
TA-04029,C-1623,1
TA-04030,C-1218,1
TA-04031,C-1218,1
TA-04032,C-1625,1
TA-04033,C-1649,1
TA-04034,C-1620,2
TA-04035,C-1420,2
TA-04036,C-1420,2
TA-04037,C-1420,2
TA-04038,C-1420,2
TA-04039,C-1622,2
TA-04040,C-1242,1
TA-04041,C-1622,1
TA-04042,C-1781,1
TA-04043,C-1621,1
TA-04044,C-1621,2
TA-04045,C-1621,2
TA-04046,C-1781,2
TA-04047,C-1779,1
TA-04048,C-1313,1
TA-04049,C-1622,1
TA-04050,C-1621,2
TA-04054,C-1420,2
TA-04055,C-1420,2
TA-04056,C-1420,2
TA-04057,C-1243,2
TA-04058,C-1641,2
TA-04062,C-1243,2
TA-04063,C-1243,2
TA-04064,C-1312,1
TA-04065,C-1625,1
TA-04066,C-1848,2
TA-04067,C-1848,2
TA-04068,C-1848,2
TA-04069,C-1848,2
TA-04070,C-1420,2
TA-04071,C-0448,2
TA-04072,C-0105,1
TA-04073,C-0414,2
TA-04074,C-0414,2
TA-04075,C-0415,2
TA-04076,C-0415,2
TA-04077,C-0415,2
TA-04078,C-0415,2
TA-04079,C-0101,2
TA-04080,C-0101,1
TA-04081,C-0414,1
TA-04082,C-0414,1
TA-04083,C-0101,1
TA-04084,C-0101,1
TA-04085,C-0101,1
TA-04086,C-0101,1
TA-04087,C-0414,1
TA-04088,C-0414,1
TA-04089,C-0101,1
TA-04090,C-0101,1
TA-04091,C-1354,1
TA-04092,C-1420,2
TA-04093,C-0444,2
TA-04094,C-1577,1
TA-04095,C-1577,2
TA-04096,C-1420,1
TA-04097,C-1420,2
TA-04098,C-1243,2
TA-04099,C-1625,2
TA-04100,C-1625,2
TA-04101,C-1621,2
TA-04102,C-1449,1
TA-04103,C-0448,2
TA-04104,C-0448,2
TA-04105,C-1220,1
TA-04106,C-1231,1
TA-04108,C-0199,1
TA-04109,C-1622,1
TA-04110,C-1646,2
TA-04111,C-1646,2
TA-04112,C-1622,2
TA-04113,C-1622,2
TA-04115,C-1624,1
TA-04116,C-1622,2
TA-04117,C-1622,2
TA-04118,C-1621,2
TA-04119,C-1621,2
TA-04120,C-1778,1
TA-04121,C-1790,1
TA-04122,C-1312,2
TA-04123,C-1312,2
TA-04124,C-1621,2
TA-04125,C-1621,2
TA-04126,C-1621,2
TA-04127,C-1621,2
TA-04128,C-1312,2
TA-04129,C-1312,2
TA-04130,C-1312,2
TA-04131,C-1312,2
TA-04132,C-1624,1
TA-04133,C-1621,1
TA-04134,C-1312,2
TA-04135,C-1312,2
TA-04136,C-1312,2
TA-04137,C-1312,2
TA-04138,C-1312,2
TA-04139,C-1312,2
TA-04140,C-1312,2
TA-04141,C-1312,2
TA-04142,C-1312,2
TA-04143,C-1312,2
TA-04144,C-1312,2
TA-04145,C-1621,2
TA-04146,C-1312,2
TA-04147,C-1312,2
TA-04148,C-1312,2
TA-04149,C-1312,2
TA-04150,C-1312,2
TA-04151,C-1312,2
TA-04152,C-1312,2
TA-04153,C-1312,2
TA-04154,C-1622,1
TA-04155,C-1312,2
TA-04156,C-1312,2
TA-04157,C-1620,2
TA-04158,C-1620,2
TA-04159,C-1621,2
TA-04160,C-1621,2
TA-04161,C-1621,2
TA-04162,C-1621,2
TA-04163,C-1621,2
TA-04164,C-1622,2
TA-04165,C-1620,2
TA-04166,C-1312,2
TA-04167,C-1312,2
TA-04168,C-1637,2
TA-04169,C-1637,2
TA-04170,C-1621,2
TA-04171,C-1620,2
TA-04172,C-1623,1
TA-04173,C-1623,1
TA-04174,C-1625,2
TA-04175,C-1621,2
TA-04177,C-1624,1
TA-04178,C-0829,1
TA-04179,C-1845,2
TA-04180,C-1625,2
TA-04181,C-1625,2
TA-04182,C-1625,2
TA-04183,C-1625,1
TA-04189,C-0813,1
TA-04190,C-1624,2
TA-04191,C-1620,2
TA-04192,C-1620,2
TA-04193,C-0444,2
TA-04195,C-1624,1
TA-04196,C-1624,1
TA-04197,C-1243,1
TA-04198,C-1625,1
TA-04199,C-1625,1
TA-04200,C-1624,1
TA-04201,C-1624,1
TA-04203,C-0398,1
TA-04204,C-1622,2
TA-04205,C-1622,1
TA-04206,C-1622,2
TA-04207,C-1625,1
TA-04208,C-1621,2
TA-04209,C-1860,1
TA-04210,C-1781,2
TA-04211,C-1621,2
TA-04214,C-0823,2
TA-04215,C-0210,1
TA-04216,C-1623,2
TA-04217,C-1623,2
TA-04218,C-1623,2
TA-04219,C-1623,2
TA-04220,C-1623,2
TA-04221,C-1621,2
TA-04222,C-1623,1
TA-04223,C-1623,1
TA-04224,C-1621,2
TA-04225,C-1623,2
TA-04226,C-1623,2
TA-04227,C-1623,1
TA-04228,C-1623,1
TA-04229,C-1621,1
TA-04230,C-1243,2
TA-04231,C-1243,2
TA-04232,C-0448,2
TA-04233,C-1243,1
TA-04234,C-1243,2
TA-04235,C-1625,1
TA-04236,C-1625,1
TA-04237,C-1625,1
TA-04238,C-1625,2
TA-04239,C-1625,2
TA-04241,C-1647,2
TA-04242,C-1642,2
TA-04243,C-1642,2
TA-04244,C-1638,2
TA-04245,C-1623,2
TA-04246,C-1623,2
TA-04247,C-1623,2
TA-04248,C-0401,1
TA-04249,C-1624,1
TA-04251,C-1622,1
TA-04252,C-1624,1
TA-04253,C-1621,2
TA-04254,C-1621,2
TA-04255,C-1620,2
TA-04256,C-0365,1
TA-04257,C-1444,1
TA-04258,C-1444,1
TA-04259,C-1257,1
TA-04260,C-1625,1
TA-04261,C-0423,1
TA-04262,C-1624,1
TA-04263,C-1624,1
TA-04264,C-1625,2
TA-04265,C-1621,2
TA-04266,C-1845,2
TA-04267,C-1621,2
TA-04268,C-0832,2
TA-04269,C-1243,2
TA-04270,C-1369,2
TA-04271,C-1369,2
TA-04272,C-1369,2
TA-04273,C-1369,2
TA-04274,C-1369,2
TA-04275,C-1369,2
TA-04276,C-1621,2
TA-04277,C-1621,2
TA-04278,C-0448,2
TA-04279,C-0448,2
TA-04280,C-0448,2
TA-04281,C-0448,2
TA-04282,C-0448,2
TA-04283,C-1625,1
TA-04284,C-1625,1
TA-04285,C-1817,1
TA-04286,C-1798,1
TA-04287,C-0402,1
TA-04288,C-1625,2
TA-04289,C-1625,2
TA-04290,C-1621,2
TA-04291,C-1621,2
TA-04292,C-1620,2
TA-04293,C-1620,2
TA-04294,C-0357,1
TA-04295,C-1848,2
TA-04296,C-1848,1
TA-04297,C-1848,2
TA-04298,C-1848,1
TA-04299,C-0357,1
TA-04300,C-1629,2
TA-04301,C-1623,1
TA-04302,C-1623,1
TA-04303,C-1623,1
TA-04304,C-1620,2
TA-04305,C-2015,1
TA-04306,C-0244,1
TA-04307,C-0247,2
TA-04308,C-1203,2
TA-04309,C-1203,1
TA-04310,C-1615,2
TA-04311,C-1615,1
TA-04312,C-1622,1
TA-04313,C-0448,1
TA-04320,C-1621,1
TA-04321,C-1621,1
TA-04322,C-0317,1
TA-04323,C-1622,1
TA-04327,C-1640,1
TA-04328,C-1640,1
TA-04329,C-1907,1
TA-04330,C-1221,1
TA-04331,C-1624,4
TA-04333,C-1420,2
TA-04335,C-1420,2
TA-04336,C-1420,2
TA-04337,C-1621,1
TA-04338,C-1621,1
TA-04339,C-0829,1
TA-04340,C-2019,1
TA-04341,C-2019,1
TA-04342,C-1623,2
TA-04343,C-0096,2
TA-04344,C-0101,2
TA-04345,C-0101,2
TA-04346,C-0101,2
TA-04347,C-1750,1
TA-04348,C-1623,1
TA-04349,C-1623,1
TA-04355,C-1243,2
TA-04356,C-1622,2
TA-04357,C-1621,2
TA-04358,C-1623,1
TA-04359,C-1623,1
TA-04360,C-1623,1
TA-04361,C-1623,1
TA-04362,C-1623,1
TA-04363,C-1623,1
TA-04364,C-1641,2
TA-04365,C-1624,1
TA-04366,C-1624,1
TA-04367,C-1624,1
TA-04368,C-1624,1
TA-04369,C-0448,2
TA-04370,C-1624,1
TA-04371,C-1623,1
TA-04372,C-1623,1
TA-04373,C-1817,1
TA-04374,C-1625,1
TA-04375,C-1624,1
TA-04376,C-1527,1
TA-04377,C-1620,2
TA-04378,C-2030,2
TA-04379,C-1649,1
TA-04380,C-1622,2
TA-04381,C-1750,1
TA-04382,C-1621,2
TA-04385,C-1621,2
TA-04386,C-1243,2
TA-04387,C-1615,1
TA-04388,C-1625,2
TA-04389,C-1622,1
TA-04390,C-0133,1
TA-04391,C-0133,1
TA-04392,C-1622,1
TA-04393,C-1622,1
TA-04394,C-1796,1
TA-04395,C-0394,1
TA-04396,C-0398,1
TA-04397,C-1623,1
TA-04398,C-1623,1
TA-04399,C-1621,2
TA-04400,C-1622,2
TA-04401,C-1623,2
TA-04402,C-1623,1
TA-04403,C-1622,2
TA-04404,C-1622,2
TA-04405,C-1243,1
TA-04406,C-1243,1
TA-04407,C-1792,1
TA-04408,C-1773,2
TA-04409,C-1243,2
TA-04410,C-1243,2
TA-04411,C-0829,1
TA-04412,C-1624,2
TA-04413,C-1624,2
TA-04414,C-1624,2
TA-04415,C-1624,1
TA-04416,C-1622,1
TA-04417,C-1642,1
TA-04418,C-1642,1
TA-04419,C-1482,1
TA-04420,C-1625,1
TA-04421,C-0170,1
TA-04422,C-1625,2
TA-04424,C-1910,1
TA-04425,C-2005,1
TA-04426,C-1413,1
TA-04427,C-1639,1
TA-04428,C-0244,1
TA-04429,C-1947,1
TA-04430,C-1586,1
TA-04431,C-0132,1
TA-04432,C-1623,1
TA-04433,C-1621,2
TA-04434,C-0829,2
TA-04435,C-1817,1
TA-04436,C-1620,2
TA-04437,C-1624,1
TA-04438,C-1624,1
TA-04439,C-1621,1
TA-04441,C-1620,1
TA-04442,C-1620,1
TA-04443,C-1637,2
TA-04444,C-1637,2
TA-04445,C-1645,1
TA-04446,C-1420,2
TA-04447,C-1420,2
TA-04448,C-0850,1
TA-04449,C-0850,1
TA-04450,C-1312,2
TA-04451,C-1312,2
TA-04452,C-1312,2
TA-04453,C-1312,2
TA-04454,C-2005,1
TA-04455,C-2005,1
TA-04456,C-0108,1
TA-04457,C-0092,1
TA-04458,C-0080,1
TA-04459,C-0092,1
TA-04460,C-0080,1
TA-04461,C-0092,1
TA-04462,C-0092,1
TA-04463,C-0415,2
TA-04464,C-0415,2
TA-04465,C-0414,2
TA-04466,C-0414,2
TA-04467,C-0092,1
TA-04468,C-0092,1
TA-04469,C-0092,1
TA-04470,C-0092,1
TA-04471,C-0101,2
TA-04472,C-0101,2
TA-04473,C-0096,4
TA-04474,C-0101,2
TA-04475,C-1639,2
TA-04476,C-1639,1
TA-04477,C-1639,1
TA-04478,C-1639,1
TA-04479,C-1624,2
TA-04480,C-1646,2
TA-04481,C-1622,2
TA-04483,C-1621,1
TA-04484,C-1670,1
TA-04485,C-0444,2
TA-04486,C-1420,2
TA-04489,C-1312,2
TA-04490,C-1412,1
TA-04491,C-1817,1
TA-04492,C-1615,1
TA-04493,C-1373,1
TA-04494,C-0481,1
TA-04495,C-0448,1
TA-04496,C-1624,2
TA-04497,C-1845,2
TA-04498,C-1848,2
TA-04500,C-1622,1
TA-04501,C-1639,2
TA-04502,C-1622,1
TA-04503,C-1997,1
TA-04504,C-1373,1
TA-04505,C-1420,1
TA-04506,C-1420,1
TA-04507,C-1625,2
TA-04508,C-1625,2
TA-04509,C-0444,2
TA-04510,C-1621,1
TA-04511,C-1624,1
TA-04512,C-1622,2
TA-04513,C-1622,2
TA-04515,C-1817,1
TA-04516,C-0448,2
TA-04517,C-1768,1
TA-04518,C-1768,2
TA-04519,C-1768,1
TA-04520,C-1622,1
TA-04521,C-1622,1
TA-04523,C-0462,1
TA-04524,C-1626,1
TA-04526,C-1622,2
TA-04527,C-0448,2
TA-04528,C-1845,2
TA-04529,C-1845,2
TA-04530,C-1845,2
TA-04531,C-1845,2
TA-04532,C-1845,2
TA-04533,C-1845,2
TA-04534,C-1845,2
TA-04535,C-1845,2
TA-04536,C-1845,2
TA-04537,C-1845,2
TA-04538,C-1845,2
TA-04539,C-0830,1
TA-04540,C-0830,1
TA-04541,C-1817,1
TA-04542,C-1498,3
TA-04543,C-1387,1
TA-04544,C-1420,2
TA-04545,C-1243,2
TA-04546,C-1621,1
TA-04547,C-1621,2
TA-04548,C-0444,2
TA-04549,C-1622,1
TA-04550,C-1622,1
TA-04551,C-1621,2
TA-04552,C-1621,2
TA-04553,C-1721,1
TA-04554,C-1528,1
TA-04556,C-1622,2
TA-04557,C-1620,2
TA-04558,C-1620,2
TA-04559,C-1411,1
TA-04560,C-1848,2
TA-04561,C-1312,2
TA-04562,C-1312,2
TA-04563,C-1312,2
TA-04564,C-1312,2
TA-04565,C-1312,2
TA-04566,C-1312,2
TA-04567,C-1312,2
TA-04568,C-1312,2
TA-04569,C-1312,2
TA-04570,C-1312,2
TA-04571,C-1312,2
TA-04572,C-1312,2
TA-04573,C-1312,2
TA-04574,C-1312,2
TA-04575,C-1312,2
TA-04576,C-1312,2
TA-04578,C-1226,1
TA-04579,C-1621,2
TA-04580,C-1625,2
TA-04581,C-1312,2
TA-04582,C-1338,1
TA-04586,C-1312,2
TA-04587,C-1312,2
TA-04588,C-1312,2
TA-04589,C-1312,2
TA-04590,C-1312,2
TA-04591,C-1312,2
TA-04592,C-1312,2
TA-04593,C-1312,2
TA-04594,C-1312,2
TA-04595,C-1312,2
TA-04596,C-1544,1
TA-04597,C-1544,1
TA-04598,C-0009,1
TA-04599,C-0464,1
TA-04600,C-1621,2
TA-04601,C-1621,2
TA-04602,C-1622,1
TA-04603,C-1622,2
TA-04604,C-1621,2
TA-04606,C-1625,2
TA-04607,C-1312,2
TA-04608,C-1621,2
TA-04609,C-1621,2
TA-04610,C-1624,1
TA-04611,C-1624,1
TA-04612,C-1624,1
TA-04613,C-1624,1
TA-04616,C-0444,1
TA-04617,C-1621,1
TA-04618,C-1621,1
TA-04619,C-1352,1
TA-04620,C-1640,1
TA-04621,C-1623,1
TA-04622,C-1623,1
TA-04623,C-1623,1
TA-04624,C-1640,1
TA-04625,C-1622,2
TA-04626,C-1622,2
TA-04627,C-1420,2
TA-04628,C-1312,2
TA-04629,C-1243,2
TA-04630,C-0448,2
TA-04631,C-1312,2
TA-04632,C-1312,2
TA-04633,C-1312,2
TA-04634,C-1624,1
TA-04635,C-1622,2
TA-04636,C-1622,1
TA-04637,C-1620,2
TA-04638,C-1620,2
TA-04641,C-0423,1
TA-04642,C-1229,2
TA-04643,C-1229,2
TA-04644,C-1312,2
TA-04645,C-1312,2
TA-04646,C-1312,2
TA-04647,C-1312,2
TA-04648,C-1312,2
TA-04649,C-1312,2
TA-04650,C-1312,2
TA-04651,C-1622,1
TA-04652,C-1622,1
TA-04653,C-1623,1
TA-04654,C-1623,1
TA-04655,C-1243,2
TA-04656,C-1243,2
TA-04657,C-1623,2
TA-04658,C-1623,1
TA-04659,C-1623,1
TA-04660,C-1623,1
TA-04661,C-1621,2
TA-04662,C-1623,1
TA-04663,C-1623,1
TA-04664,C-1734,1
TA-04665,C-1719,1
TA-04666,C-1624,1
TA-04667,C-1622,1
TA-04668,C-1243,2
TA-04669,C-1243,2
TA-04670,C-0092,1
TA-04671,C-1680,1
TA-04672,C-1214,1
TA-04673,C-1780,1
TA-04674,C-1777,2
TA-04675,C-1781,2
TA-04676,C-1781,2
TA-04677,C-1779,1
TA-04678,C-0096,4
TA-04679,C-0096,2
TA-04680,C-0096,2
TA-04681,C-0101,2
TA-04682,C-0096,2
TA-04683,C-0096,2
TA-04684,C-1623,1
TA-04685,C-1623,1
TA-04686,C-1620,2
TA-04687,C-1495,2
TA-04688,C-1495,2
TA-04689,C-1495,2
TA-04690,C-1889,1
TA-04691,C-1621,2
TA-04694,C-1623,1
TA-04695,C-1623,1
TA-04696,C-1623,1
TA-04697,C-0210,1
TA-04698,C-1623,1
TA-04699,C-1623,1
TA-04700,C-1623,1
TA-04701,C-1623,1
TA-04702,C-1623,1
TA-04703,C-1621,1
TA-04704,C-1621,2
TA-04707,C-1527,1
TA-04708,C-0009,1
TA-04710,C-1621,1
TA-04711,C-1724,1
TA-04712,C-0086,1
TA-04713,C-0108,1
TA-04714,C-0108,1
TA-04715,C-0415,2
TA-04716,C-0415,2
TA-04717,C-1631,2
TA-04718,C-1621,2
TA-04719,C-0486,1
TA-04721,C-1623,1
TA-04722,C-1623,1
TA-04723,C-1779,1
TA-04725,C-0437,1
TA-04726,C-1845,2
TA-04727,C-0422,2
TA-04728,C-0422,2
TA-04729,C-0422,2
TA-04730,C-1420,2
TA-04731,C-1420,2
TA-04732,C-1420,2
TA-04733,C-1420,1
TA-04734,C-0440,1
TA-04735,C-0448,1
TA-04736,C-0439,1
TA-04737,C-0823,2
TA-04738,C-1845,2
TA-04739,C-1445,1
TA-04740,C-1243,2
TA-04741,C-1200,2
TA-04742,C-1312,2
TA-04743,C-1229,2
TA-04744,C-1312,2
TA-04745,C-0823,2
TA-04746,C-1229,2
TA-04747,C-1312,2
TA-04748,C-1976,2
TA-04749,C-1845,2
TA-04750,C-0448,2
TA-04751,C-1312,2
TA-04752,C-1312,2
TA-04753,C-1200,1
TA-04754,C-1200,1
TA-04755,C-1202,1
TA-04756,C-1312,2
TA-04757,C-1312,2
TA-04759,C-1845,2
TA-04760,C-0823,2
TA-04761,C-0823,2
TA-04762,C-1845,2
TA-04763,C-1845,2
TA-04765,C-1243,2
TA-04766,C-1243,2
TA-04767,C-1243,2
TA-04768,C-1845,2
TA-04770,C-1420,2
TA-04771,C-1845,2
TA-04772,C-1845,2
TA-04773,C-1312,2
TA-04774,C-1435,2
TA-04775,C-0823,2
TA-04776,C-1420,2
TA-04777,C-0444,1
TA-04778,C-0444,2
TA-04779,C-0482,1
TA-04781,C-0823,2
TA-04782,C-1243,2
TA-04783,C-1243,2
TA-04784,C-0444,1
TA-04785,C-0444,1
TA-04786,C-1845,2
TA-04787,C-0422,1
TA-04788,C-0444,1
TA-04789,C-0002,2
TA-04790,C-1420,2
TA-04791,C-1420,2
TA-04792,C-1420,2
TA-04793,C-0448,2
TA-04794,C-0484,1
TA-04795,C-1845,2
TA-04796,C-1845,2
TA-04797,C-1845,2
TA-04798,C-1845,2
TA-04799,C-1845,2
TA-04800,C-1845,2
TA-04801,C-1845,2
TA-04802,C-0444,2
TA-04803,C-0444,2
TA-04804,C-1312,2
TA-04805,C-1243,2
TA-04806,C-1243,2
TA-04807,C-0422,2
TA-04808,C-0422,2
TA-04809,C-0422,2
TA-04810,C-0422,2
TA-04811,C-0422,2
TA-04812,C-0422,2
TA-04813,C-0422,2
TA-04814,C-0422,2
TA-04815,C-0422,2
TA-04816,C-0444,2
TA-04817,C-0422,2
TA-04818,C-0422,2
TA-04819,C-0422,2
TA-04820,C-0422,2
TA-04821,C-0422,2
TA-04822,C-0422,2
TA-04823,C-0422,2
TA-04824,C-1622,2
TA-04825,C-1621,2
TA-04826,C-1622,2
TA-04827,C-1624,2
TA-04828,C-1817,1
TA-04829,C-1622,2
TA-04830,C-1624,1
TA-04831,C-1845,2
TA-04832,C-0096,2
TA-04833,C-1845,2
TA-04834,C-1845,2
TA-04835,C-1845,2
TA-04836,C-1621,2
TA-04837,C-1621,2
TA-04838,C-0423,1
TA-04839,C-1845,2
TA-04840,C-0199,2
TA-04841,C-0199,2
TA-04842,C-0199,1
TA-04843,C-0199,1
TA-04844,C-1848,2
TA-04845,C-0850,1
TA-04846,C-1625,2
TA-04848,C-1624,1
TA-04849,C-1624,1
TA-04850,C-1622,1
TA-04851,C-1845,2
TA-04852,C-1623,2
TA-04853,C-1621,1
TA-04854,C-1621,2
TA-04855,C-1622,2
TA-04856,C-1622,2
TA-04857,C-1776,1
TA-04858,C-1776,1
TA-04859,C-1622,1
TA-04860,C-1639,1
TA-04861,C-1639,1
TA-04862,C-1639,1
TA-04863,C-1639,1
TA-04864,C-1848,2
TA-04865,C-1848,2
TA-04866,C-1621,2
TA-04867,C-1625,2
TA-04869,C-1355,1
TA-04870,C-1624,2
TA-04871,C-0823,2
TA-04872,C-1343,2
TA-04873,C-1343,2
TA-04874,C-1312,2
TA-04875,C-1312,2
TA-04876,C-1628,2
TA-04877,C-1624,1
TA-04878,C-1624,1
TA-04879,C-1648,2
TA-04880,C-1648,2
TA-04881,C-1624,1
TA-04883,C-1622,1
TA-04884,C-1622,1
TA-04885,C-1622,1
TA-04886,C-1622,1
TA-04887,C-0101,2
TA-04888,C-0096,2
TA-04889,C-0101,2
TA-04890,C-0101,2
TA-04891,C-1621,2
TA-04892,C-1621,1
TA-04895,C-1312,2
TA-04896,C-1312,2
TA-04897,C-1312,2
TA-04898,C-1312,2
TA-04899,C-1312,2
TA-04900,C-1312,2
TA-04901,C-1312,2
TA-04902,C-1312,2
TA-04903,C-1312,2
TA-04904,C-1312,2
TA-04905,C-1312,2
TA-04906,C-1312,2
TA-04907,C-1312,2
TA-04908,C-1621,2
TA-04909,C-1622,1
TA-04910,C-0415,2
TA-04911,C-0415,2
TA-04912,C-1312,2
TA-04913,C-1848,2
TA-04914,C-1848,2
TA-04915,C-1420,2
TA-04916,C-1420,2
TA-04919,C-0444,1
TA-04920,C-0444,1
TA-04921,C-1848,2
TA-04922,C-1621,2
TA-04923,C-1621,1
TA-04926,C-1624,1
TA-04927,C-1848,2
TA-04930,C-1622,2
TA-04931,C-1312,2
TA-04932,C-1625,2
TA-04933,C-1625,2
TA-04934,C-1624,2
TA-04935,C-1624,2
TA-04936,C-1624,2
TA-04937,C-1624,2
TA-04939,C-1845,2
TA-04940,C-1845,2
TA-04941,C-1845,2
TA-04942,C-0448,2
TA-04943,C-1243,2
TA-04944,C-1243,2
TA-04945,C-1243,2
TA-04946,C-1621,2
TA-04947,C-1587,1
TA-04948,C-1622,1
TA-04949,C-1621,2
TA-04951,C-1860,1
TA-04952,C-1621,2
TA-04954,C-1781,2
TA-04955,C-1779,1
TA-04956,C-1781,2
TA-04957,C-1779,1
TA-04958,C-1768,2
TA-04959,C-1779,1
TA-04960,C-1625,1
TA-04961,C-1620,2
TA-04962,C-1621,2
TA-04963,C-1621,2
TA-04964,C-1622,2
TA-04965,C-1213,1
TA-04966,C-1214,1
TA-04967,C-1624,2
TA-04968,C-1624,2
TA-04969,C-1624,2
TA-04970,C-1624,2
TA-04971,C-0486,1
TA-04972,C-1432,1
TA-04973,C-1624,1
TA-04974,C-1355,1
TA-04976,C-1863,1
TA-04977,C-1845,2
TA-04978,C-1622,1
TA-04979,C-1432,1
TA-04980,C-0096,2
TA-04981,C-0096,2
TA-04982,C-0101,2
TA-04983,C-0101,2
TA-04984,C-0101,2
TA-04985,C-0096,2
TA-04986,C-0096,2
TA-04987,C-1229,2
TA-04988,C-1229,2
TA-04989,C-1229,2
TA-04990,C-1229,2
TA-04991,C-1255,2
TA-04992,C-1255,1
TA-04993,C-1621,2
TA-04994,C-1621,2
TA-04995,C-1621,2
TA-04996,C-1621,2
TA-04997,C-1621,2
TA-04998,C-1621,2
TA-04999,C-1312,1
TA-05000,C-1623,1
TA-05001,C-1621,1
TA-05002,C-1625,1
TA-05004,C-0199,1
TA-05005,C-0199,2
TA-05006,C-2019,2
TA-05007,C-1623,1
TA-05008,C-1622,1
TA-05009,C-1624,2
TA-05010,C-1577,2
TA-05011,C-1622,1
TA-05012,C-1623,1
TA-05013,C-0518,1
TA-05016,C-1623,1
TA-05017,C-1623,1
TA-05018,C-1778,1
TA-05019,C-1623,2
TA-05020,C-1623,2
TA-05021,C-1624,1
TA-05022,C-1845,2
TA-05023,C-1533,1
TA-05024,C-1621,2
TA-05025,C-1621,2
TA-05026,C-1622,2
TA-05027,C-1622,2
TA-05032,C-1622,1
TA-05033,C-1624,1
TA-05034,C-0170,1
TA-05035,C-1420,2
TA-05036,C-1312,2
TA-05037,C-1312,2
TA-05038,C-1312,2
TA-05039,C-1312,2
TA-05040,C-1312,2
TA-05041,C-1229,2
TA-05042,C-1229,2
TA-05043,C-1229,2
TA-05044,C-1229,2
TA-05045,C-1229,2
TA-05046,C-1229,2
TA-05047,C-1229,2
TA-05048,C-1229,2
TA-05049,C-1229,2
TA-05050,C-1229,2
TA-05051,C-1229,2
TA-05052,C-1229,2
TA-05053,C-1621,2
TA-05054,C-0170,1
TA-05055,C-1624,2
TA-05056,C-1625,1
TA-05057,C-1625,1
TA-05058,C-1621,1
TA-05059,C-1622,1
TA-05060,C-1622,1
TA-05061,C-1622,2
TA-05062,C-1622,2
TA-05063,C-1622,1
TA-05064,C-1622,2
TA-05065,C-1622,2
TA-05066,C-1622,2
TA-05067,C-1622,2
TA-05068,C-1623,2
TA-05069,C-1621,2
TA-05070,C-1587,2
TA-05071,C-1587,2
TA-05073,C-1243,2
TA-05074,C-0448,1
TA-05075,C-1243,2
TA-05076,C-1243,2
TA-05077,C-1243,2
TA-05078,C-1243,2
TA-05079,C-1243,2
TA-05081,C-1849,1
TA-05082,C-1624,2
TA-05083,C-1624,2
TA-05084,C-1420,2
TA-05085,C-0832,2
TA-05086,C-1621,2
TA-05087,C-1621,2
TA-05088,C-1621,2
TA-05089,C-1621,2
TA-05090,C-0829,1
TA-05091,C-1623,1
TA-05092,C-1623,1
TA-05093,C-1623,1
TA-05094,C-1623,1
TA-05095,C-1639,2
TA-05097,C-1420,2
TA-05098,C-1420,2
TA-05099,C-1421,2
TA-05100,C-1420,2
TA-05101,C-0507,1
TA-05102,C-1622,2
TA-05103,C-1622,2
TA-05104,C-1622,1
TA-05105,C-1622,1
TA-05106,C-1229,2
TA-05107,C-1229,2
TA-05108,C-1229,2
TA-05109,C-1229,2
TA-05110,C-1229,2
TA-05111,C-1229,2
TA-05112,C-1622,2
TA-05113,C-0509,1
TA-05114,C-0510,1
TA-05115,C-1623,1
TA-05116,C-1622,1
TA-05117,C-1625,1
TA-05118,C-1621,1
TA-05119,C-1621,2
TA-05120,C-1621,2
TA-05121,C-1621,2
TA-05122,C-0851,1
TA-05124,C-1622,2
TA-05125,C-1621,2
TA-05126,C-1621,2
TA-05128,C-1622,1
TA-05129,C-1420,2
TA-05132,C-1625,1
TA-05133,C-1625,1
TA-05135,C-1312,2
TA-05136,C-1312,2
TA-05137,C-1312,2
TA-05138,C-1420,1
TA-05139,C-1373,1
TA-05140,C-0444,2
TA-05141,C-0444,2
TA-05142,C-1312,2
TA-05143,C-1312,2
TA-05144,C-1312,2
TA-05145,C-1312,2
TA-05146,C-1243,2
TA-05147,C-1312,2
TA-05148,C-1312,2
TA-05149,C-1312,2
TA-05150,C-1312,2
TA-05151,C-1312,2
TA-05152,C-1638,2
TA-05153,C-1638,2
TA-05154,C-1312,2
TA-05155,C-1312,2
TA-05156,C-1312,2
TA-05157,C-1845,1
TA-05158,C-1243,2
TA-05159,C-0101,1
TA-05160,C-0101,1
TA-05161,C-0414,1
TA-05162,C-0414,1
TA-05163,C-0101,1
TA-05164,C-0101,1
TA-05165,C-0108,1
TA-05166,C-0108,1
TA-05167,C-0080,1
TA-05168,C-0096,2
TA-05169,C-0096,2
TA-05170,C-1622,2
TA-05171,C-1845,2
TA-05172,C-1621,2
TA-05173,C-1621,2
TA-05174,C-1621,2
TA-05175,C-1623,2
TA-05176,C-1623,2
TA-05177,C-1624,2
TA-05178,C-1624,2
TA-05182,C-1385,2
TA-05183,C-1382,2
TA-05184,C-1622,1
TA-05185,C-1625,1
TA-05186,C-1624,1
TA-05187,C-1649,1
TA-05188,C-1889,2
TA-05189,C-1649,2
TA-05193,C-1623,1
TA-05194,C-1623,1
TA-05195,C-1640,2
TA-05196,C-1495,1
TA-05197,C-1622,2
TA-05198,C-1622,2
TA-05199,C-1622,2
TA-05200,C-1553,1
TA-05201,C-1624,1
TA-05202,C-1622,1
TA-05203,C-1355,1
TA-05204,C-1352,1
TA-05205,C-1624,1
TA-05207,C-1624,1
TA-05208,C-1624,1
TA-05209,C-1621,2
TA-05210,C-1621,2
TA-05211,C-1623,1
TA-05212,C-1623,1
TA-05214,C-1621,2
TA-05215,C-1623,1
TA-05216,C-1623,1
TA-05217,C-1622,2
TA-05218,C-1622,2
TA-05219,C-1622,1
TA-05220,C-1625,2
TA-05221,C-1625,2
TA-05222,C-1257,1
TA-05223,C-1420,2
TA-05224,C-1420,2
TA-05225,C-1420,2
TA-05226,C-1420,2
TA-05227,C-1420,2
TA-05228,C-1243,2
TA-05229,C-1621,1
TA-05230,C-1243,1
TA-05231,C-1620,2
TA-05232,C-1621,2
TA-05233,C-1474,1
TA-05234,C-1621,2
TA-05235,C-1312,2
TA-05236,C-1312,2
TA-05237,C-1312,2
TA-05238,C-1420,2
TA-05239,C-1420,2
TA-05240,C-1622,2
TA-05242,C-1495,1
TA-05243,C-1817,1
TA-05244,C-1624,2
TA-05245,C-0443,1
TA-05246,C-1218,1
TA-05247,C-1218,1
TA-05248,C-1218,1
TA-05249,C-1218,1
TA-05250,C-1624,1
TA-05251,C-1622,1
TA-05252,C-1624,1
TA-05253,C-1624,1
TA-05254,C-1623,1
TA-05255,C-1623,1
TA-05256,C-1622,1
TA-05257,C-1625,1
TA-05258,C-1624,1
TA-05259,C-1622,1
TA-05260,C-1623,1
TA-05261,C-1243,2
TA-05265,C-1622,1
TA-05266,C-1623,1
TA-05267,C-1623,1
TA-05268,C-1623,2
TA-05269,C-1623,1
TA-05270,C-1623,1
TA-05271,C-1624,1
TA-05272,C-1624,1
TA-05273,C-1621,2
TA-05274,C-1482,1
TA-05275,C-1622,1
TA-05276,C-1624,1
TA-05277,C-1624,1
TA-05278,C-1638,2
TA-05279,C-1638,2
TA-05280,C-1621,2
TA-05281,C-1638,2
TA-05282,C-1638,2
TA-05283,C-1845,2
TA-05284,C-1845,2
TA-05285,C-1845,2
TA-05286,C-1845,2
TA-05287,C-1845,2
TA-05288,C-1624,1
TA-05292,C-1208,1
TA-05293,C-1312,2
TA-05294,C-1623,2
TA-05296,C-1624,1
TA-05297,C-1624,1
TA-05299,C-1624,1
TA-05300,C-1243,2
TA-05302,C-1624,1
TA-05303,C-1889,1
TA-05304,C-1620,2
TA-05305,C-1817,1
TA-05306,C-1625,1
TA-05307,C-0376,1
TA-05308,C-1817,1
TA-05309,C-0444,2
TA-05310,C-0444,2
TA-05313,C-1621,2
TA-05314,C-1621,2
TA-05324,C-1624,1
TA-05325,C-1624,1
TA-05326,C-0457,1
TA-05327,C-0457,1
TA-05328,C-1621,2
TA-05329,C-1845,2
TA-05330,C-1845,2
TA-05331,C-1845,2
TA-05332,C-1845,2
TA-05333,C-1639,1
TA-05334,C-1639,1
TA-05335,C-1639,1
TA-05336,C-1639,1
TA-05337,C-1625,1
TA-05338,C-1624,1
TA-05339,C-0464,2
TA-05340,C-1249,1
TA-05341,C-1426,1
TA-05342,C-1536,1
TA-05343,C-1536,1
TA-05344,C-1621,1
TA-05345,C-1621,2
TA-05346,C-2030,2
TA-05347,C-1848,2
TA-05348,C-1621,1
TA-05349,C-1621,2
TA-05351,C-1624,2
TA-05352,C-1624,2
TA-05354,C-1623,2
TA-05355,C-1623,2
TA-05356,C-0151,1
TA-05358,C-1243,2
TA-05359,C-1420,1
TA-05360,C-1420,2
TA-05361,C-0444,2
TA-05362,C-0444,2
TA-05363,C-1420,2
TA-05364,C-1620,2
TA-05365,C-1620,1
TA-05366,C-1621,2
TA-05367,C-1620,1
TA-05368,C-1620,1
TA-05369,C-1620,1
TA-05370,C-1620,1
TA-05371,C-1620,1
TA-05372,C-1620,1
TA-05373,C-1620,1
TA-05374,C-1620,1
TA-05375,C-1624,1
TA-05376,C-1624,1
TA-05377,C-1624,1
TA-05378,C-1624,1
TA-05379,C-1624,1
TA-05380,C-1641,2
TA-05381,C-1412,1
TA-05382,C-1845,2
TA-05383,C-1257,1
TA-05388,C-1343,1
TA-05389,C-1621,2
TA-05390,C-0425,1
TA-05391,C-1620,1
TA-05392,C-1620,1
TA-05393,C-1620,2
TA-05394,C-0046,1
TA-05395,C-1957,1
TA-05396,C-1460,1
TA-05397,C-1420,2
TA-05398,C-1420,2
TA-05399,C-1623,1
TA-05400,C-1420,2
TA-05401,C-1621,1
TA-05402,C-0101,2
TA-05403,C-0096,2
TA-05404,C-1620,1
TA-05405,C-1620,2
TA-05406,C-1620,2
TA-05407,C-1620,1
TA-05408,C-1621,1
TA-05409,C-1625,2
TA-05410,C-1649,2
TA-05411,C-1649,2
TA-05412,C-1625,2
TA-05418,C-1620,1
TA-05419,C-1649,2
TA-05420,C-1649,2
TA-05421,C-1620,2
TA-05422,C-1620,1
TA-05423,C-1620,1
TA-05424,C-1620,2
TA-05425,C-1620,1
TA-05426,C-1620,1
TA-05427,C-1620,2
TA-05428,C-1620,2
TA-05429,C-1620,1
TA-05430,C-1620,1
TA-05431,C-1620,1
TA-05432,C-1620,2
TA-05433,C-1649,1
TA-05434,C-1622,2
TA-05435,C-1622,2
TA-05436,C-1622,1
TA-05437,C-1620,2
TA-05438,C-1626,1
TA-05439,C-1621,1
TA-05440,C-1352,1
TA-05442,C-1625,1
TA-05445,C-1343,1
TA-05447,C-1622,1
TA-05448,C-1623,1
TA-05449,C-1623,1
TA-05450,C-1625,2
TA-05451,C-1625,2
TA-05452,C-1625,1
TA-05453,C-1626,2
TA-05454,C-1420,2
TA-05455,C-1845,2
TA-05456,C-0448,2
TA-05457,C-1623,1
TA-05458,C-1623,1
TA-05459,C-1243,2
TA-05460,C-0614,1
TA-05461,C-1621,2
TA-05463,C-1620,2
TA-05464,C-1624,2
TA-05466,C-1907,1
TA-05467,C-1907,1
TA-05468,C-1845,2
TA-05469,C-1845,2
TA-05470,C-1622,1
TA-05471,C-1622,1
TA-05472,C-1312,2
TA-05473,C-1312,2
TA-05476,C-0524,1
TA-05477,C-1631,1
TA-05478,C-1631,1
TA-05479,C-1567,1
TA-05480,C-1625,1
TA-05481,C-1625,1
TA-05482,C-1625,1
TA-05483,C-1625,1
TA-05484,C-2030,2
TA-05485,C-1623,2
TA-05486,C-1623,2
TA-05487,C-1623,2
TA-05488,C-1623,2
TA-05489,C-1621,2
TA-05490,C-1623,1
TA-05491,C-1623,1
TA-05492,C-1621,1
TA-05493,C-1623,2
TA-05494,C-1623,2
TA-05495,C-1623,2
TA-05496,C-1623,2
TA-05497,C-1623,2
TA-05498,C-1642,1
TA-05499,C-1623,2
TA-05500,C-1348,1
TA-05501,C-1348,1
TA-05502,C-1624,2
TA-05503,C-1624,2
TA-05504,C-1621,2
TA-05505,C-1621,2
TA-05506,C-1768,1
TA-05507,C-1768,1
TA-05508,C-1447,2
TA-05509,C-1447,2
TA-05510,C-1622,2
TA-05511,C-1527,1
TA-05512,C-1412,1
TA-05513,C-1412,1
TA-05514,C-1398,2
TA-05515,C-1398,2
TA-05516,C-0532,1
TA-05517,C-1243,2
TA-05518,C-1622,2
TA-05519,C-1622,2
TA-05520,C-1622,2
TA-05521,C-1623,1
TA-05522,C-1623,1
TA-05523,C-1624,1
TA-05524,C-1624,1
TA-05525,C-1622,2
TA-05526,C-0272,2
TA-05527,C-1931,1
TA-05528,C-1512,1
TA-05529,C-1620,1
TA-05530,C-1621,2
TA-05531,C-0149,1
TA-05532,C-0101,2
TA-05533,C-0096,2
TA-05534,C-0096,2
TA-05535,C-1624,1
TA-05536,C-1622,2
TA-05537,C-1623,1
TA-05538,C-1672,2
TA-05539,C-1243,2
TA-05540,C-1243,2
TA-05541,C-1243,2
TA-05542,C-0444,1
TA-05543,C-0846,1
TA-05544,C-0846,1
TA-05545,C-1420,2
TA-05546,C-0529,1
TA-05547,C-1577,2
TA-05548,C-1566,1
TA-05549,C-1625,1
TA-05550,C-1622,2
TA-05551,C-1577,2
TA-05552,C-0444,2
TA-05553,C-0444,2
TA-05554,C-0444,2
TA-05555,C-1577,2
TA-05556,C-1577,2
TA-05557,C-1845,2
TA-05558,C-1213,1
TA-05559,C-1637,2
TA-05560,C-0529,1
TA-05561,C-1845,2
TA-05562,C-1845,2
TA-05563,C-1623,1
TA-05564,C-1623,1
TA-05565,C-1620,2
TA-05566,C-1620,1
TA-05567,C-1845,2
TA-05568,C-1845,2
TA-05569,C-0101,2
TA-05570,C-0101,2
TA-05571,C-1622,2
TA-05572,C-1621,1
TA-05575,C-1848,2
TA-05576,C-1848,2
TA-05577,C-1621,2
TA-05578,C-1845,2
TA-05579,C-1845,2
TA-05580,C-1845,2
TA-05581,C-1845,2
TA-05582,C-1845,2
TA-05583,C-1845,2
TA-05584,C-1845,2
TA-05585,C-1623,2
TA-05586,C-1623,2
TA-05587,C-1625,1
TA-05588,C-1845,2
TA-05589,C-1845,2
TA-05590,C-1845,2
TA-05591,C-1385,2
TA-05592,C-1385,2
TA-05593,C-1845,2
TA-05594,C-1845,2
TA-05595,C-1845,2
TA-05596,C-1620,1
TA-05597,C-1626,2
TA-05599,C-1441,1
TA-05600,C-1789,1
TA-05601,C-1789,1
TA-05602,C-0069,1
TA-05603,C-0444,1
TA-05604,C-1622,2
TA-05605,C-1425,1
TA-05606,C-0096,2
TA-05607,C-0101,2
TA-05608,C-0096,2
TA-05609,C-0096,2
TA-05610,C-0448,2
TA-05611,C-0448,2
TA-05612,C-0832,2
TA-05613,C-0415,2
TA-05614,C-0415,2
TA-05615,C-0101,1
TA-05616,C-0101,1
TA-05617,C-0101,1
TA-05618,C-0101,1
TA-05619,C-0414,1
TA-05620,C-0414,1
TA-05621,C-0415,2
TA-05622,C-0415,2
TA-05623,C-0414,2
TA-05624,C-0414,2
TA-05625,C-0101,2
TA-05626,C-0272,1
TA-05627,C-0182,1
TA-05628,C-1637,2
TA-05629,C-1637,2
TA-05630,C-0401,1
TA-05631,C-1218,1
TA-05632,C-0130,1
TA-05633,C-1587,1
TA-05634,C-1587,1
TA-05635,C-1623,2
TA-05636,C-1621,2
TA-05637,C-1621,2
TA-05638,C-1624,1
TA-05639,C-1621,1
TA-05640,C-0149,1
TA-05641,C-1621,1
TA-05642,C-0168,1
TA-05643,C-1312,2
TA-05644,C-1312,2
TA-05646,C-1620,1
TA-05647,C-1620,1
TA-05648,C-1620,1
TA-05649,C-1620,2
TA-05650,C-1620,2
TA-05651,C-1641,2
TA-05652,C-1624,1
TA-05653,C-1624,1
TA-05654,C-1624,1
TA-05655,C-1624,1
TA-05656,C-1625,2
TA-05657,C-1625,2
TA-05658,C-1624,2
TA-05659,C-1624,2
TA-05661,C-1420,1
TA-05662,C-0442,1
TA-05663,C-1624,1
TA-05664,C-1624,2
TA-05665,C-1625,2
TA-05666,C-1625,2
TA-05667,C-1625,1
TA-05668,C-1625,1
TA-05669,C-1623,1
TA-05670,C-1623,1
TA-05671,C-1625,1
TA-05672,C-1620,1
TA-05673,C-1624,1
TA-05674,C-1620,1
TA-05675,C-1620,1
TA-05676,C-1620,1
TA-05677,C-1620,1
TA-05678,C-1620,1
TA-05679,C-1620,1
TA-05680,C-1620,1
TA-05681,C-1621,2
TA-05682,C-1625,1
TA-05683,C-1625,1
TA-05684,C-1312,2
TA-05685,C-1624,2
TA-05686,C-1624,2
TA-05687,C-1624,2
TA-05688,C-1624,2
TA-05689,C-1781,1
TA-05690,C-1624,1
TA-05691,C-1620,2
TA-05692,C-1623,2
TA-05693,C-1621,2
TA-05694,C-1621,2
TA-05695,C-1621,2
TA-05696,C-1622,1
TA-05697,C-0537,1
TA-05698,C-0304,1
TA-05699,C-0568,1
TA-05701,C-1623,1
TA-05702,C-0199,1
TA-05703,C-1625,1
TA-05704,C-1781,1
TA-05705,C-1781,1
TA-05706,C-1312,2
TA-05707,C-1312,2
TA-05708,C-1312,2
TA-05709,C-1312,2
TA-05710,C-1642,1
TA-05711,C-1312,2
TA-05712,C-1312,2
TA-05713,C-1312,2
TA-05714,C-1312,2
TA-05715,C-1623,1
TA-05716,C-1623,1
TA-05717,C-1623,1
TA-05718,C-1623,1
TA-05719,C-1781,2
TA-05720,C-1624,1
TA-05721,C-1620,2
TA-05722,C-1647,2
TA-05723,C-1647,2
TA-05724,C-1622,2
TA-05725,C-1229,2
TA-05726,C-0538,1
TA-05727,C-1621,2
TA-05728,C-1781,1
TA-05729,C-0626,1
TA-05730,C-1622,2
TA-05731,C-1622,2
TA-05732,C-1218,1
TA-05733,C-1631,2
TA-05734,C-1622,2
TA-05735,C-1621,2
TA-05736,C-1312,2
TA-05737,C-1312,2
TA-05738,C-1312,2
TA-05739,C-1624,1
TA-05740,C-1625,1
TA-05741,C-1625,1
TA-05742,C-1624,2
TA-05743,C-1624,2
TA-05744,C-1398,2
TA-05745,C-1430,2
TA-05746,C-1947,1
TA-05747,C-1425,1
TA-05748,C-1622,2
TA-05749,C-1621,2
TA-05750,C-1621,2
TA-05751,C-1332,1
TA-05752,C-1621,1
TA-05753,C-1385,2
TA-05754,C-1385,2
TA-05755,C-1312,2
TA-05756,C-1312,2
TA-05757,C-1624,2
TA-05758,C-1620,2
TA-05759,C-1622,2
TA-05760,C-1623,2
TA-05761,C-1623,2
TA-05762,C-1639,1
TA-05763,C-1622,1
TA-05764,C-1420,2
TA-05765,C-1420,1
TA-05766,C-1420,2
TA-05767,C-1623,2
TA-05768,C-0823,2
TA-05769,C-1621,2
TA-05770,C-1642,1
TA-05771,C-0515,1
TA-05772,C-1312,2
TA-05773,C-1621,2
TA-05774,C-1621,2
TA-05775,C-0101,2
TA-05776,C-0096,2
TA-05777,C-0096,2
TA-05778,C-1622,2
TA-05779,C-1622,2
TA-05780,C-1631,2
TA-05781,C-1631,2
TA-05782,C-1622,2
TA-05783,C-1622,2
TA-05785,C-1625,1
TA-05786,C-1960,1
TA-05787,C-1960,1
TA-05788,C-1622,2
TA-05789,C-1622,2
TA-05790,C-1622,2
TA-05791,C-1622,2
TA-05792,C-1622,1
TA-05793,C-1622,1
TA-05794,C-1622,1
TA-05795,C-1622,1
TA-05796,C-1622,2
TA-05797,C-1622,2
TA-05798,C-1622,1
TA-05799,C-1622,1
TA-05800,C-1626,1
TA-05801,C-1781,1
TA-05802,C-1622,1
TA-05803,C-1622,1
TA-05804,C-1243,2
TA-05805,C-1243,2
TA-05806,C-1243,2
TA-05810,C-1243,2
TA-05811,C-1649,2
TA-05812,C-1649,2
TA-05813,C-1631,2
TA-05814,C-1631,2
TA-05815,C-1622,2
TA-05816,C-1622,2
TA-05817,C-1622,2
TA-05818,C-1420,2
TA-05819,C-1420,2
TA-05820,C-1817,1
TA-05821,C-1243,2
TA-05822,C-1243,1
TA-05823,C-1642,1
TA-05824,C-1638,2
TA-05825,C-1621,1
TA-05826,C-1621,1
TA-05827,C-1621,2
TA-05828,C-1623,1
TA-05829,C-0012,1
TA-05830,C-0012,1
TA-05831,C-0101,1
TA-05832,C-0101,1
TA-05833,C-0101,1
TA-05834,C-0101,1
TA-05835,C-0415,2
TA-05836,C-0101,1
TA-05837,C-0101,1
TA-05838,C-0101,2
TA-05839,C-0101,2
TA-05840,C-0415,2
TA-05841,C-0415,2
TA-05842,C-0813,1
TA-05843,C-1521,1
TA-05844,C-1621,2
TA-05845,C-1623,1
TA-05846,C-1623,1
TA-05847,C-1623,1
TA-05848,C-1623,1
TA-05849,C-1623,1
TA-05850,C-1623,1
TA-05851,C-1640,1
TA-05852,C-1640,1
TA-05853,C-1622,2
TA-05854,C-0101,2
TA-05855,C-0096,2
TA-05856,C-0096,2
TA-05857,C-1332,1
TA-05858,C-1620,2
TA-05859,C-1622,2
TA-05860,C-1622,2
TA-05861,C-1621,2
TA-05862,C-1621,1
TA-05863,C-1621,1
TA-05864,C-1624,1
TA-05865,C-0250,2
TA-05866,C-0448,2
TA-05867,C-1622,1
TA-05868,C-1622,1
TA-05869,C-1622,1
TA-05870,C-1622,1
TA-05871,C-1624,1
TA-05872,C-1625,1
TA-05873,C-1622,2
TA-05874,C-1622,2
TA-05875,C-1623,2
TA-05876,C-1623,2
TA-05877,C-1623,2
TA-05878,C-1622,1
TA-05879,C-1623,2
TA-05880,C-1623,1
TA-05881,C-1621,2
TA-05882,C-1621,2
TA-05883,C-1623,1
TA-05884,C-1621,1
TA-05885,C-1621,1
TA-05886,C-1622,2
TA-05887,C-1621,2
TA-05888,C-1621,2
TA-05889,C-1622,1
TA-05890,C-1621,1
TA-05891,C-1621,1
TA-05892,C-1621,1
TA-05893,C-1622,1
TA-05894,C-1621,1
TA-05895,C-1624,2
TA-05896,C-1624,2
TA-05897,C-1621,1
TA-05898,C-1621,1
TA-05899,C-1624,1
TA-05900,C-1622,2
TA-05901,C-1622,2
TA-05902,C-1638,2
TA-05903,C-1638,2
TA-05904,C-1624,2
TA-05905,C-1624,2
TA-05906,C-1622,1
TA-05907,C-1621,1
TA-05908,C-1621,1
TA-05909,C-1624,1
TA-05910,C-1624,1
TA-05911,C-1622,1
TA-05912,C-1621,1
TA-05913,C-1621,1
TA-05914,C-1623,1
TA-05915,C-1623,1
TA-05916,C-1623,2
TA-05917,C-1621,1
TA-05918,C-1622,2
TA-05919,C-1621,2
TA-05920,C-1621,2
TA-05921,C-1623,2
TA-05922,C-1623,1
TA-05923,C-1623,2
TA-05924,C-1623,2
TA-05925,C-1621,2
TA-05926,C-1621,2
TA-05927,C-1623,1
TA-05928,C-1623,1
TA-05929,C-1623,1
TA-05930,C-1623,1
TA-05931,C-1621,2
TA-05932,C-1622,2
TA-05933,C-1638,2
TA-05934,C-1638,2
TA-05935,C-1621,2
TA-05936,C-1624,2
TA-05937,C-1624,2
TA-05938,C-1622,2
TA-05939,C-1624,2
TA-05940,C-1638,2
TA-05941,C-1638,2
TA-05942,C-1622,2
TA-05943,C-1624,2
TA-05944,C-1621,1
TA-05945,C-1621,1
TA-05946,C-1622,1
TA-05947,C-1622,1
TA-05948,C-1623,2
TA-05949,C-1623,2
TA-05950,C-1621,1
TA-05951,C-1621,2
TA-05952,C-1621,2
TA-05953,C-1622,2
TA-05954,C-1622,1
TA-05955,C-1621,1
TA-05956,C-1621,1
TA-05957,C-1621,1
TA-05958,C-1623,2
TA-05959,C-1783,1
TA-05960,C-1475,1
TA-05961,C-1469,1
TA-05962,C-1621,2
TA-05966,C-1344,1
TA-05967,C-1344,1
TA-05968,C-1620,2
TA-05969,C-1621,2
TA-05970,C-1860,1
TA-05971,C-1312,2
TA-05972,C-1312,2
TA-05973,C-1312,2
TA-05974,C-1621,2
TA-05975,C-1777,1
TA-05976,C-1777,1
TA-05977,C-1776,1
TA-05978,C-1778,1
TA-05979,C-1778,1
TA-05980,C-1622,1
TA-05981,C-1622,1
TA-05982,C-1678,1
TA-05983,C-1623,1
TA-05984,C-1623,1
TA-05985,C-1622,1
TA-05986,C-1622,1
TA-05987,C-1622,1
TA-05988,C-1622,1
TA-05989,C-1355,1
TA-05990,C-1623,1
TA-05991,C-1420,2
TA-05992,C-1351,1
TA-05993,C-0448,1
TA-05994,C-0129,1
TA-05995,C-1624,2
TA-05996,C-1624,2
TA-05997,C-0101,2
TA-05998,C-0101,2
TA-05999,C-1312,2
TA-06000,C-1312,2
TA-06001,C-0074,1
TA-06002,C-0074,1
TA-06003,C-1625,2
TA-06004,C-1624,1
TA-06005,C-1623,1
TA-06006,C-1624,1
TA-06007,C-1624,2
TA-06008,C-1624,2
TA-06009,C-0448,2
TA-06010,C-0448,2
TA-06011,C-1243,1
TA-06012,C-1639,1
TA-06013,C-1639,1
TA-06014,C-1622,1
TA-06015,C-1622,1
TA-06016,C-1622,1
TA-06017,C-1622,1
TA-06019,C-0448,2
TA-06020,C-1625,2
TA-06021,C-1625,2
TA-06025,C-1622,2
TA-06026,C-0552,1
TA-06027,C-1687,1
TA-06028,C-0552,1
TA-06030,C-1620,2
TA-06031,C-1620,2
TA-06032,C-1620,2
TA-06033,C-1622,1
TA-06034,C-1622,2
TA-06035,C-1622,2
TA-06036,C-1622,2
TA-06037,C-1622,1
TA-06038,C-0096,2
TA-06039,C-0101,1
TA-06040,C-0101,1
TA-06041,C-0101,1
TA-06042,C-1243,2
TA-06043,C-1243,2
TA-06044,C-1243,2
TA-06045,C-1243,2
TA-06046,C-1638,2
TA-06047,C-1638,2
TA-06048,C-1621,2
TA-06049,C-1624,2
TA-06050,C-1622,2
TA-06051,C-1622,2
TA-06052,C-1243,2
TA-06053,C-1649,2
TA-06054,C-1622,2
TA-06055,C-1622,2
TA-06056,C-1380,2
TA-06057,C-1380,2
TA-06058,C-0554,1
TA-06060,C-1229,1
TA-06061,C-1355,1
TA-06062,C-1624,1
TA-06063,C-1624,2
TA-06066,C-1649,2
TA-06067,C-1625,1
TA-06068,C-1243,2
TA-06069,C-1625,2
TA-06070,C-0366,1
TA-06071,C-1622,2
TA-06072,C-1624,1
TA-06073,C-1312,2
TA-06074,C-1312,2
TA-06075,C-0272,2
TA-06076,C-0101,1
TA-06077,C-0101,1
TA-06078,C-0101,1
TA-06079,C-0101,1
TA-06080,C-0101,1
TA-06081,C-0101,1
TA-06082,C-0101,2
TA-06083,C-0101,2
TA-06084,C-1474,2
TA-06085,C-1468,2
TA-06086,C-1475,2
TA-06089,C-1312,2
TA-06090,C-1312,2
TA-06091,C-1312,2
TA-06092,C-1312,2
TA-06093,C-1312,2
TA-06094,C-1312,2
TA-06095,C-1312,2
TA-06096,C-1312,2
TA-06097,C-1312,2
TA-06098,C-1860,2
TA-06099,C-0558,1
TA-06100,C-0085,1
TA-06101,C-1623,2
TA-06102,C-1623,2
TA-06103,C-0543,1
TA-06104,C-1243,2
TA-06105,C-1243,2
TA-06106,C-0120,1
TA-06107,C-1243,2
TA-06108,C-1243,2
TA-06109,C-1621,2
TA-06110,C-1620,1
TA-06111,C-1620,1
TA-06112,C-1621,2
TA-06115,C-0120,1
TA-06116,C-1622,1
TA-06117,C-1777,1
TA-06118,C-1622,1
TA-06119,C-1312,2
TA-06120,C-1312,2
TA-06121,C-1621,1
TA-06122,C-1620,1
TA-06123,C-1621,1
TA-06124,C-1622,1
TA-06125,C-1622,1
TA-06126,C-1621,1
TA-06127,C-1621,1
TA-06128,C-1621,1
TA-06129,C-1621,1
TA-06130,C-1622,2
TA-06131,C-1845,2
TA-06132,C-0561,1
TA-06134,C-1624,2
TA-06136,C-0562,1
TA-06137,C-0562,1
TA-06138,C-0562,1
TA-06139,C-0562,1
TA-06140,C-0562,1
TA-06141,C-0562,1
TA-06142,C-0562,1
TA-06143,C-0562,1
TA-06145,C-0444,2
TA-06146,C-0444,2
TA-06147,C-0444,2
TA-06148,C-0444,2
TA-06149,C-1515,1
TA-06150,C-1425,1
TA-06151,C-1621,2
TA-06152,C-1625,1
TA-06153,C-1779,1
TA-06155,C-1639,2
TA-06156,C-1638,2
TA-06157,C-1621,2
TA-06158,C-1621,2
TA-06159,C-1621,2
TA-06160,C-0542,1
TA-06161,C-1790,1
TA-06162,C-1620,1
TA-06163,C-0170,1
TA-06164,C-1645,2
TA-06165,C-1645,2
TA-06166,C-1638,2
TA-06167,C-1312,2
TA-06168,C-1312,2
TA-06169,C-1624,1
TA-06170,C-1621,2
TA-06171,C-1621,2
TA-06172,C-1621,2
TA-06173,C-1621,2
TA-06174,C-1621,2
TA-06175,C-1621,2
TA-06176,C-1623,2
TA-06177,C-1622,1
TA-06178,C-1312,2
TA-06179,C-1312,2
TA-06180,C-1312,2
TA-06181,C-1312,2
TA-06182,C-1312,2
TA-06183,C-1312,2
TA-06185,C-1312,2
TA-06186,C-1312,2
TA-06187,C-1642,1
TA-06188,C-1642,1
TA-06189,C-1625,1
TA-06190,C-1625,1
TA-06191,C-1622,2
TA-06192,C-1622,2
TA-06193,C-1622,2
TA-06194,C-1622,2
TA-06195,C-0415,2
TA-06196,C-0415,2
TA-06197,C-0096,2
TA-06198,C-0101,2
TA-06199,C-0101,2
TA-06200,C-0101,2
TA-06201,C-0413,2
TA-06202,C-0413,2
TA-06204,C-0413,2
TA-06205,C-0413,2
TA-06206,C-1624,1
TA-06207,C-1624,1
TA-06208,C-1624,1
TA-06209,C-1624,1
TA-06210,C-0570,2
TA-06211,C-1257,1
TA-06212,C-0552,1
TA-06213,C-1245,1
TA-06214,C-1245,1
TA-06215,C-1621,2
TA-06216,C-1621,2
TA-06217,C-1621,2
TA-06218,C-1402,1
TA-06219,C-1621,2
TA-06220,C-1621,2
TA-06221,C-1777,1
TA-06222,C-1817,1
TA-06223,C-0843,1
TA-06224,C-1817,1
TA-06225,C-1312,2
TA-06228,C-1647,2
TA-06229,C-1647,2
TA-06230,C-1621,2
TA-06231,C-1625,1
TA-06232,C-1621,2
TA-06233,C-0562,1
TA-06234,C-0562,1
TA-06235,C-1783,1
TA-06236,C-1777,2
TA-06237,C-1622,2
TA-06238,C-1621,2
TA-06239,C-1621,2
TA-06240,C-1243,2
TA-06241,C-1623,1
TA-06242,C-1623,1
TA-06243,C-1650,1
TA-06244,C-1641,2
TA-06245,C-1624,1
TA-06246,C-1624,1
TA-06247,C-1624,1
TA-06248,C-1624,1
TA-06249,C-1624,1
TA-06250,C-1624,1
TA-06251,C-1624,1
TA-06252,C-1624,1
TA-06253,C-1641,1
TA-06254,C-1641,1
TA-06255,C-1624,1
TA-06256,C-0442,1
TA-06257,C-1420,2
TA-06258,C-1624,2
TA-06259,C-0077,1
TA-06260,C-1789,1
TA-06261,C-1349,1
TA-06262,C-1623,2
TA-06264,C-1344,1
TA-06266,C-1620,2
TA-06267,C-1808,2
TA-06268,C-1745,2
TA-06269,C-1621,2
TA-06270,C-1352,1
TA-06271,C-1645,2
TA-06272,C-1645,2
TA-06273,C-0820,1
TA-06274,C-0820,1
TA-06275,C-1312,2
TA-06276,C-1312,2
TA-06277,C-1312,2
TA-06278,C-1312,2
TA-06279,C-1795,1
TA-06280,C-1795,1
TA-06281,C-1650,1
TA-06282,C-0552,1
TA-06283,C-1622,1
TA-06284,C-1594,1
TA-06285,C-1594,1
TA-06286,C-1620,2
TA-06287,C-1620,1
TA-06288,C-1620,1
TA-06289,C-1620,1
TA-06290,C-1620,1
TA-06291,C-1620,1
TA-06292,C-1620,2
TA-06293,C-1620,2
TA-06294,C-1620,1
TA-06295,C-1620,1
TA-06296,C-1620,1
TA-06297,C-1620,2
TA-06298,C-1622,1
TA-06299,C-1622,1
TA-06300,C-1622,1
TA-06301,C-1622,1
TA-06302,C-0479,1
TA-06303,C-1621,2
TA-06304,C-1621,2
TA-06305,C-1629,1
TA-06306,C-1629,2
TA-06307,C-1629,1
TA-06308,C-1629,1
TA-06309,C-1860,3
TA-06310,C-1312,2
TA-06311,C-1312,2
TA-06312,C-1312,2
TA-06313,C-1312,2
TA-06314,C-1312,2
TA-06315,C-1312,2
TA-06316,C-1312,2
TA-06317,C-1312,2
TA-06318,C-1312,2
TA-06319,C-1620,2
TA-06320,C-1621,2
TA-06321,C-1621,2
TA-06322,C-1621,2
TA-06323,C-1312,2
TA-06324,C-1625,1
TA-06325,C-1312,2
TA-06326,C-1621,2
TA-06327,C-1621,2
TA-06328,C-1621,2
TA-06329,C-1621,2
TA-06330,C-1621,2
TA-06331,C-1621,2
TA-06332,C-1621,2
TA-06333,C-1621,2
TA-06334,C-1621,2
TA-06335,C-0818,2
TA-06336,C-1622,2
TA-06337,C-1312,2
TA-06338,C-1312,2
TA-06339,C-1312,2
TA-06340,C-1622,2
TA-06341,C-1312,2
TA-06342,C-1312,2
TA-06343,C-1312,2
TA-06344,C-1312,2
TA-06345,C-1312,2
TA-06346,C-1626,1
TA-06347,C-1626,1
TA-06348,C-1622,2
TA-06349,C-1626,1
TA-06350,C-1626,1
TA-06351,C-1623,1
TA-06352,C-1623,2
TA-06353,C-1623,1
TA-06354,C-1623,2
TA-06355,C-1623,2
TA-06356,C-1243,2
TA-06357,C-1848,1
TA-06358,C-1243,2
TA-06359,C-1243,1
TA-06360,C-1243,2
TA-06361,C-0588,1
TA-06362,C-1623,1
TA-06363,C-1623,1
TA-06364,C-1312,2
TA-06365,C-1312,2
TA-06366,C-1312,2
TA-06367,C-1312,2
TA-06368,C-1312,2
TA-06369,C-1312,2
TA-06370,C-1312,2
TA-06371,C-1312,2
TA-06372,C-1312,2
TA-06373,C-0474,1
TA-06374,C-0448,2
TA-06375,C-1312,2
TA-06376,C-1312,2
TA-06377,C-1633,2
TA-06378,C-1621,2
TA-06379,C-0365,1
TA-06380,C-0552,1
TA-06381,C-1777,1
TA-06382,C-1779,1
TA-06383,C-1779,1
TA-06384,C-1790,1
TA-06385,C-1622,1
TA-06386,C-1622,1
TA-06387,C-1623,1
TA-06388,C-1623,1
TA-06389,C-1623,1
TA-06390,C-1257,1
TA-06391,C-1623,2
TA-06392,C-1622,2
TA-06393,C-1623,2
TA-06394,C-1620,2
TA-06395,C-1620,2
TA-06396,C-1620,2
TA-06397,C-1623,1
TA-06400,C-1623,2
TA-06401,C-1623,2
TA-06402,C-1640,2
TA-06403,C-1640,2
TA-06404,C-1623,1
TA-06405,C-1623,1
TA-06406,C-1623,1
TA-06407,C-1640,1
TA-06408,C-1623,1
TA-06409,C-1623,1
TA-06410,C-1623,1
TA-06411,C-1624,1
TA-06412,C-1624,1
TA-06413,C-1621,1
TA-06419,C-1632,2
TA-06422,C-1243,2
TA-06423,C-1420,2
TA-06424,C-1624,1
TA-06425,C-1641,1
TA-06426,C-1624,2
TA-06428,C-1332,1
TA-06429,C-1621,2
TA-06430,C-1621,2
TA-06431,C-1622,1
TA-06432,C-1623,2
TA-06433,C-1623,2
TA-06434,C-1623,1
TA-06435,C-1623,1
TA-06436,C-1623,1
TA-06437,C-1640,1
TA-06438,C-1623,1
TA-06439,C-1623,1
TA-06440,C-1623,2
TA-06441,C-1623,2
TA-06442,C-1640,1
TA-06443,C-1623,1
TA-06444,C-1623,1
TA-06445,C-1623,2
TA-06446,C-1621,2
TA-06451,C-1622,1
TA-06452,C-1622,1
TA-06453,C-1622,1
TA-06454,C-1622,1
TA-06455,C-0009,1
TA-06456,C-1527,1
TA-06457,C-1630,2
TA-06458,C-1630,2
TA-06459,C-0250,2
TA-06460,C-1638,2
TA-06461,C-1621,2
TA-06462,C-1243,2
TA-06463,C-1243,2
TA-06464,C-1621,1
TA-06465,C-1625,1
TA-06466,C-1881,2
TA-06467,C-1881,2
TA-06468,C-1622,1
TA-06469,C-1622,1
TA-06470,C-1623,2
TA-06471,C-1623,2
TA-06472,C-1624,2
TA-06473,C-1625,2
TA-06474,C-1625,2
TA-06475,C-1624,2
TA-06476,C-1586,1
TA-06479,C-1624,1
TA-06480,C-1624,1
TA-06481,C-1993,1
TA-06482,C-1845,2
TA-06483,C-1621,2
TA-06485,C-1626,1
TA-06486,C-1621,1
TA-06487,C-1623,2
TA-06488,C-1624,2
TA-06489,C-1624,2
TA-06490,C-1624,2
TA-06491,C-1624,2
TA-06492,C-1624,2
TA-06493,C-1624,2
TA-06494,C-1620,2
TA-06495,C-1243,2
TA-06496,C-1621,2
TA-06497,C-1621,2
TA-06498,C-1243,1
TA-06499,C-1566,1
TA-06500,C-0130,1
TA-06501,C-0562,1
TA-06503,C-1993,1
TA-06504,C-0211,1
TA-06505,C-1622,2
TA-06506,C-0448,1
TA-06507,C-1622,2
TA-06508,C-1312,2
TA-06509,C-1312,2
TA-06511,C-0444,1
TA-06512,C-0444,1
TA-06513,C-1622,2
TA-06514,C-0444,2
TA-06515,C-1624,1
TA-06516,C-1624,1
TA-06517,C-1622,2
TA-06518,C-1621,1
TA-06520,C-1623,1
TA-06521,C-1623,1
TA-06522,C-1623,1
TA-06523,C-1209,1
TA-06524,C-1889,2
TA-06525,C-1620,1
TA-06526,C-1622,2
TA-06527,C-1624,1
TA-06528,C-1623,1
TA-06529,C-1623,1
TA-06530,C-1623,2
TA-06531,C-1623,2
TA-06532,C-1623,2
TA-06533,C-1623,2
TA-06534,C-1623,2
TA-06535,C-1243,2
TA-06536,C-1621,2
TA-06537,C-0444,2
TA-06538,C-0444,2
TA-06539,C-1505,1
TA-06540,C-1626,1
TA-06541,C-1621,1
TA-06542,C-1624,1
TA-06543,C-1624,1
TA-06544,C-1624,1
TA-06545,C-1624,1
TA-06546,C-1624,2
TA-06548,C-1243,1
TA-06549,C-1624,1
TA-06550,C-1624,1
TA-06551,C-1243,1
TA-06552,C-1623,1
TA-06553,C-1623,1
TA-06554,C-1243,2
TA-06555,C-1243,2
TA-06556,C-1620,1
TA-06557,C-1621,2
TA-06558,C-1621,2
TA-06559,C-1621,2
TA-06560,C-1621,2
TA-06561,C-1621,2
TA-06562,C-1631,2
TA-06563,C-1243,1
TA-06564,C-1631,2
TA-06565,C-0448,2
TA-06566,C-0448,2
TA-06568,C-1621,1
TA-06569,C-1621,1
TA-06570,C-1243,1
TA-06571,C-1243,1
TA-06572,C-0101,2
TA-06573,C-0101,2
TA-06574,C-0101,2
TA-06575,C-0101,2
TA-06576,C-0101,2
TA-06577,C-0101,2
TA-06578,C-0101,2
TA-06579,C-1626,1
TA-06580,C-1626,1
TA-06581,C-1626,1
TA-06582,C-1626,1
TA-06583,C-1626,1
TA-06584,C-1243,2
TA-06585,C-1243,2
TA-06587,C-1243,2
TA-06588,C-1624,1
TA-06589,C-1521,1
TA-06590,C-1943,1
TA-06591,C-1243,1
TA-06592,C-1621,1
TA-06593,C-1621,2
TA-06594,C-1420,2
TA-06595,C-0562,1
TA-06596,C-0562,1
TA-06597,C-1943,1
TA-06598,C-1630,1
TA-06599,C-1630,1
TA-06600,C-1630,1
TA-06601,C-1630,1
TA-06602,C-1630,1
TA-06603,C-1621,2
TA-06604,C-1621,2
TA-06605,C-1621,2
TA-06606,C-1621,2
TA-06607,C-1623,1
TA-06609,C-1626,1
TA-06610,C-1632,2
TA-06611,C-1209,1
TA-06612,C-1641,2
TA-06613,C-1623,2
TA-06614,C-1623,2
TA-06615,C-1623,1
TA-06616,C-1623,1
TA-06617,C-1623,2
TA-06618,C-1623,2
TA-06619,C-1623,2
TA-06620,C-1243,2
TA-06621,C-1475,1
TA-06622,C-1624,2
TA-06623,C-1881,2
TA-06624,C-1883,2
TA-06625,C-1586,2
TA-06626,C-1586,2
TA-06627,C-1243,2
TA-06628,C-1888,1
TA-06629,C-1888,1
TA-06630,C-1623,1
TA-06633,C-1622,2
TA-06634,C-1622,1
TA-06635,C-1623,2
TA-06636,C-1621,2
TA-06637,C-1621,2
TA-06638,C-1621,2
TA-06639,C-1622,2
TA-06640,C-1622,2
TA-06641,C-1647,1
TA-06642,C-1637,2
TA-06643,C-1312,2
TA-06644,C-1623,1
TA-06645,C-1623,1
TA-06646,C-1623,2
TA-06647,C-1623,2
TA-06648,C-1626,1
TA-06649,C-1625,2
TA-06650,C-1625,2
TA-06651,C-1623,1
TA-06652,C-1626,1
TA-06653,C-1621,2
TA-06654,C-1624,1
TA-06655,C-1624,2
TA-06656,C-1624,2
TA-06657,C-1623,2
TA-06658,C-1622,2
TA-06659,C-1623,2
TA-06660,C-1622,1
TA-06661,C-1623,2
TA-06662,C-1621,2
TA-06663,C-1621,2
TA-06664,C-1621,2
TA-06665,C-1623,2
TA-06666,C-1623,2
TA-06667,C-1623,2
TA-06668,C-1622,1
TA-06669,C-1622,1
TA-06670,C-1621,2
TA-06671,C-1644,1
TA-06672,C-1623,1
TA-06673,C-1623,1
TA-06674,C-1623,1
TA-06676,C-1312,2
TA-06677,C-1312,2
TA-06678,C-1312,2
TA-06679,C-1312,2
TA-06680,C-1312,2
TA-06681,C-1312,2
TA-06682,C-1312,2
TA-06683,C-1312,2
TA-06684,C-1621,2
TA-06685,C-1622,2
TA-06686,C-1622,2
TA-06687,C-1622,2
TA-06688,C-1621,2
TA-06690,C-0603,1
TA-06691,C-1623,1
TA-06694,C-1622,2
TA-06695,C-1355,1
TA-06696,C-1624,2
TA-06697,C-1218,1
TA-06698,C-1218,1
TA-06699,C-1218,1
TA-06700,C-1218,1
TA-06701,C-1218,1
TA-06702,C-1646,1
TA-06703,C-1623,2
TA-06704,C-1218,1
TA-06705,C-1642,1
TA-06706,C-1533,1
TA-06707,C-1621,2
TA-06708,C-1420,2
TA-06709,C-1623,2
TA-06710,C-1623,2
TA-06711,C-0130,1
TA-06712,C-1638,2
TA-06713,C-1638,2
TA-06714,C-1420,2
TA-06715,C-1620,2
TA-06716,C-1420,2
TA-06717,C-1845,2
TA-06718,C-1845,2
TA-06719,C-1845,2
TA-06720,C-1621,2
TA-06721,C-1621,2
TA-06723,C-1622,2
TA-06724,C-1642,1
TA-06725,C-1642,1
TA-06726,C-1621,2
TA-06727,C-1621,2
TA-06728,C-1621,2
TA-06730,C-1621,2
TA-06731,C-1621,2
TA-06732,C-1845,2
TA-06733,C-0823,2
TA-06734,C-1229,2
TA-06735,C-1218,1
TA-06736,C-1218,1
TA-06737,C-1488,1
TA-06738,C-1586,1
TA-06739,C-1243,2
TA-06740,C-1638,2
TA-06742,C-1848,2
TA-06747,C-1622,2
TA-06748,C-1622,2
TA-06749,C-1420,2
TA-06751,C-1638,2
TA-06752,C-1626,1
TA-06753,C-1626,1
TA-06754,C-0442,1
TA-06755,C-1621,2
TA-06756,C-1621,2
TA-06757,C-1621,2
TA-06758,C-1621,2
TA-06761,C-1624,1
TA-06762,C-1623,1
TA-06763,C-1623,1
TA-06764,C-1781,1
TA-06765,C-1621,2
TA-06766,C-1621,2
TA-06767,C-1621,2
TA-06768,C-1621,2
TA-06769,C-1218,1
TA-06770,C-1622,2
TA-06771,C-1622,2
TA-06772,C-1622,2
TA-06774,C-1623,2
TA-06775,C-1628,2
TA-06776,C-1817,1
TA-06777,C-0170,1
TA-06778,C-0199,1
TA-06780,C-1425,1
TA-06781,C-0272,2
TA-06782,C-0101,1
TA-06783,C-1642,2
TA-06784,C-1621,1
TA-06785,C-1243,2
TA-06786,C-1894,1
TA-06787,C-1894,1
TA-06788,C-0359,1
TA-06789,C-1631,1
TA-06790,C-1631,1
TA-06791,C-1312,2
TA-06792,C-1321,1
TA-06793,C-0817,1
TA-06794,C-1419,1
TA-06795,C-1623,2
TA-06796,C-1625,1
TA-06797,C-1625,1
TA-06798,C-1625,1
TA-06799,C-1586,1
TA-06800,C-1586,1
TA-06801,C-1243,2
TA-06804,C-1845,2
TA-06805,C-1745,1
TA-06806,C-1625,2
TA-06807,C-1506,1
TA-06808,C-1629,2
TA-06809,C-1420,2
TA-06810,C-1420,2
TA-06811,C-1420,2
TA-06812,C-1420,2
TA-06813,C-1420,2
TA-06814,C-1420,2
TA-06815,C-1420,2
TA-06816,C-1420,2
TA-06817,C-1622,2
TA-06818,C-1649,2
TA-06819,C-1649,2
TA-06820,C-1624,1
TA-06821,C-1622,1
TA-06823,C-1758,1
TA-06824,C-1623,1
TA-06825,C-1622,2
TA-06826,C-1622,2
TA-06827,C-1622,2
TA-06828,C-1622,2
TA-06829,C-1622,2
TA-06830,C-1622,2
TA-06831,C-1624,2
TA-06833,C-0254,1
TA-06834,C-1494,1
TA-06835,C-0101,2
TA-06836,C-0101,2
TA-06837,C-1881,2
TA-06838,C-1624,1
TA-06839,C-0308,1
TA-06840,C-0009,1
TA-06841,C-1312,2
TA-06842,C-1312,2
TA-06843,C-1312,2
TA-06844,C-0009,3
TA-06845,C-1845,2
TA-06847,C-1316,1
TA-06848,C-1626,1
TA-06849,C-1332,1
TA-06850,C-1646,2
TA-06851,C-1621,1
TA-06852,C-1621,1
TA-06853,C-1621,1
TA-06854,C-1621,1
TA-06855,C-1621,1
TA-06856,C-1621,1
TA-06857,C-1621,1
TA-06858,C-1621,1
TA-06859,C-1470,1
TA-06860,C-1621,2
TA-06861,C-1621,2
TA-06862,C-1621,2
TA-06863,C-1621,2
TA-06864,C-1783,1
TA-06865,C-1621,2
TA-06866,C-1621,2
TA-06867,C-1624,2
TA-06868,C-1624,2
TA-06869,C-1621,2
TA-06870,C-1621,2
TA-06871,C-1623,1
TA-06872,C-1638,2
TA-06873,C-1638,2
TA-06874,C-1621,2
TA-06875,C-1621,2
TA-06876,C-1624,2
TA-06877,C-1624,2
TA-06878,C-1625,2
TA-06879,C-1622,2
TA-06880,C-1817,1
TA-06881,C-1204,1
TA-06882,C-1621,2
TA-06883,C-1621,2
TA-06886,C-1647,2
TA-06887,C-1620,2
TA-06888,C-0101,2
TA-06889,C-0101,2
TA-06890,C-1845,1
TA-06891,C-1505,1
TA-06892,C-1411,1
TA-06893,C-1624,2
TA-06894,C-1243,2
TA-06895,C-0532,1
TA-06896,C-1622,2
TA-06897,C-1621,1
TA-06898,C-1203,1
TA-06899,C-1768,1
TA-06900,C-1768,1
TA-06901,C-1621,1
TA-06902,C-1621,1
TA-06903,C-1243,1
TA-06904,C-1243,1
TA-06905,C-1243,1
TA-06906,C-1312,2
TA-06907,C-1312,2
TA-06908,C-1312,2
TA-06909,C-1642,1
TA-06910,C-1801,2
TA-06911,C-1621,2
TA-06912,C-1621,2
TA-06913,C-1621,2
TA-06914,C-1621,2
TA-06915,C-1845,1
TA-06916,C-1624,1
TA-06917,C-1621,1
TA-06919,C-0450,2
TA-06920,C-0450,1
TA-06921,C-0444,2
TA-06922,C-0444,2
TA-06923,C-1420,1
TA-06928,C-1623,2
TA-06929,C-1848,2
TA-06930,C-1420,2
TA-06931,C-0612,1
TA-06932,C-1943,1
TA-06933,C-1943,1
TA-06934,C-1621,2
TA-06935,C-0444,2
TA-06936,C-1243,2
TA-06937,C-1243,2
TA-06938,C-1625,1
TA-06939,C-0101,2
TA-06940,C-0101,2
TA-06941,C-0101,2
TA-06942,C-0101,2
TA-06943,C-1960,1
TA-06944,C-1555,1
TA-06945,C-1620,2
TA-06946,C-1620,2
TA-06947,C-1620,2
TA-06948,C-1620,2
TA-06949,C-0132,1
TA-06950,C-0132,1
TA-06951,C-1243,1
TA-06952,C-0444,1
TA-06953,C-1257,1
TA-06954,C-1420,2
TA-06955,C-1622,2
TA-06956,C-1555,1
TA-06957,C-1645,2
TA-06958,C-1622,1
TA-06959,C-1505,1
TA-06960,C-1621,2
TA-06961,C-1622,2
TA-06962,C-1621,2
TA-06963,C-1622,2
TA-06964,C-1622,2
TA-06965,C-1621,2
TA-06966,C-1620,1
TA-06967,C-1620,1
TA-06968,C-1312,2
TA-06969,C-1626,1
TA-06973,C-1243,2
TA-06974,C-1586,2
TA-06975,C-1620,1
TA-06976,C-1620,1
TA-06977,C-0448,2
TA-06981,C-1312,2
TA-06982,C-1621,1
TA-06983,C-1624,2
TA-06984,C-1622,1
TA-06985,C-1622,1
TA-06986,C-1624,1
TA-06987,C-1585,1
TA-06988,C-1585,1
TA-06989,C-1592,1
TA-06990,C-1592,1
TA-06991,C-1355,1
TA-06992,C-1848,2
TA-06995,C-0606,1
TA-06996,C-0365,1
TA-06997,C-0554,1
TA-06998,C-1626,1
TA-06999,C-1626,1
TA-07000,C-1626,1
TA-07001,C-1621,2
TA-07002,C-1621,1
TA-07003,C-1622,1
TA-07004,C-1639,2
TA-07005,C-1622,1
TA-07006,C-1622,2
TA-07007,C-1622,4
TA-07010,C-1848,1
TA-07011,C-1848,1
TA-07012,C-0071,1
TA-07013,C-1621,2
TA-07014,C-1621,2
TA-07015,C-0275,2
TA-07016,C-1615,1
TA-07017,C-1312,2
TA-07018,C-1312,2
TA-07019,C-1312,2
TA-07020,C-1312,2
TA-07021,C-1312,2
TA-07022,C-1312,2
TA-07023,C-1312,2
TA-07024,C-1312,2
TA-07025,C-1621,1
TA-07026,C-1621,1
TA-07027,C-1623,1
TA-07028,C-1623,1
TA-07029,C-1620,2
TA-07030,C-0562,1
TA-07031,C-0829,2
TA-07032,C-0464,1
TA-07033,C-1621,1
TA-07034,C-1621,1
TA-07035,C-1242,1
TA-07036,C-1495,2
TA-07037,C-1495,2
TA-07040,C-1622,2
TA-07041,C-1624,2
TA-07042,C-1626,1
TA-07043,C-1817,1
TA-07044,C-1586,1
TA-07045,C-1900,1
TA-07047,C-1621,2
TA-07048,C-1621,2
TA-07049,C-1622,2
TA-07050,C-1622,2
TA-07051,C-1647,1
TA-07052,C-1647,1
TA-07053,C-1647,1
TA-07054,C-1888,1
TA-07055,C-1888,1
TA-07056,C-1845,2
TA-07057,C-1390,2
TA-07058,C-0093,1
TA-07059,C-1643,2
TA-07060,C-1625,2
TA-07061,C-1623,1
TA-07062,C-1642,1
TA-07063,C-1623,1
TA-07064,C-1647,1
TA-07065,C-1647,1
TA-07066,C-1623,1
TA-07067,C-1623,1
TA-07068,C-1845,2
TA-07069,C-1845,2
TA-07071,C-1625,2
TA-07072,C-1625,2
TA-07073,C-1622,2
TA-07074,C-1625,1
TA-07075,C-1625,1
TA-07076,C-1624,1
TA-07077,C-1624,1
TA-07078,C-1711,2
TA-07079,C-1624,1
TA-07080,C-1624,1
TA-07081,C-1419,1
TA-07082,C-0627,1
TA-07083,C-0627,1
TA-07084,C-1624,1
TA-07085,C-1340,1
TA-07086,C-1848,1
TA-07087,C-1623,1
TA-07088,C-1623,1
TA-07089,C-1623,1
TA-07090,C-1257,1
TA-07091,C-1621,2
TA-07092,C-1621,2
TA-07093,C-1621,2
TA-07094,C-1621,2
TA-07095,C-1639,2
TA-07096,C-1641,2
TA-07097,C-1641,2
TA-07098,C-1624,1
TA-07099,C-1624,1
TA-07100,C-1243,2
TA-07101,C-0448,2
TA-07102,C-1243,2
TA-07103,C-1625,2
TA-07104,C-1625,2
TA-07105,C-1625,2
TA-07106,C-1625,2
TA-07107,C-1625,2
TA-07108,C-1625,2
TA-07109,C-1625,2
TA-07110,C-1625,2
TA-07111,C-1622,2
TA-07112,C-1621,2
TA-07113,C-1622,2
TA-07114,C-1620,1
TA-07115,C-1838,1
TA-07116,C-1642,1
TA-07117,C-1623,1
TA-07118,C-1845,2
TA-07119,C-1845,2
TA-07120,C-1623,1
TA-07123,C-1420,1
TA-07125,C-1625,2
TA-07126,C-1625,2
TA-07127,C-1624,2
TA-07128,C-1624,1
TA-07129,C-1624,1
TA-07130,C-1398,2
TA-07131,C-1624,2
TA-07132,C-1838,1
TA-07133,C-1620,2
TA-07134,C-1620,2
TA-07135,C-1624,2
TA-07136,C-1984,1
TA-07138,C-1632,1
TA-07139,C-1623,1
TA-07140,C-1243,2
TA-07141,C-1243,2
TA-07142,C-1243,4
TA-07143,C-1420,2
TA-07144,C-1860,1
TA-07145,C-1621,2
TA-07146,C-1621,2
TA-07147,C-1621,2
TA-07148,C-1621,2
TA-07149,C-1621,2
TA-07150,C-1621,2
TA-07151,C-1621,2
TA-07152,C-1621,2
TA-07153,C-1621,2
TA-07154,C-1621,2
TA-07155,C-1621,2
TA-07156,C-1621,2
TA-07157,C-1621,2
TA-07158,C-1621,2
TA-07159,C-1621,2
TA-07160,C-1621,2
TA-07161,C-1645,2
TA-07164,C-0448,1
TA-07165,C-1624,1
TA-07166,C-1312,2
TA-07167,C-1312,2
TA-07168,C-1312,2
TA-07169,C-1621,2
TA-07170,C-1625,1
TA-07171,C-1625,1
TA-07172,C-1625,2
TA-07173,C-1625,1
TA-07174,C-1625,1
TA-07175,C-1625,1
TA-07176,C-1621,1
TA-07178,C-1420,2
TA-07182,C-1585,2
TA-07183,C-1625,1
TA-07184,C-1625,1
TA-07185,C-1642,1
TA-07186,C-1642,1
TA-07187,C-1218,1
TA-07188,C-1218,1
TA-07189,C-1632,1
TA-07190,C-1632,1
TA-07191,C-1641,2
TA-07192,C-1641,2
TA-07193,C-1621,2
TA-07194,C-1621,2
TA-07195,C-1624,2
TA-07196,C-1622,2
TA-07197,C-1622,2
TA-07198,C-1622,2
TA-07199,C-1622,2
TA-07200,C-1621,2
TA-07201,C-1622,2
TA-07202,C-1621,2
TA-07203,C-1621,2
TA-07204,C-1621,2
TA-07205,C-1621,2
TA-07206,C-1621,2
TA-07207,C-0444,1
TA-07208,C-1243,2
TA-07209,C-1312,2
TA-07210,C-1312,2
TA-07211,C-1312,2
TA-07212,C-1624,2
TA-07213,C-0365,1
TA-07214,C-1620,2
TA-07215,C-1621,2
TA-07216,C-1621,2
TA-07217,C-1621,2
TA-07218,C-1620,1
TA-07219,C-1638,2
TA-07220,C-0448,2
TA-07221,C-1243,2
TA-07222,C-1625,1
TA-07223,C-1625,1
TA-07224,C-1625,1
TA-07225,C-1642,1
TA-07226,C-1642,1
TA-07227,C-1625,1
TA-07228,C-1866,1
TA-07229,C-1312,2
TA-07230,C-1312,2
TA-07231,C-1623,1
TA-07232,C-1623,1
TA-07233,C-1645,2
TA-07234,C-1645,2
TA-07235,C-0244,1
TA-07236,C-0244,1
TA-07237,C-0471,1
TA-07238,C-1625,2
TA-07239,C-1645,2
TA-07240,C-1645,2
TA-07241,C-1621,2
TA-07242,C-1622,2
TA-07243,C-1625,2
TA-07244,C-1411,1
TA-07245,C-0639,1
TA-07246,C-0696,1
TA-07247,C-0639,1
TA-07248,C-1243,2
TA-07249,C-1625,1
TA-07252,C-1639,1
TA-07253,C-0448,2
TA-07254,C-1621,2
TA-07255,C-1622,2
TA-07256,C-1622,4
TA-07257,C-1621,2
TA-07258,C-1621,2
TA-07259,C-1625,1
TA-07260,C-1625,1
TA-07261,C-1625,1
TA-07262,C-1625,1
TA-07264,C-1790,1
TA-07265,C-1641,2
TA-07266,C-1312,2
TA-07267,C-1312,2
TA-07268,C-1312,2
TA-07269,C-1312,2
TA-07270,C-1620,2
TA-07271,C-1628,2
TA-07272,C-1628,2
TA-07273,C-1625,1
TA-07274,C-1622,2
TA-07275,C-1427,1
TA-07276,C-1623,1
TA-07277,C-1623,1
TA-07278,C-1623,1
TA-07279,C-1623,1
TA-07280,C-1623,1
TA-07281,C-1623,1
TA-07282,C-1860,1
TA-07285,C-1621,1
TA-07286,C-1621,1
TA-07287,C-1998,1
TA-07288,C-1624,2
TA-07290,C-1626,1
TA-07291,C-1476,2
TA-07292,C-1624,2
TA-07293,C-1624,2
TA-07294,C-1624,2
TA-07295,C-1624,2
TA-07296,C-1624,2
TA-07297,C-1624,2
TA-07298,C-1624,2
TA-07299,C-1624,2
TA-07300,C-1622,2
TA-07301,C-1327,2
TA-07302,C-1327,2
TA-07303,C-1622,2
TA-07304,C-1622,2
TA-07305,C-1619,1
TA-07306,C-1618,1
TA-07307,C-1619,1
TA-07308,C-1625,2
TA-07309,C-0839,1
TA-07310,C-1623,2
TA-07311,C-1838,1
TA-07312,C-1621,2
TA-07313,C-1621,2
TA-07314,C-1960,1
TA-07315,C-1960,1
TA-07316,C-1622,2
TA-07317,C-1622,2
TA-07318,C-1622,2
TA-07319,C-1623,2
TA-07320,C-1625,2
TA-07321,C-1624,2
TA-07322,C-0308,1
TA-07323,C-0308,1
TA-07324,C-0068,1
TA-07325,C-0640,1
TA-07326,C-1713,1
TA-07329,C-1621,2
TA-07330,C-1621,2
TA-07331,C-1621,2
TA-07332,C-1621,2
TA-07333,C-1622,2
TA-07334,C-1622,2
TA-07335,C-1622,1
TA-07336,C-1713,1
TA-07337,C-1545,1
TA-07338,C-1545,1
TA-07339,C-1621,2
TA-07340,C-1621,2
TA-07341,C-1621,2
TA-07342,C-1621,2
TA-07343,C-1621,2
TA-07344,C-1625,2
TA-07345,C-1625,2
TA-07346,C-1621,2
TA-07347,C-1621,2
TA-07348,C-1344,1
TA-07349,C-1344,1
TA-07350,C-1624,1
TA-07351,C-1624,1
TA-07352,C-1621,2
TA-07353,C-1621,2
TA-07354,C-1243,2
TA-07355,C-1625,2
TA-07356,C-1620,2
TA-07357,C-1382,1
TA-07358,C-0067,1
TA-07359,C-1622,1
TA-07360,C-1622,1
TA-07361,C-0636,1
TA-07362,C-0636,1
TA-07363,C-1621,2
TA-07364,C-1621,2
TA-07365,C-1935,2
TA-07366,C-1935,1
TA-07367,C-1935,1
TA-07368,C-0444,1
TA-07369,C-1368,1
TA-07370,C-0829,1
TA-07371,C-1425,1
TA-07376,C-1621,2
TA-07377,C-1213,1
TA-07378,C-1623,1
TA-07379,C-2030,2
TA-07380,C-1624,2
TA-07381,C-1621,2
TA-07382,C-1621,2
TA-07383,C-1623,2
TA-07384,C-1621,2
TA-07385,C-1495,1
TA-07386,C-1495,1
TA-07387,C-0734,1
TA-07388,C-1631,2
TA-07390,C-1621,1
TA-07391,C-1621,1
TA-07392,C-1625,2
TA-07393,C-1625,2
TA-07394,C-1625,2
TA-07395,C-1625,2
TA-07396,C-1622,2
TA-07397,C-1947,1
TA-07398,C-1426,1
TA-07399,C-0641,1
TA-07400,C-1432,1
TA-07401,C-0101,1
TA-07402,C-0101,1
TA-07403,C-0101,1
TA-07404,C-0101,1
TA-07405,C-0272,2
TA-07406,C-1312,2
TA-07407,C-1312,2
TA-07408,C-1621,1
TA-07409,C-1622,2
TA-07410,C-1621,1
TA-07411,C-1622,2
TA-07413,C-1960,1
TA-07414,C-1331,1
TA-07415,C-1792,2
TA-07416,C-0043,1
TA-07417,C-1701,1
TA-07418,C-0043,1
TA-07419,C-1701,1
TA-07420,C-0417,1
TA-07421,C-0417,1
TA-07422,C-0418,2
TA-07423,C-0417,1
TA-07424,C-1792,2
TA-07425,C-1623,1
TA-07426,C-1640,1
TA-07427,C-1623,1
TA-07428,C-1623,1
TA-07430,C-1243,2
TA-07431,C-1355,1
TA-07432,C-1622,2
TA-07434,C-1242,1
TA-07435,C-0622,1
TA-07436,C-1628,2
TA-07437,C-0681,1
TA-07438,C-1817,1
TA-07440,C-1312,2
TA-07441,C-1621,2
TA-07442,C-1845,2
TA-07443,C-0648,1
TA-07444,C-0650,1
TA-07445,C-0444,2
TA-07446,C-1845,2
TA-07447,C-1644,1
TA-07448,C-1817,1
TA-07449,C-1628,2
TA-07451,C-1860,1
TA-07452,C-1625,2
TA-07453,C-1625,2
TA-07454,C-1624,1
TA-07455,C-1243,2
TA-07456,C-1649,2
TA-07457,C-1649,2
TA-07458,C-0562,1
TA-07459,C-1621,2
TA-07460,C-1621,1
TA-07461,C-1621,1
TA-07462,C-1621,1
TA-07463,C-0626,1
TA-07465,C-0593,1
TA-07466,C-1845,2
TA-07467,C-1622,2
TA-07468,C-1621,2
TA-07469,C-1622,2
TA-07470,C-1420,2
TA-07471,C-0651,1
TA-07472,C-0651,1
TA-07475,C-1639,2
TA-07476,C-1621,2
TA-07477,C-1243,1
TA-07478,C-1631,2
TA-07479,C-1960,1
TA-07480,C-1960,1
TA-07483,C-1623,2
TA-07484,C-1623,1
TA-07485,C-1623,1
TA-07486,C-1623,1
TA-07487,C-1623,1
TA-07488,C-1623,1
TA-07489,C-1623,1
TA-07490,C-1622,2
TA-07491,C-1622,2
TA-07493,C-1533,1
TA-07494,C-1622,1
TA-07495,C-1622,1
TA-07496,C-1622,1
TA-07497,C-1622,1
TA-07498,C-1622,2
TA-07499,C-1621,2
TA-07500,C-1615,1
TA-07501,C-1615,1
TA-07502,C-1624,2
TA-07503,C-1624,1
TA-07504,C-1624,1
TA-07505,C-1621,2
TA-07506,C-1621,2
TA-07507,C-1624,1
TA-07508,C-1624,1
TA-07509,C-2019,2
TA-07510,C-1621,2
TA-07511,C-1621,2
TA-07512,C-0677,1
TA-07513,C-1639,1
TA-07514,C-1622,1
TA-07515,C-1622,1
TA-07516,C-1622,1
TA-07517,C-1622,1
TA-07518,C-1622,1
TA-07519,C-1622,1
TA-07520,C-1218,1
TA-07521,C-1218,1
TA-07522,C-1689,1
TA-07523,C-1624,1
TA-07524,C-1624,1
TA-07525,C-1624,1
TA-07526,C-1621,2
TA-07527,C-1621,2
TA-07528,C-1621,2
TA-07529,C-1621,2
TA-07530,C-1420,2
TA-07531,C-1848,2
TA-07532,C-1621,2
TA-07533,C-1621,2
TA-07534,C-1621,2
TA-07535,C-1621,2
TA-07536,C-1621,2
TA-07537,C-1243,2
TA-07538,C-0448,2
TA-07541,C-1411,1
TA-07542,C-1624,1
TA-07543,C-1625,2
TA-07544,C-1835,1
TA-07545,C-1474,1
TA-07546,C-1477,1
TA-07547,C-1623,1
TA-07548,C-1218,1
TA-07549,C-1646,1
TA-07550,C-1646,2
TA-07551,C-1646,1
TA-07552,C-1623,1
TA-07553,C-1623,1
TA-07554,C-1620,2
TA-07555,C-1620,2
TA-07556,C-1312,2
TA-07558,C-2004,1
TA-07559,C-1218,1
TA-07560,C-1218,1
TA-07561,C-1312,2
TA-07564,C-1621,2
TA-07565,C-1625,2
TA-07566,C-1625,2
TA-07567,C-1621,2
TA-07568,C-1625,2
TA-07569,C-1629,2
TA-07570,C-1625,1
TA-07571,C-1626,1
TA-07572,C-1622,2
TA-07573,C-1980,4
TA-07574,C-0448,2
TA-07577,C-0165,1
TA-07578,C-1420,2
TA-07579,C-1626,1
TA-07580,C-0536,1
TA-07581,C-0444,1
TA-07582,C-0444,1
TA-07586,C-1623,1
TA-07587,C-1623,1
TA-07588,C-1623,1
TA-07589,C-1623,1
TA-07590,C-1623,1
TA-07591,C-1623,1
TA-07592,C-1624,1
TA-07593,C-1625,1
TA-07594,C-1625,1
TA-07595,C-1622,2
TA-07596,C-1622,2
TA-07597,C-1642,1
TA-07598,C-1642,1
TA-07599,C-1622,2
TA-07600,C-1622,2
TA-07603,C-1625,1
TA-07604,C-1623,2
TA-07605,C-1623,2
TA-07606,C-1623,2
TA-07607,C-1595,1
TA-07608,C-1526,1
TA-07609,C-1595,1
TA-07610,C-1995,2
TA-07611,C-1411,1
TA-07612,C-1642,2
TA-07613,C-1623,2
TA-07614,C-1622,2
TA-07618,C-1924,1
TA-07619,C-1625,1
TA-07620,C-1624,2
TA-07621,C-1624,2
TA-07622,C-0071,1
TA-07623,C-0259,1
TA-07624,C-1947,1
TA-07625,C-0306,1
TA-07626,C-0306,1
TA-07627,C-1762,1
TA-07628,C-1947,1
TA-07629,C-0071,1
TA-07630,C-1845,2
TA-07631,C-1622,2
TA-07632,C-1622,2
TA-07633,C-1625,1
TA-07634,C-1629,2
TA-07635,C-1629,2
TA-07636,C-0430,1
TA-07637,C-1804,1
TA-07638,C-1895,2
TA-07639,C-1895,2
TA-07640,C-1622,2
TA-07641,C-1622,2
TA-07642,C-1622,2
TA-07643,C-1624,2
TA-07644,C-1624,1
TA-07645,C-1623,2
TA-07646,C-1623,2
TA-07647,C-1623,2
TA-07648,C-1638,2
TA-07649,C-1638,2
TA-07650,C-1622,2
TA-07651,C-1624,1
TA-07652,C-1622,1
TA-07655,C-0453,1
TA-07657,C-1845,2
TA-07660,C-0598,1
TA-07661,C-1621,1
TA-07662,C-1621,2
TA-07663,C-1621,2
TA-07664,C-1643,2
TA-07665,C-1243,2
TA-07667,C-1505,1
TA-07668,C-0672,1
TA-07670,C-1626,2
TA-07671,C-1626,2
TA-07672,C-1629,2
TA-07673,C-1629,2
TA-07674,C-1628,2
TA-07675,C-0170,1
TA-07676,C-1625,1
TA-07677,C-1628,2
TA-07678,C-1628,2
TA-07679,C-1629,2
TA-07680,C-1629,2
TA-07681,C-1629,2
TA-07682,C-1628,2
TA-07683,C-1628,2
TA-07684,C-1621,1
TA-07685,C-1628,2
TA-07686,C-1628,2
TA-07687,C-1629,2
TA-07688,C-1960,1
TA-07689,C-1960,1
TA-07690,C-1625,1
TA-07691,C-1623,2
TA-07692,C-1848,1
TA-07693,C-1848,1
TA-07694,C-0617,1
TA-07695,C-0617,1
TA-07696,C-1941,1
TA-07697,C-1621,1
TA-07698,C-1625,4
TA-07699,C-1640,2
TA-07700,C-1995,2
TA-07701,C-1622,2
TA-07702,C-1621,2
TA-07703,C-1621,2
TA-07705,C-0819,1
TA-07706,C-0593,1
TA-07707,C-1625,2
TA-07708,C-1625,2
TA-07709,C-1845,2
TA-07710,C-1621,2
TA-07711,C-1623,1
TA-07714,C-1719,1
TA-07715,C-1642,1
TA-07716,C-1642,1
TA-07717,C-1621,2
TA-07718,C-1391,1
TA-07719,C-1476,2
TA-07720,C-1621,2
TA-07723,C-0448,1
TA-07724,C-0647,1
TA-07725,C-1425,1
TA-07726,C-1425,1
TA-07727,C-1425,1
TA-07728,C-1425,1
TA-07729,C-1425,1
TA-07730,C-1214,1
TA-07731,C-1243,2
TA-07733,C-0043,1
TA-07734,C-1312,2
TA-07735,C-1312,2
TA-07736,C-1312,2
TA-07737,C-1312,2
TA-07738,C-1312,2
TA-07739,C-1312,2
TA-07740,C-1901,2
TA-07741,C-1901,2
TA-07742,C-1521,1
TA-07743,C-1646,2
TA-07744,C-1229,2
TA-07745,C-0823,2
TA-07748,C-1385,2
TA-07749,C-1385,2
TA-07750,C-1385,2
TA-07751,C-1385,2
TA-07752,C-1385,2
TA-07753,C-1385,2
TA-07754,C-1385,2
TA-07758,C-1311,1
TA-07764,C-1420,2
TA-07765,C-1625,2
TA-07766,C-1625,2
TA-07767,C-1625,2
TA-07768,C-1642,2
TA-07769,C-1622,1
TA-07770,C-1620,2
TA-07771,C-1621,1
TA-07772,C-1621,1
TA-07773,C-1624,1
TA-07774,C-1624,1
TA-07775,C-1845,2
TA-07776,C-1789,2
TA-07777,C-1789,2
TA-07780,C-1621,1
TA-07781,C-1621,1
TA-07782,C-1359,1
TA-07783,C-0674,1
TA-07784,C-0675,1
TA-07785,C-2019,2
TA-07787,C-1623,1
TA-07788,C-1642,2
TA-07790,C-0675,1
TA-07791,C-0674,1
TA-07792,C-0620,1
TA-07793,C-0675,1
TA-07794,C-0674,1
TA-07795,C-1625,1
TA-07796,C-1470,1
TA-07797,C-0453,1
TA-07798,C-1889,2
TA-07799,C-1889,2
TA-07800,C-1649,2
TA-07801,C-1889,2
TA-07802,C-1889,1
TA-07803,C-1649,1
TA-07804,C-0193,1
TA-07805,C-1626,1
TA-07806,C-1792,2
TA-07807,C-1792,2
TA-07815,C-1629,1
TA-07816,C-1623,2
TA-07817,C-1623,2
TA-07818,C-1623,2
TA-07819,C-1623,2
TA-07820,C-1623,2
TA-07821,C-1623,2
TA-07822,C-1243,2
TA-07823,C-1243,2
TA-07824,C-1952,2
TA-07826,C-1615,1
TA-07827,C-1614,1
TA-07828,C-1622,1
TA-07829,C-1243,2
TA-07830,C-0448,2
TA-07831,C-1621,1
TA-07832,C-1209,1
TA-07833,C-1209,1
TA-07834,C-1622,1
TA-07835,C-1243,2
TA-07836,C-0448,2
TA-07837,C-1621,1
TA-07838,C-1621,1
TA-07839,C-1638,2
TA-07840,C-1779,1
TA-07841,C-1649,2
TA-07842,C-0620,1
TA-07845,C-1243,1
TA-07846,C-1622,1
TA-07848,C-1420,1
TA-07849,C-1470,1
TA-07850,C-1243,2
TA-07851,C-1639,1
TA-07852,C-0680,1
TA-07853,C-1621,2
TA-07854,C-1621,2
TA-07855,C-1621,2
TA-07856,C-1621,2
TA-07857,C-1411,1
TA-07858,C-1312,2
TA-07859,C-1312,2
TA-07860,C-1312,2
TA-07861,C-1312,2
TA-07862,C-1622,1
TA-07863,C-1622,1
TA-07864,C-1622,2
TA-07865,C-1624,2
TA-07866,C-1622,2
TA-07867,C-1406,1
TA-07868,C-1621,2
TA-07869,C-1620,2
TA-07870,C-1622,2
TA-07871,C-1622,2
TA-07872,C-0681,1
TA-07873,C-0590,1
TA-07874,C-1620,1
TA-07875,C-1620,2
TA-07877,C-1621,1
TA-07878,C-0832,1
TA-07879,C-1312,2
TA-07880,C-1625,2
TA-07881,C-1621,2
TA-07882,C-1621,2
TA-07883,C-1621,2
TA-07884,C-1623,2
TA-07885,C-1623,2
TA-07886,C-1623,2
TA-07887,C-1623,2
TA-07888,C-1621,2
TA-07889,C-1624,2
TA-07890,C-1621,1
TA-07892,C-1625,1
TA-07893,C-1647,2
TA-07894,C-1647,2
TA-07895,C-1624,2
TA-07896,C-1624,2
TA-07897,C-1624,2
TA-07898,C-1623,2
TA-07899,C-1623,2
TA-07900,C-1623,2
TA-07901,C-1621,2
TA-07902,C-1621,2
TA-07903,C-1622,2
TA-07904,C-1622,2
TA-07905,C-1623,2
TA-07906,C-1623,2
TA-07907,C-1623,2
TA-07908,C-1623,2
TA-07909,C-1623,2
TA-07910,C-1623,2
TA-07911,C-1623,2
TA-07912,C-1623,2
TA-07913,C-1623,2
TA-07914,C-1623,2
TA-07915,C-1622,1
TA-07916,C-1622,1
TA-07917,C-1228,1
TA-07918,C-1621,2
TA-07919,C-1621,2
TA-07920,C-1621,2
TA-07921,C-1622,2
TA-07922,C-1621,2
TA-07923,C-1621,2
TA-07924,C-1622,2
TA-07925,C-1621,2
TA-07926,C-1621,2
TA-07927,C-1622,2
TA-07928,C-1621,2
TA-07929,C-1621,2
TA-07930,C-1622,2
TA-07931,C-1624,2
TA-07932,C-1624,2
TA-07933,C-1624,2
TA-07934,C-1624,2
TA-07935,C-1624,2
TA-07937,C-1621,2
TA-07938,C-1621,2
TA-07939,C-1622,2
TA-07940,C-1622,2
TA-07941,C-1622,1
TA-07942,C-1622,1
TA-07943,C-1621,1
TA-07944,C-1623,2
TA-07945,C-1623,2
TA-07946,C-1638,2
TA-07947,C-1622,2
TA-07948,C-1621,2
TA-07949,C-1622,2
TA-07950,C-1243,2
TA-07951,C-1622,2
TA-07952,C-1622,2
TA-07953,C-1621,2
TA-07954,C-1621,2
TA-07955,C-1622,2
TA-07956,C-1622,2
TA-07959,C-1622,2
TA-07960,C-1622,2
TA-07961,C-1624,2
TA-07962,C-1624,2
TA-07963,C-1621,2
TA-07964,C-1621,2
TA-07965,C-1621,2
TA-07966,C-1625,2
TA-07967,C-1536,1
TA-07968,C-0444,1
TA-07969,C-0444,2
TA-07970,C-1624,2
TA-07971,C-1624,2
TA-07972,C-1622,2
TA-07973,C-1621,1
TA-07974,C-1621,1
TA-07975,C-1621,1
TA-07976,C-1621,1
TA-07977,C-1624,1
TA-07978,C-1243,2
TA-07981,C-1621,2
TA-07982,C-1621,2
TA-07983,C-1621,2
TA-07984,C-1620,2
TA-07985,C-1620,2
TA-07986,C-1621,2
TA-07987,C-1621,2
TA-07988,C-1621,2
TA-07989,C-1312,2
TA-07990,C-1312,2
TA-07991,C-1312,2
TA-07992,C-1312,2
TA-07993,C-1312,2
TA-07994,C-1621,2
TA-07995,C-1621,2
TA-07996,C-1621,2
TA-07997,C-1312,2
TA-07998,C-1312,2
TA-07999,C-1625,2
TA-08000,C-1625,2
TA-08001,C-0562,1
TA-08002,C-0681,1
TA-08003,C-1622,2
TA-08004,C-1623,1
TA-08005,C-1623,1
TA-08006,C-1623,1
TA-08007,C-1623,1
TA-08008,C-1623,1
TA-08009,C-1623,1
TA-08010,C-1411,1
TA-08011,C-1623,1
TA-08012,C-1640,2
TA-08013,C-1640,2
TA-08014,C-1312,2
TA-08015,C-1312,2
TA-08016,C-1312,2
TA-08017,C-1312,2
TA-08018,C-1312,2
TA-08019,C-1312,2
TA-08020,C-1312,2
TA-08021,C-1312,2
TA-08022,C-1640,1
TA-08023,C-1640,1
TA-08024,C-1623,1
TA-08025,C-1623,1
TA-08026,C-1623,1
TA-08027,C-1312,2
TA-08028,C-1312,2
TA-08029,C-1312,2
TA-08030,C-1312,2
TA-08031,C-1312,2
TA-08032,C-1312,2
TA-08033,C-1312,2
TA-08034,C-1312,2
TA-08035,C-1312,2
TA-08036,C-1621,2
TA-08037,C-1622,2
TA-08038,C-1577,2
TA-08039,C-1889,2
TA-08040,C-1649,2
TA-08041,C-1889,1
TA-08042,C-1889,1
TA-08043,C-1649,1
TA-08044,C-1649,1
TA-08045,C-1621,2
TA-08046,C-1218,1
TA-08047,C-1218,1
TA-08048,C-0674,1
TA-08049,C-0674,1
TA-08050,C-0675,1
TA-08051,C-1420,2
TA-08052,C-1622,2
TA-08053,C-1505,1
TA-08054,C-1642,1
TA-08055,C-1625,2
TA-08056,C-1625,2
TA-08057,C-1625,2
TA-08058,C-0562,1
TA-08059,C-1621,2
TA-08060,C-1621,2
TA-08061,C-1621,2
TA-08062,C-1621,2
TA-08063,C-1621,2
TA-08064,C-1312,2
TA-08065,C-1312,2
TA-08066,C-1621,1
TA-08067,C-1621,1
TA-08068,C-1624,2
TA-08069,C-1505,1
TA-08070,C-1411,1
TA-08071,C-1223,1
TA-08072,C-0182,4
TA-08073,C-0272,2
TA-08074,C-0182,1
TA-08075,C-0182,1
TA-08076,C-1624,1
TA-08077,C-1624,1
TA-08078,C-1624,1
TA-08079,C-1624,1
TA-08080,C-1625,2
TA-08081,C-1625,2
TA-08082,C-1621,1
TA-08083,C-1621,1
TA-08084,C-1621,1
TA-08085,C-1621,1
TA-08086,C-1470,1
TA-08087,C-0366,1
TA-08088,C-1621,2
TA-08089,C-1792,2
TA-08090,C-1792,2
TA-08091,C-0739,1
TA-08092,C-0562,1
TA-08093,C-1628,1
TA-08094,C-1631,2
TA-08095,C-1631,2
TA-08096,C-0598,1
TA-08097,C-1218,1
TA-08098,C-1218,1
TA-08099,C-0170,1
TA-08100,C-1626,1
TA-08101,C-1625,2
TA-08102,C-1624,4
TA-08103,C-1998,1
TA-08104,C-0448,1
TA-08105,C-1420,1
TA-08106,C-1620,2
TA-08107,C-1355,1
TA-08108,C-1408,1
TA-08109,C-1408,1
TA-08110,C-1622,1
TA-08111,C-1218,1
TA-08112,C-1623,1
TA-08113,C-1218,1
TA-08114,C-1624,1
TA-08115,C-1624,1
TA-08116,C-1623,1
TA-08117,C-1218,1
TA-08118,C-1623,1
TA-08119,C-1218,1
TA-08120,C-1211,1
TA-08121,C-1211,1
TA-08122,C-1621,2
TA-08123,C-1420,2
TA-08124,C-1420,2
TA-08126,C-1621,2
TA-08129,C-1408,1
TA-08130,C-1408,1
TA-08131,C-1622,1
TA-08132,C-1632,1
TA-08135,C-1623,2
TA-08136,C-1623,2
TA-08137,C-1623,2
TA-08138,C-1622,2
TA-08139,C-1622,2
TA-08140,C-1622,2
TA-08141,C-1622,2
TA-08142,C-1624,2
TA-08143,C-1623,2
TA-08144,C-1624,2
TA-08145,C-0397,1
TA-08151,C-1621,2
TA-08152,C-1642,1
TA-08153,C-1243,2
TA-08154,C-1625,2
TA-08155,C-1625,2
TA-08159,C-1622,2
TA-08160,C-1622,2
TA-08161,C-1625,1
TA-08162,C-1625,1
TA-08163,C-1624,2
TA-08164,C-1622,1
TA-08165,C-1624,1
TA-08166,C-1622,1
TA-08167,C-1624,2
TA-08168,C-1624,1
TA-08169,C-1623,2
TA-08170,C-1623,2
TA-08171,C-1624,1
TA-08172,C-1624,2
TA-08173,C-1624,1
TA-08174,C-1838,1
TA-08175,C-0448,2
TA-08176,C-1925,1
TA-08177,C-1624,2
TA-08178,C-1625,1
TA-08179,C-1625,1
TA-08180,C-0077,1
TA-08181,C-1779,1
TA-08182,C-1781,2
TA-08183,C-1326,1
TA-08184,C-1792,2
TA-08185,C-0417,1
TA-08187,C-1624,2
TA-08188,C-1625,1
TA-08189,C-1624,2
TA-08190,C-1624,2
TA-08192,C-1623,1
TA-08193,C-1623,1
TA-08194,C-1621,2
TA-08195,C-1622,1
TA-08196,C-1621,2
TA-08197,C-1621,2
TA-08201,C-1838,1
TA-08202,C-1838,1
TA-08203,C-1624,2
TA-08204,C-1624,2
TA-08205,C-1624,1
TA-08206,C-1628,2
TA-08207,C-1628,2
TA-08208,C-1848,2
TA-08210,C-0892,2
TA-08211,C-1511,1
TA-08212,C-1621,2
TA-08213,C-0165,1
TA-08214,C-0165,1
TA-08215,C-1845,2
TA-08216,C-1650,1
TA-08217,C-1623,1
TA-08218,C-1623,1
TA-08219,C-1623,1
TA-08220,C-1623,2
TA-08221,C-1623,1
TA-08222,C-0838,1
TA-08223,C-1832,1
TA-08224,C-1595,1
TA-08225,C-1625,1
TA-08226,C-1621,2
TA-08227,C-1243,2
TA-08228,C-1621,2
TA-08229,C-1621,2
TA-08230,C-1621,2
TA-08231,C-1621,2
TA-08232,C-1845,2
TA-08233,C-1845,2
TA-08234,C-1845,2
TA-08236,C-1621,2
TA-08237,C-1642,2
TA-08239,C-1848,2
TA-08240,C-0074,2
TA-08242,C-1639,2
TA-08243,C-1639,2
TA-08244,C-1625,1
TA-08245,C-1625,1
TA-08247,C-0562,1
TA-08248,C-1622,1
TA-08249,C-1622,1
TA-08250,C-1622,2
TA-08251,C-1621,2
TA-08252,C-1623,2
TA-08253,C-1625,1
TA-08254,C-1621,2
TA-08255,C-0180,2
TA-08256,C-0180,2
TA-08257,C-1628,2
TA-08258,C-1625,2
TA-08259,C-1624,2
TA-08260,C-0385,1
TA-08261,C-1625,1
TA-08262,C-1845,2
TA-08263,C-1468,1
TA-08264,C-1623,2
TA-08265,C-1641,2
TA-08266,C-1624,2
TA-08267,C-1624,2
TA-08268,C-1626,1
TA-08269,C-1625,1
TA-08270,C-0444,1
TA-08271,C-0444,1
TA-08272,C-1717,1
TA-08273,C-0245,1
TA-08274,C-0245,1
TA-08275,C-1243,2
TA-08278,C-1621,2
TA-08279,C-1642,2
TA-08280,C-1642,2
TA-08281,C-0562,1
TA-08282,C-1622,1
TA-08284,C-1561,2
TA-08287,C-1642,1
TA-08288,C-1623,2
TA-08289,C-1623,2
TA-08290,C-1623,2
TA-08291,C-1623,2
TA-08292,C-1622,2
TA-08293,C-1622,2
TA-08294,C-1622,2
TA-08295,C-1622,2
TA-08296,C-1622,2
TA-08297,C-1622,2
TA-08298,C-1420,2
TA-08299,C-1641,1
TA-08300,C-1621,3
TA-08301,C-1623,1
TA-08302,C-1623,1
TA-08303,C-1621,2
TA-08304,C-1621,2
TA-08305,C-0071,1
TA-08306,C-1622,1
TA-08307,C-1622,1
TA-08308,C-1624,2
TA-08309,C-1621,2
TA-08310,C-1624,2
TA-08311,C-1624,2
TA-08312,C-1624,2
TA-08313,C-1622,2
TA-08314,C-1622,2
TA-08315,C-1624,2
TA-08316,C-1624,2
TA-08317,C-1622,2
TA-08318,C-1243,1
TA-08319,C-1621,1
TA-08320,C-0199,1
TA-08322,C-1866,1
TA-08323,C-1425,1
TA-08324,C-1425,1
TA-08330,C-1623,2
TA-08331,C-1623,2
TA-08333,C-0365,1
TA-08334,C-1620,2
TA-08335,C-1312,2
TA-08336,C-1312,2
TA-08337,C-1409,1
TA-08338,C-0423,1
TA-08339,C-1621,1
TA-08340,C-1621,1
TA-08341,C-1420,2
TA-08342,C-1495,1
TA-08343,C-1624,1
TA-08344,C-1624,1
TA-08345,C-0470,1
TA-08346,C-0470,1
TA-08347,C-1781,2
TA-08348,C-1781,2
TA-08349,C-1779,1
TA-08350,C-1779,1
TA-08351,C-1792,2
TA-08352,C-1792,2
TA-08353,C-1781,2
TA-08354,C-1781,2
TA-08355,C-1779,1
TA-08356,C-1779,1
TA-08357,C-1624,1
TA-08358,C-1624,1
TA-08359,C-1243,2
TA-08360,C-1243,2
TA-08361,C-0444,2
TA-08362,C-0444,2
TA-08363,C-1624,2
TA-08364,C-1624,2
TA-08365,C-1624,2
TA-08366,C-1624,2
TA-08367,C-1624,2
TA-08368,C-1641,2
TA-08369,C-1624,2
TA-08370,C-1624,1
TA-08371,C-1624,2
TA-08372,C-1845,2
TA-08373,C-1621,1
TA-08374,C-1622,1
TA-08375,C-1995,1
TA-08376,C-2005,1
TA-08377,C-1641,1
TA-08378,C-1406,1
TA-08379,C-1622,1
TA-08380,C-0444,2
TA-08381,C-0101,2
TA-08382,C-0101,2
TA-08383,C-0101,2
TA-08384,C-1624,1
TA-08385,C-1624,1
TA-08386,C-1624,1
TA-08387,C-1621,1
TA-08388,C-1621,1
TA-08390,C-0180,2
TA-08391,C-0180,2
TA-08392,C-0180,2
TA-08393,C-0180,2
TA-08394,C-1629,2
TA-08395,C-1629,2
TA-08396,C-1629,2
TA-08397,C-1630,2
TA-08398,C-1623,2
TA-08399,C-1629,2
TA-08400,C-1622,2
TA-08401,C-1622,2
TA-08402,C-1622,2
TA-08403,C-1624,2
TA-08404,C-1624,2
TA-08405,C-1621,2
TA-08406,C-1312,2
TA-08407,C-1312,2
TA-08408,C-1312,2
TA-08409,C-1312,2
TA-08410,C-1218,1
TA-08411,C-1218,1
TA-08412,C-1625,2
TA-08413,C-1625,2
TA-08418,C-1420,2
TA-08419,C-1420,2
TA-08420,C-1420,2
TA-08421,C-1646,2
TA-08422,C-1420,2
TA-08423,C-1420,2
TA-08424,C-1621,1
TA-08425,C-1624,2
TA-08426,C-1625,1
TA-08427,C-1243,2
TA-08428,C-1625,2
TA-08429,C-1625,2
TA-08430,C-1621,2
TA-08431,C-1621,2
TA-08432,C-1625,1
TA-08433,C-0365,1
TA-08434,C-1622,2
TA-08435,C-1623,2
TA-08436,C-1622,2
TA-08437,C-1624,1
TA-08438,C-1624,1
TA-08439,C-1649,2
TA-08440,C-1623,1
TA-08441,C-1623,1
TA-08445,C-1621,1
TA-08446,C-1621,1
TA-08447,C-1626,2
TA-08448,C-1626,2
TA-08449,C-1625,1
TA-08450,C-1889,2
TA-08451,C-1845,2
TA-08452,C-1845,2
TA-08453,C-1845,2
TA-08454,C-1845,2
TA-08455,C-1845,2
TA-08456,C-0597,1
TA-08457,C-0597,1
TA-08458,C-1243,2
TA-08459,C-1625,1
TA-08460,C-1625,1
TA-08461,C-1630,2
TA-08462,C-1630,2
TA-08463,C-1630,2
TA-08464,C-1630,2
TA-08465,C-1536,1
TA-08466,C-1536,1
TA-08469,C-0676,1
TA-08470,C-0676,1
TA-08471,C-1555,1
TA-08472,C-1555,1
TA-08474,C-1621,2
TA-08475,C-1621,2
TA-08476,C-1621,1
TA-08477,C-1621,1
TA-08478,C-1788,1
TA-08479,C-0418,2
TA-08480,C-0417,1
TA-08481,C-0417,1
TA-08482,C-0417,1
TA-08483,C-0417,1
TA-08484,C-0043,1
TA-08485,C-1701,1
TA-08486,C-0043,1
TA-08487,C-1701,1
TA-08488,C-0418,2
TA-08489,C-1781,2
TA-08490,C-1628,2
TA-08491,C-1625,1
TA-08492,C-1625,2
TA-08493,C-1624,2
TA-08494,C-0142,1
TA-08495,C-0108,1
TA-08496,C-0182,2
TA-08497,C-0182,1
TA-08498,C-1642,1
TA-08499,C-1625,1
TA-08500,C-1624,2
TA-08501,C-1866,1
TA-08503,C-1625,1
TA-08504,C-0674,1
TA-08505,C-1623,1
TA-08506,C-1373,1
TA-08507,C-1420,1
TA-08508,C-1373,1
TA-08511,C-1626,1
TA-08512,C-1625,1
TA-08513,C-1625,1
TA-08514,C-1622,1
TA-08515,C-1625,1
TA-08516,C-1625,1
TA-08517,C-1622,1
TA-08518,C-1623,2
TA-08519,C-1623,2
TA-08520,C-1623,2
TA-08521,C-0568,1
TA-08522,C-0708,1
TA-08523,C-1622,2
TA-08524,C-1622,2
TA-08525,C-1622,2
TA-08526,C-1848,1
TA-08527,C-1624,2
TA-08528,C-1621,2
TA-08529,C-1647,1
TA-08530,C-1647,1
TA-08531,C-1647,1
TA-08532,C-1243,2
TA-08533,C-1621,2
TA-08534,C-1621,2
TA-08535,C-1621,2
TA-08536,C-1621,2
TA-08537,C-1622,2
TA-08538,C-1621,2
TA-08539,C-0711,1
TA-08540,C-1622,2
TA-08541,C-1643,1
TA-08542,C-1622,2
TA-08543,C-1622,2
TA-08544,C-1622,2
TA-08545,C-1622,2
TA-08546,C-1417,1
TA-08547,C-1649,2
TA-08548,C-1649,2
TA-08549,C-1625,1
TA-08550,C-1625,1
TA-08551,C-1623,1
TA-08552,C-1623,1
TA-08553,C-1623,1
TA-08554,C-1623,1
TA-08555,C-1623,1
TA-08556,C-1623,1
TA-08557,C-1623,1
TA-08558,C-1623,1
TA-08559,C-1623,1
TA-08560,C-1623,1
TA-08561,C-1623,1
TA-08562,C-1623,1
TA-08563,C-1642,1
TA-08564,C-1642,1
TA-08565,C-1623,1
TA-08566,C-1623,1
TA-08567,C-1647,1
TA-08568,C-1647,1
TA-08569,C-1647,1
TA-08570,C-1647,1
TA-08571,C-1621,2
TA-08572,C-1621,2
TA-08573,C-1621,2
TA-08574,C-1621,2
TA-08575,C-1621,1
TA-08576,C-1621,1
TA-08577,C-1621,1
TA-08578,C-1621,1
TA-08579,C-1625,1
TA-08580,C-1625,1
TA-08581,C-1866,1
TA-08582,C-1621,2
TA-08583,C-1621,2
TA-08584,C-0681,1
TA-08585,C-1555,1
TA-08586,C-1555,1
TA-08587,C-1621,1
TA-08588,C-1625,2
TA-08589,C-1344,1
TA-08590,C-1622,2
TA-08591,C-1622,2
TA-08592,C-1623,1
TA-08593,C-1623,1
TA-08594,C-1623,2
TA-08595,C-1624,1
TA-08596,C-1624,1
TA-08597,C-1622,1
TA-08598,C-1622,1
TA-08599,C-1214,1
TA-08600,C-0448,2
TA-08601,C-1464,1
TA-08602,C-1464,1
TA-08604,C-0448,2
TA-08605,C-0448,2
TA-08606,C-1622,2
TA-08607,C-1622,2
TA-08608,C-1622,2
TA-08609,C-1622,2
TA-08610,C-1217,1
TA-08611,C-1475,1
TA-08612,C-1624,2
TA-08613,C-1624,2
TA-08614,C-1318,1
TA-08615,C-0303,1
TA-08616,C-1624,1
TA-08617,C-1624,1
TA-08618,C-1889,2
TA-08619,C-1621,2
TA-08620,C-1625,2
TA-08621,C-0448,2
TA-08622,C-1625,1
TA-08623,C-1622,1
TA-08624,C-1622,1
TA-08625,C-1354,1
TA-08626,C-1315,1
TA-08627,C-1623,2
TA-08628,C-1621,1
TA-08629,C-1871,1
TA-08630,C-0139,1
TA-08631,C-0139,1
TA-08632,C-1871,1
TA-08633,C-1625,1
TA-08634,C-1626,1
TA-08635,C-1625,1
TA-08636,C-1625,1
TA-08637,C-1889,2
TA-08638,C-0133,1
TA-08639,C-0133,1
TA-08640,C-0133,1
TA-08641,C-0133,1
TA-08642,C-0130,1
TA-08645,C-1623,2
TA-08646,C-1623,2
TA-08647,C-1623,2
TA-08648,C-1621,2
TA-08649,C-1622,2
TA-08650,C-1622,2
TA-08651,C-1474,2
TA-08652,C-1468,2
TA-08654,C-1623,2
TA-08655,C-1640,1
TA-08656,C-0562,1
TA-08657,C-1623,2
TA-08658,C-1623,2
TA-08659,C-1625,2
TA-08660,C-1625,2
TA-08662,C-1640,1
TA-08663,C-1621,2
TA-08664,C-1621,1
TA-08665,C-1628,2
TA-08666,C-0448,2
TA-08667,C-1621,2
TA-08668,C-1621,2
TA-08669,C-1621,2
TA-08670,C-1640,2
TA-08671,C-1640,2
TA-08672,C-1626,1
TA-08673,C-1626,1
TA-08674,C-1624,2
TA-08675,C-1622,1
TA-08676,C-1622,1
TA-08677,C-1622,1
TA-08678,C-1622,1
TA-08679,C-1625,2
TA-08680,C-1625,2
TA-08681,C-1845,2
TA-08682,C-0448,2
TA-08683,C-0448,2
TA-08684,C-1420,2
TA-08685,C-1243,2
TA-08686,C-1243,2
TA-08687,C-1621,2
TA-08688,C-1621,2
TA-08689,C-1621,2
TA-08690,C-1622,2
TA-08691,C-1622,2
TA-08692,C-1649,1
TA-08693,C-1621,2
TA-08694,C-1243,2
TA-08695,C-1243,2
TA-08696,C-1623,2
TA-08697,C-1623,1
TA-08698,C-1623,1
TA-08699,C-1640,1
TA-08700,C-1621,2
TA-08701,C-1622,1
TA-08702,C-1622,1
TA-08703,C-1622,1
TA-08704,C-1622,1
TA-08705,C-1623,1
TA-08706,C-1623,1
TA-08707,C-0674,1
TA-08708,C-0674,1
TA-08709,C-1623,1
TA-08710,C-1623,1
TA-08712,C-1621,1
TA-08714,C-1623,2
TA-08715,C-1623,2
TA-08716,C-1623,2
TA-08717,C-1623,2
TA-08718,C-1621,2
TA-08719,C-1621,2
TA-08720,C-1621,2
TA-08721,C-1621,2
TA-08722,C-1620,2
TA-08723,C-1620,2
TA-08724,C-1637,2
TA-08725,C-1620,2
TA-08726,C-1620,2
TA-08727,C-1620,2
TA-08728,C-1620,2
TA-08729,C-1620,2
TA-08730,C-1637,2
TA-08731,C-1620,2
TA-08732,C-1637,2
TA-08733,C-1620,2
TA-08734,C-1620,2
TA-08735,C-1620,2
TA-08736,C-1620,2
TA-08737,C-1620,2
TA-08738,C-1620,2
TA-08739,C-1620,2
TA-08740,C-1627,2
TA-08741,C-1627,2
TA-08742,C-1627,2
TA-08743,C-1622,2
TA-08744,C-1622,2
TA-08745,C-1622,2
TA-08746,C-1625,2
TA-08747,C-1625,2
TA-08748,C-1621,2
TA-08749,C-1621,2
TA-08750,C-1639,2
TA-08752,C-0448,2
TA-08753,C-0448,2
TA-08754,C-1233,1
TA-08755,C-0448,2
TA-08756,C-1311,1
TA-08757,C-0448,2
TA-08758,C-0448,1
TA-08759,C-1243,2
TA-08760,C-1243,2
TA-08761,C-1845,1
TA-08762,C-1622,2
TA-08763,C-1641,2
TA-08764,C-1355,1
TA-08766,C-1621,2
TA-08767,C-1621,1
TA-08768,C-1621,1
TA-08769,C-1862,1
TA-08770,C-0444,1
TA-08771,C-0444,1
TA-08772,C-1467,1
TA-08773,C-1620,2
TA-08776,C-1243,1
TA-08777,C-1631,2
TA-08778,C-1621,2
TA-08779,C-1625,1
TA-08780,C-1624,1
TA-08781,C-1420,2
TA-08782,C-1623,1
TA-08783,C-1623,1
TA-08785,C-1625,2
TA-08786,C-1622,2
TA-08787,C-1621,2
TA-08790,C-1624,2
TA-08791,C-1619,1
TA-08792,C-1619,1
TA-08793,C-1619,1
TA-08794,C-1640,1
TA-08795,C-1623,1
TA-08796,C-1533,1
TA-08797,C-1243,1
TA-08798,C-1621,1
TA-08799,C-1621,1
TA-08800,C-1355,1
TA-08801,C-1624,2
TA-08802,C-1420,2
TA-08803,C-1866,2
TA-08804,C-1218,1
TA-08805,C-1218,1
TA-08806,C-1218,1
TA-08807,C-1218,1
TA-08808,C-1623,2
TA-08809,C-1623,2
TA-08810,C-1623,2
TA-08811,C-1623,2
TA-08812,C-1623,2
TA-08813,C-1624,2
TA-08814,C-1623,2
TA-08815,C-1623,2
TA-08816,C-1623,2
TA-08817,C-1355,1
TA-08818,C-1626,1
TA-08819,C-1626,1
TA-08820,C-0448,2
TA-08821,C-1620,2
TA-08822,C-1621,2
TA-08823,C-1640,1
TA-08824,C-1623,1
TA-08825,C-1638,2
TA-08826,C-1638,2
TA-08827,C-1621,1
TA-08828,C-1621,1
TA-08829,C-1686,1
TA-08831,C-1503,1
TA-08834,C-1621,2
TA-08835,C-1352,1
TA-08836,C-1624,1
TA-08837,C-1624,1
TA-08838,C-1624,2
TA-08839,C-1624,2
TA-08840,C-1711,1
TA-08841,C-1624,1
TA-08842,C-1624,1
TA-08843,C-1312,2
TA-08844,C-1947,1
TA-08845,C-0444,1
TA-08846,C-1623,2
TA-08847,C-1623,2
TA-08848,C-1642,1
TA-08849,C-1642,1
TA-08850,C-1645,1
TA-08851,C-1621,1
TA-08852,C-1621,1
TA-08853,C-1621,1
TA-08854,C-1621,1
TA-08855,C-1621,1
TA-08856,C-1621,1
TA-08857,C-1621,1
TA-08858,C-1621,1
TA-08859,C-1621,1
TA-08860,C-1623,1
TA-08861,C-1625,2
TA-08862,C-1620,2
TA-08863,C-1620,2
TA-08864,C-0444,2
TA-08865,C-0444,2
TA-08866,C-1622,1
TA-08867,C-1622,1
TA-08868,C-1622,1
TA-08869,C-1622,1
TA-08870,C-1622,1
TA-08871,C-1622,1
TA-08872,C-1623,2
TA-08873,C-1624,2
TA-08874,C-1623,2
TA-08875,C-1630,1
TA-08876,C-1629,2
TA-08877,C-1622,2
TA-08878,C-0707,1
TA-08879,C-0707,1
TA-08881,C-0706,1
TA-08883,C-0727,1
TA-08889,C-0444,2
TA-08890,C-1625,1
TA-08891,C-1625,1
TA-08892,C-1621,2
TA-08893,C-1882,1
TA-08894,C-1623,1
TA-08896,C-1420,2
TA-08897,C-0728,1
TA-08898,C-1620,2
TA-08899,C-1620,2
TA-08900,C-1620,2
TA-08901,C-0829,1
TA-08902,C-0732,1
TA-08903,C-1866,1
TA-08904,C-0732,1
TA-08905,C-1866,1
TA-08906,C-1312,2
TA-08907,C-1312,2
TA-08908,C-1624,2
TA-08913,C-1621,2
TA-08915,C-1326,1
TA-08916,C-1621,1
TA-08917,C-1621,1
TA-08918,C-0731,1
TA-08919,C-0541,1
TA-08920,C-1203,1
TA-08921,C-0180,2
TA-08922,C-1623,1
TA-08923,C-1623,1
TA-08924,C-1312,2
TA-08925,C-1649,2
TA-08926,C-1649,2
TA-08927,C-0448,1
TA-08928,C-0871,1
TA-08929,C-0009,1
TA-08930,C-1373,1
TA-08931,C-1623,1
TA-08932,C-1621,2
TA-08934,C-1622,2
TA-08935,C-0554,1
TA-08936,C-1624,1
TA-08941,C-1411,1
TA-08942,C-0750,1
TA-08943,C-0444,2
TA-08944,C-0448,2
TA-08946,C-1845,2
TA-08947,C-1626,1
TA-08948,C-1626,1
TA-08949,C-1475,1
TA-08950,C-1468,1
TA-08951,C-0101,2
TA-08952,C-0101,2
TA-08953,C-1621,2
TA-08954,C-1621,1
TA-08955,C-1621,1
TA-08956,C-1621,1
TA-08957,C-1629,2
TA-08958,C-1631,2
TA-08959,C-1629,2
TA-08960,C-1620,1
TA-08961,C-1621,1
TA-08962,C-1625,2
TA-08963,C-1817,1
TA-08964,C-0415,2
TA-08965,C-1621,1
TA-08966,C-0735,1
TA-08967,C-1622,1
TA-08968,C-1622,2
TA-08969,C-1621,1
TA-08970,C-1621,2
TA-08971,C-1625,1
TA-08972,C-1625,2
TA-08973,C-1621,2
TA-08974,C-1845,2
TA-08975,C-0448,2
TA-08976,C-1622,2
TA-08977,C-1621,2
TA-08978,C-1623,2
TA-08979,C-1625,1
TA-08980,C-1626,1
TA-08981,C-0046,1
TA-08982,C-0359,1
TA-08983,C-1625,2
TA-08984,C-1630,2
TA-08985,C-1630,2
TA-08986,C-1646,1
TA-08989,C-1976,2
TA-08991,C-0138,1
TA-08992,C-1621,2
TA-08993,C-1621,2
TA-08994,C-1625,2
TA-08995,C-1625,2
TA-08996,C-1631,2
TA-08997,C-1631,2
TA-08998,C-1631,2
TA-08999,C-0532,1
TA-09000,C-1644,1
TA-09001,C-1622,2
TA-09003,C-1623,2
TA-09004,C-1243,2
TA-09005,C-1243,2
TA-09006,C-1243,2
TA-09007,C-1243,2
TA-09008,C-1243,2
TA-09009,C-0008,1
TA-09010,C-1622,1
TA-09013,C-1240,1
TA-09014,C-1420,1
TA-09015,C-1625,1
TA-09016,C-0562,1
TA-09017,C-1625,2
TA-09018,C-1625,2
TA-09019,C-0012,1
TA-09020,C-0012,1
TA-09021,C-0012,1
TA-09022,C-0012,1
TA-09023,C-1623,2
TA-09024,C-1623,2
TA-09025,C-1352,1
TA-09026,C-1621,1
TA-09029,C-1407,1
TA-09030,C-1621,2
TA-09032,C-1420,2
TA-09033,C-1866,1
TA-09035,C-1866,1
TA-09036,C-1845,2
TA-09037,C-1638,2
TA-09038,C-1638,2
TA-09039,C-1625,1
TA-09040,C-1624,1
TA-09041,C-1624,1
TA-09042,C-1624,1
TA-09043,C-1621,1
TA-09044,C-1638,2
TA-09045,C-1638,2
TA-09046,C-1621,1
TA-09047,C-1621,1
TA-09048,C-1620,2
TA-09049,C-1484,1
TA-09050,C-0120,1
TA-09051,C-0415,2
TA-09052,C-1845,2
TA-09053,C-1845,2
TA-09054,C-1845,2
TA-09055,C-1845,2
TA-09057,C-1649,1
TA-09058,C-1845,1
TA-09059,C-1592,1
TA-09060,C-0414,1
TA-09061,C-0414,1
TA-09062,C-1622,2
TA-09063,C-1620,1
TA-09064,C-1624,2
TA-09065,C-1624,2
TA-09066,C-1620,1
TA-09067,C-1621,2
TA-09068,C-1624,2
TA-09069,C-1623,2
TA-09070,C-1623,2
TA-09071,C-1626,1
TA-09072,C-1623,2
TA-09076,C-1768,2
TA-09077,C-1621,2
TA-09078,C-1621,2
TA-09079,C-1625,2
TA-09081,C-1646,2
TA-09082,C-1620,1
TA-09083,C-1620,1
TA-09084,C-1641,2
TA-09085,C-1622,1
TA-09086,C-1622,1
TA-09087,C-1623,1
TA-09088,C-1623,1
TA-09089,C-1623,1
TA-09090,C-1623,1
TA-09091,C-1623,1
TA-09092,C-1623,1
TA-09093,C-1626,1
TA-09094,C-0010,2
TA-09095,C-1623,2
TA-09096,C-1623,2
TA-09097,C-0875,1
TA-09098,C-1624,1
TA-09099,C-1624,1
TA-09100,C-1622,1
TA-09101,C-1359,1
TA-09104,C-1625,2
TA-09105,C-1588,1
TA-09106,C-1625,1
TA-09107,C-1641,2
TA-09108,C-1639,1
TA-09109,C-1536,1
TA-09116,C-0191,1
TA-09117,C-1640,1
TA-09118,C-1623,1
TA-09119,C-1638,2
TA-09120,C-1638,2
TA-09121,C-1621,1
TA-09122,C-1621,1
TA-09123,C-1621,1
TA-09124,C-1621,1
TA-09125,C-1624,2
TA-09126,C-1641,2
TA-09127,C-1631,2
TA-09128,C-0736,1
TA-09129,C-0737,1
TA-09130,C-1623,2
TA-09131,C-1623,1
TA-09132,C-0365,1
TA-09133,C-1624,2
TA-09134,C-1651,2
TA-09135,C-1651,2
TA-09136,C-1623,1
TA-09137,C-1355,1
TA-09138,C-1845,2
TA-09139,C-1621,2
TA-09140,C-1621,2
TA-09141,C-1621,2
TA-09142,C-1624,2
TA-09143,C-1624,2
TA-09144,C-1624,1
TA-09145,C-1405,1
TA-09146,C-1405,1
TA-09147,C-1625,1
TA-09148,C-1355,1
TA-09149,C-1355,1
TA-09150,C-1620,1
TA-09151,C-1620,1
TA-09152,C-1621,2
TA-09153,C-0681,1
TA-09154,C-0562,1
TA-09155,C-1585,2
TA-09156,C-1621,2
TA-09157,C-1622,1
TA-09158,C-0448,2
TA-09159,C-0444,2
TA-09160,C-0444,2
TA-09161,C-0742,1
TA-09162,C-1860,1
TA-09164,C-1860,1
TA-09166,C-1243,2
TA-09168,C-1647,1
TA-09169,C-1622,2
TA-09170,C-1623,1
TA-09171,C-1621,2
TA-09172,C-1344,1
TA-09173,C-1344,1
TA-09174,C-1631,2
TA-09175,C-0448,1
TA-09178,C-1411,1
TA-09181,C-1625,1
TA-09182,C-1622,2
TA-09184,C-0699,1
TA-09185,C-0699,1
TA-09186,C-0699,1
TA-09187,C-0699,1
TA-09188,C-0699,1
TA-09189,C-0762,1
TA-09190,C-1620,2
TA-09191,C-1620,2
TA-09192,C-1624,2
TA-09193,C-1624,2
TA-09194,C-1355,1
TA-09195,C-1845,2
TA-09196,C-0448,2
TA-09197,C-0448,2
TA-09198,C-1622,2
TA-09199,C-1622,1
TA-09200,C-1312,2
TA-09201,C-1312,2
TA-09202,C-1312,2
TA-09203,C-1312,2
TA-09204,C-1312,2
TA-09205,C-1312,2
TA-09206,C-1312,2
TA-09207,C-1312,2
TA-09208,C-1312,2
TA-09209,C-1312,2
TA-09210,C-1312,2
TA-09211,C-1312,2
TA-09212,C-1312,2
TA-09213,C-1312,2
TA-09214,C-1312,2
TA-09215,C-1312,2
TA-09216,C-1312,2
TA-09217,C-1312,2
TA-09218,C-1312,2
TA-09219,C-1312,2
TA-09220,C-1312,2
TA-09221,C-1312,2
TA-09222,C-1312,2
TA-09223,C-1622,2
TA-09224,C-1622,2
TA-09225,C-1312,2
TA-09226,C-1312,2
TA-09227,C-1312,2
TA-09228,C-1312,2
TA-09229,C-1312,2
TA-09230,C-0689,1
TA-09231,C-1623,2
TA-09232,C-1623,2
TA-09233,C-1623,2
TA-09235,C-1624,2
TA-09236,C-1624,2
TA-09237,C-1624,2
TA-09238,C-1624,2
TA-09239,C-1624,2
TA-09240,C-1624,2
TA-09241,C-1624,2
TA-09242,C-1624,2
TA-09243,C-1623,2
TA-09244,C-1623,2
TA-09245,C-1623,2
TA-09247,C-1624,2
TA-09248,C-1624,2
TA-09249,C-1624,2
TA-09250,C-1624,2
TA-09251,C-1623,1
TA-09252,C-1649,2
TA-09253,C-1649,2
TA-09254,C-0043,1
TA-09255,C-1337,1
TA-09256,C-1621,1
TA-09257,C-1621,2
TA-09258,C-1621,2
TA-09259,C-1621,2
TA-09260,C-1622,2
TA-09261,C-0120,1
TA-09262,C-1623,1
TA-09263,C-0674,1
TA-09264,C-1623,1
TA-09265,C-0674,1
TA-09266,C-1622,1
TA-09267,C-1622,1
TA-09268,C-1622,1
TA-09269,C-1622,1
TA-09270,C-1781,2
TA-09271,C-1781,2
TA-09272,C-1243,2
TA-09273,C-1209,1
TA-09274,C-1621,2
TA-09275,C-1621,2
TA-09276,C-1646,2
TA-09277,C-1646,2
TA-09278,C-1646,2
TA-09279,C-1625,2
TA-09280,C-2042,1
TA-09281,C-1621,2
TA-09282,C-1622,2
TA-09283,C-1476,2
TA-09284,C-1966,1
TA-09285,C-1615,1
TA-09286,C-1624,1
TA-09287,C-1625,2
TA-09288,C-1625,2
TA-09289,C-1625,2
TA-09290,C-1625,2
TA-09291,C-1623,2
TA-09292,C-1233,1
TA-09293,C-1640,2
TA-09294,C-1623,1
TA-09295,C-1640,2
TA-09296,C-1641,2
TA-09298,C-1624,1
TA-09299,C-1638,2
TA-09300,C-1804,1
TA-09301,C-1644,1
TA-09302,C-1644,1
TA-09303,C-1644,1
TA-09304,C-1621,1
TA-09305,C-1621,1
TA-09306,C-1646,2
TA-09307,C-1646,2
TA-09308,C-1621,2
TA-09309,C-1622,2
TA-09310,C-1420,2
TA-09312,C-1632,1
TA-09313,C-1632,1
TA-09314,C-1621,2
TA-09317,C-1628,1
TA-09318,C-1621,2
TA-09319,C-1624,2
TA-09320,C-1641,2
TA-09321,C-1622,2
TA-09322,C-1640,2
TA-09323,C-1640,2
TA-09324,C-1623,1
TA-09325,C-1640,2
TA-09326,C-1623,2
TA-09327,C-0448,2
TA-09328,C-1621,2
TA-09329,C-1621,2
TA-09330,C-1873,1
TA-09333,C-1416,2
TA-09334,C-1621,2
TA-09336,C-1640,1
TA-09337,C-1640,1
TA-09338,C-1630,1
TA-09339,C-1630,1
TA-09340,C-1640,2
TA-09341,C-1640,2
TA-09342,C-1524,1
TA-09343,C-1420,2
TA-09356,C-1649,2
TA-09357,C-1649,2
TA-09358,C-1312,2
TA-09359,C-1312,2
TA-09360,C-1622,2
TA-09361,C-1622,2
TA-09362,C-1624,2
TA-09363,C-1624,2
TA-09364,C-1623,1
TA-09365,C-1623,2
TA-09366,C-2030,2
TA-09367,C-1621,2
TA-09368,C-1621,2
TA-09369,C-1621,1
TA-09370,C-1621,1
TA-09371,C-1621,2
TA-09372,C-1621,2
TA-09373,C-1621,1
TA-09374,C-1312,2
TA-09375,C-1312,2
TA-09376,C-1312,2
TA-09377,C-1312,2
TA-09378,C-1312,2
TA-09379,C-1312,2
TA-09385,C-0120,1
TA-09386,C-1623,1
TA-09387,C-1623,1
TA-09388,C-1623,1
TA-09389,C-1640,1
TA-09390,C-1640,1
TA-09391,C-0423,1
TA-09392,C-1640,1
TA-09393,C-1640,1
TA-09394,C-1623,1
TA-09395,C-0759,2
TA-09396,C-1624,2
TA-09397,C-1621,1
TA-09398,C-1624,2
TA-09399,C-1624,2
TA-09400,C-1620,1
TA-09401,C-1312,2
TA-09402,C-1312,2
TA-09403,C-1312,2
TA-09404,C-1312,2
TA-09405,C-1312,2
TA-09406,C-1312,2
TA-09407,C-1312,2
TA-09408,C-1312,2
TA-09409,C-1312,2
TA-09410,C-0423,1
TA-09411,C-0259,1
TA-09412,C-1621,2
TA-09413,C-1625,1
TA-09415,C-1312,2
TA-09416,C-1312,2
TA-09417,C-1312,2
TA-09418,C-1312,2
TA-09419,C-1860,1
TA-09420,C-0165,1
TA-09421,C-1623,1
TA-09422,C-1622,2
TA-09423,C-1622,2
TA-09424,C-1622,2
TA-09425,C-1942,1
TA-09426,C-1623,2
TA-09427,C-0165,1
TA-09428,C-1845,2
TA-09430,C-0552,1
TA-09431,C-1468,1
TA-09432,C-1542,1
TA-09433,C-1649,2
TA-09436,C-1398,2
TA-09437,C-1624,1
TA-09438,C-1623,2
TA-09441,C-1624,1
TA-09442,C-1641,2
TA-09443,C-1624,1
TA-09444,C-1624,1
TA-09445,C-1640,2
TA-09446,C-1623,1
TA-09447,C-1623,1
TA-09448,C-1624,1
TA-09449,C-1642,1
TA-09450,C-1639,1
TA-09451,C-1420,2
TA-09452,C-1420,2
TA-09453,C-1845,2
TA-09454,C-1845,2
TA-09455,C-1425,1
TA-09456,C-1620,1
TA-09457,C-1622,2
TA-09458,C-1621,2
TA-09459,C-1621,2
TA-09462,C-1781,1
TA-09463,C-1623,2
TA-09464,C-1624,2
TA-09465,C-1333,1
TA-09466,C-1333,1
TA-09467,C-1333,1
TA-09468,C-0448,2
TA-09469,C-1624,2
TA-09470,C-1845,1
TA-09471,C-1845,1
TA-09472,C-1625,1
TA-09473,C-1625,1
TA-09474,C-1625,2
TA-09475,C-1625,2
TA-09476,C-1622,2
TA-09477,C-1622,2
TA-09478,C-1621,1
TA-09481,C-1701,1
TA-09482,C-1701,1
TA-09483,C-1790,1
TA-09484,C-1783,1
TA-09485,C-1778,1
TA-09486,C-1777,1
TA-09487,C-1777,1
TA-09488,C-0421,1
TA-09489,C-0421,1
TA-09490,C-1790,1
TA-09491,C-1625,1
TA-09492,C-1625,1
TA-09493,C-1623,1
TA-09494,C-1624,1
TA-09495,C-1620,1
TA-09496,C-1620,2
TA-09497,C-1620,2
TA-09498,C-1620,2
TA-09499,C-1620,1
TA-09500,C-1620,1
TA-09501,C-1620,1
TA-09502,C-1620,2
TA-09503,C-1620,2
TA-09504,C-1641,2
TA-09505,C-1845,1
TA-09506,C-0699,1
TA-09507,C-0699,1
TA-09508,C-0762,1
TA-09509,C-1621,2
TA-09510,C-1621,2
TA-09511,C-1621,2
TA-09512,C-1624,2
TA-09513,C-1624,2
TA-09514,C-0448,2
TA-09515,C-0448,2
TA-09516,C-1420,2
TA-09517,C-1420,2
TA-09518,C-1420,2
TA-09519,C-1845,2
TA-09520,C-1845,2
TA-09521,C-1845,2
TA-09522,C-1845,2
TA-09523,C-1358,1
TA-09524,C-1355,1
TA-09525,C-1625,2
TA-09526,C-1620,2
TA-09527,C-1475,1
TA-09530,C-0227,2
TA-09531,C-0227,2
TA-09532,C-0227,2
TA-09537,C-0227,2
TA-09538,C-0227,2
TA-09539,C-0227,2
TA-09540,C-0227,2
TA-09541,C-0227,2
TA-09542,C-0227,2
TA-09543,C-0227,2
TA-09544,C-0227,2
TA-09545,C-1845,2
TA-09546,C-0227,2
TA-09547,C-0227,2
TA-09548,C-0227,2
TA-09549,C-0227,2
TA-09551,C-1624,1
TA-09552,C-1631,2
TA-09553,C-1631,2
TA-09554,C-1631,2
TA-09555,C-1631,2
TA-09556,C-1629,2
TA-09557,C-1629,2
TA-09558,C-1629,2
TA-09559,C-1629,2
TA-09560,C-1623,2
TA-09561,C-1623,2
TA-09562,C-1631,2
TA-09563,C-1631,2
TA-09564,C-1629,2
TA-09565,C-1629,2
TA-09566,C-1621,1
TA-09567,C-1623,2
TA-09568,C-1623,2
TA-09569,C-1622,2
TA-09570,C-1622,2
TA-09571,C-1385,2
TA-09572,C-1385,2
TA-09573,C-1622,2
TA-09574,C-1622,2
TA-09575,C-1629,2
TA-09576,C-1629,2
TA-09577,C-1629,2
TA-09578,C-1622,2
TA-09580,C-1640,1
TA-09581,C-1640,1
TA-09582,C-1640,1
TA-09583,C-1640,1
TA-09584,C-1649,1
TA-09585,C-1622,2
TA-09586,C-1622,2
TA-09587,C-1624,2
TA-09588,C-1623,2
TA-09589,C-1624,1
TA-09590,C-1623,1
TA-09591,C-1358,1
TA-09592,C-1420,1
TA-09593,C-1385,2
TA-09594,C-1385,2
TA-09595,C-1622,2
TA-09596,C-1621,2
TA-09597,C-1622,2
TA-09598,C-1622,2
TA-09599,C-1622,2
TA-09600,C-1622,2
TA-09601,C-1621,2
TA-09602,C-1622,2
TA-09603,C-1344,1
TA-09604,C-1233,1
TA-09605,C-0699,1
TA-09608,C-1623,2
TA-09609,C-0617,1
TA-09610,C-1623,2
TA-09611,C-1623,2
TA-09612,C-1449,1
TA-09616,C-1385,2
TA-09617,C-1385,2
TA-09619,C-1622,2
TA-09620,C-1622,2
TA-09621,C-1622,2
TA-09622,C-1622,2
TA-09623,C-1622,2
TA-09624,C-1622,2
TA-09625,C-1622,2
TA-09628,C-0448,2
TA-09629,C-1845,2
TA-09630,C-1845,2
TA-09631,C-1845,2
TA-09633,C-0448,2
TA-09634,C-1845,2
TA-09635,C-1845,2
TA-09636,C-1845,2
TA-09638,C-1326,1
TA-09639,C-0444,2
TA-09640,C-1624,1
TA-09641,C-0415,2
TA-09642,C-0415,2
TA-09643,C-0414,1
TA-09644,C-0414,1
TA-09645,C-0757,1
TA-09646,C-1623,1
TA-09647,C-1629,2
TA-09648,C-1629,2
TA-09649,C-1213,1
TA-09650,C-1213,1
TA-09651,C-0047,1
TA-09652,C-1622,1
TA-09653,C-1622,1
TA-09654,C-1444,1
TA-09655,C-1444,1
TA-09656,C-1910,1
TA-09657,C-1910,1
TA-09658,C-1621,2
TA-09659,C-1621,2
TA-09660,C-1622,2
TA-09661,C-0699,1
TA-09664,C-0710,1
TA-09665,C-1860,1
TA-09666,C-1789,1
TA-09667,C-1789,1
TA-09668,C-1420,2
TA-09669,C-1420,2
TA-09670,C-1625,1
TA-09671,C-1625,1
TA-09672,C-1625,2
TA-09673,C-1623,2
TA-09674,C-1640,2
TA-09675,C-1623,1
TA-09676,C-1845,2
TA-09682,C-0649,1
TA-09686,C-1629,2
TA-09687,C-1947,1
TA-09688,C-0143,1
TA-09689,C-1621,2
TA-09690,C-1621,2
TA-09691,C-1623,1
TA-09692,C-0770,1
TA-09694,C-0772,1
TA-09695,C-1860,1
TA-09696,C-1860,1
TA-09697,C-1860,2
TA-09698,C-1385,2
TA-09699,C-1385,2
TA-09700,C-1622,1
TA-09701,C-1626,1
TA-09702,C-1626,1
TA-09703,C-1624,1
TA-09705,C-1626,2
TA-09706,C-1626,2
TA-09709,C-1622,2
TA-09710,C-1621,2
TA-09711,C-0170,1
TA-09713,C-0562,1
TA-09714,C-1218,1
TA-09715,C-1218,1
TA-09716,C-1218,1
TA-09717,C-1218,1
TA-09718,C-1623,2
TA-09719,C-1623,2
TA-09720,C-1624,2
TA-09721,C-1623,2
TA-09722,C-1622,2
TA-09724,C-1620,2
TA-09725,C-1620,2
TA-09726,C-1792,1
TA-09727,C-1620,2
TA-09728,C-1312,2
TA-09729,C-1312,2
TA-09730,C-1312,2
TA-09731,C-1312,2
TA-09739,C-1631,2
TA-09740,C-1624,1
TA-09741,C-1624,1
TA-09744,C-1622,1
TA-09745,C-1622,1
TA-09746,C-1243,2
TA-09747,C-1622,2
TA-09748,C-1622,2
TA-09749,C-1622,2
TA-09750,C-1622,2
TA-09751,C-1845,2
TA-09752,C-0617,1
TA-09753,C-1533,1
TA-09754,C-1845,2
TA-09755,C-0699,1
TA-09763,C-1624,2
TA-09764,C-1642,2
TA-09765,C-1620,2
TA-09769,C-1622,2
TA-09770,C-1624,1
TA-09771,C-1624,1
TA-09772,C-1624,2
TA-09773,C-1624,2
TA-09774,C-1625,2
TA-09775,C-1625,2
TA-09776,C-1621,2
TA-09777,C-1621,2
TA-09778,C-1621,2
TA-09779,C-1621,2
TA-09780,C-1621,2
TA-09781,C-1621,2
TA-09782,C-1621,2
TA-09783,C-1621,2
TA-09784,C-1621,2
TA-09785,C-1623,2
TA-09786,C-1623,2
TA-09787,C-1623,2
TA-09788,C-1623,1
TA-09789,C-1385,2
TA-09790,C-1385,2
TA-09791,C-1624,1
TA-09792,C-1623,1
TA-09793,C-1623,2
TA-09794,C-1623,2
TA-09795,C-1624,1
TA-09796,C-1622,2
TA-09797,C-1621,2
TA-09798,C-0710,1
TA-09799,C-1790,1
TA-09800,C-1778,1
TA-09801,C-1243,2
TA-09802,C-0444,1
TA-09803,C-1577,1
TA-09804,C-1625,2
TA-09805,C-0244,1
TA-09806,C-0244,1
TA-09807,C-1621,2
TA-09808,C-1621,2
TA-09809,C-1476,2
TA-09810,C-1845,2
TA-09813,C-1629,2
TA-09814,C-0674,1
TA-09815,C-0674,1
TA-09816,C-0674,1
TA-09817,C-0674,1
TA-09818,C-1420,2
TA-09819,C-1621,2
TA-09820,C-1623,2
TA-09821,C-1623,2
TA-09822,C-1623,2
TA-09823,C-1631,2
TA-09824,C-1631,2
TA-09825,C-1629,2
TA-09826,C-1629,2
TA-09827,C-1629,2
TA-09828,C-1629,2
TA-09829,C-1629,2
TA-09831,C-1624,2
TA-09832,C-1623,1
TA-09833,C-1623,1
TA-09834,C-1623,1
TA-09835,C-1623,2
TA-09836,C-0210,1
TA-09837,C-1623,1
TA-09838,C-1623,1
TA-09839,C-1623,1
TA-09840,C-1623,1
TA-09841,C-1623,2
TA-09842,C-0211,1
TA-09843,C-0210,1
TA-09844,C-1623,1
TA-09845,C-1623,1
TA-09846,C-1623,1
TA-09847,C-1623,1
TA-09848,C-1623,1
TA-09849,C-1623,1
TA-09850,C-1623,1
TA-09851,C-1623,1
TA-09852,C-1623,1
TA-09853,C-1623,1
TA-09854,C-1623,2
TA-09855,C-1623,1
TA-09856,C-0210,1
TA-09857,C-1623,1
TA-09858,C-1623,1
TA-09859,C-1623,1
TA-09860,C-1623,1
TA-09861,C-1623,1
TA-09862,C-1623,2
TA-09863,C-1623,2
TA-09864,C-0210,1
TA-09865,C-1623,1
TA-09866,C-1623,1
TA-09867,C-1623,1
TA-09868,C-1623,1
TA-09869,C-1623,2
TA-09870,C-1623,2
TA-09871,C-1623,1
TA-09872,C-1623,1
TA-09873,C-1623,2
TA-09874,C-1623,2
TA-09875,C-1623,2
TA-09876,C-1623,1
TA-09877,C-1623,1
TA-09878,C-1623,1
TA-09882,C-1625,1
TA-09883,C-1625,1
TA-09884,C-1625,1
TA-09885,C-1625,1
TA-09886,C-1625,1
TA-09887,C-1625,1
TA-09888,C-1625,1
TA-09889,C-1625,1
TA-09890,C-1624,2
TA-09891,C-1624,1
TA-09892,C-1624,2
TA-09893,C-1624,1
TA-09894,C-1700,1
TA-09895,C-0448,2
TA-09896,C-1385,2
TA-09897,C-1629,2
TA-09898,C-1629,2
TA-09899,C-1629,2
TA-09900,C-0015,1
TA-09901,C-1328,1
TA-09902,C-1647,2
TA-09903,C-0247,2
TA-09904,C-1845,1
TA-09905,C-0448,2
TA-09906,C-1328,1
TA-09907,C-1627,2
TA-09908,C-1627,2
TA-09909,C-1629,2
TA-09910,C-1629,2
TA-09911,C-0448,2
TA-09912,C-0448,2
TA-09913,C-1624,2
TA-09914,C-1623,1
TA-09915,C-1624,2
TA-09916,C-1622,1
TA-09918,C-1622,2
TA-09919,C-0699,1
TA-09920,C-0699,1
TA-09921,C-0699,1
TA-09922,C-0699,1
TA-09923,C-0699,1
TA-09924,C-0699,1
TA-09925,C-0448,2
TA-09926,C-1621,2
TA-09929,C-1817,1
TA-09930,C-1621,2
TA-09931,C-1621,2
TA-09932,C-0133,1
TA-09933,C-0133,1
TA-09934,C-0133,1
TA-09935,C-0133,1
TA-09937,C-0520,1
TA-09939,C-1312,2
TA-09940,C-1312,2
TA-09941,C-1312,2
TA-09942,C-1312,2
TA-09943,C-1243,2
TA-09944,C-1219,1
TA-09945,C-1214,1
TA-09946,C-1213,1
TA-09947,C-1214,1
TA-09948,C-1213,1
TA-09950,C-1624,2
TA-09951,C-1385,2
TA-09952,C-1777,1
TA-09953,C-1777,1
TA-09954,C-1777,1
TA-09955,C-1621,2
TA-09956,C-1623,2
TA-09957,C-1623,2
TA-09958,C-1623,2
TA-09959,C-1623,2
TA-09960,C-1623,2
TA-09961,C-1623,2
TA-09962,C-1623,2
TA-09963,C-1623,1
TA-09964,C-1623,2
TA-09965,C-1623,2
TA-09966,C-1623,2
TA-09967,C-1623,2
TA-09968,C-1624,2
TA-09969,C-1624,2
TA-09970,C-1623,2
TA-09971,C-1623,2
TA-09972,C-1623,2
TA-09973,C-1623,2
TA-09974,C-1623,2
TA-09975,C-1623,2
TA-09976,C-1623,2
TA-09977,C-1623,2
TA-09978,C-1621,2
TA-09979,C-1623,2
TA-09980,C-1623,2
TA-09981,C-1925,1
TA-09982,C-0448,2
TA-09983,C-1621,2
TA-09984,C-1620,1
TA-09985,C-1845,1
TA-09986,C-1845,1
TA-09987,C-1845,1
TA-09988,C-1845,1
TA-09989,C-0365,1
TA-09990,C-1203,1
TA-09991,C-1203,1
TA-09992,C-0775,1
TA-09994,C-0916,1
TA-09995,C-1624,1
TA-09996,C-1622,1
TA-09997,C-1622,2
TA-09998,C-1622,1
TA-09999,C-1622,2
TA-10000,C-1639,1
TA-10001,C-1622,2
TA-10002,C-1621,2
TA-10003,C-1622,2
TA-10004,C-1622,2
TA-10005,C-1622,2
TA-10006,C-1622,2
TA-10007,C-1622,2
TA-10008,C-1622,2
TA-10009,C-0780,1
TA-10011,C-1621,2
TA-10012,C-1777,1
TA-10013,C-1343,1
TA-10014,C-1629,2
TA-10015,C-1385,2
TA-10016,C-1385,2
TA-10017,C-1845,2
TA-10019,C-0520,1
TA-10020,C-0520,1
TA-10021,C-0170,1
TA-10022,C-1640,1
TA-10026,C-1621,2
TA-10027,C-1624,2
TA-10028,C-1624,2
TA-10029,C-0682,1
TA-10030,C-1623,2
TA-10031,C-1623,2
TA-10032,C-1631,2
TA-10033,C-1631,2
TA-10034,C-1631,2
TA-10035,C-1631,2
TA-10036,C-1622,2
TA-10038,C-1845,2
TA-10039,C-1845,2
TA-10040,C-1790,1
TA-10041,C-1777,1
TA-10042,C-1777,1
TA-10043,C-1781,2
TA-10044,C-1781,2
TA-10045,C-1778,1
TA-10046,C-1792,1
TA-10047,C-1779,1
TA-10048,C-1620,2
TA-10049,C-1790,1
TA-10050,C-1789,1
TA-10051,C-1789,1
TA-10052,C-1701,1
TA-10053,C-1701,1
TA-10054,C-0421,1
TA-10055,C-0421,1
TA-10056,C-1623,2
TA-10057,C-1623,2
TA-10058,C-1623,1
TA-10059,C-1621,1
TA-10060,C-1621,1
TA-10061,C-1621,1
TA-10062,C-1621,1
TA-10063,C-1621,2
TA-10064,C-1420,2
TA-10065,C-1845,2
TA-10066,C-0448,2
TA-10067,C-1845,2
TA-10068,C-0520,1
TA-10070,C-1505,1
TA-10071,C-0520,2
TA-10072,C-0008,1
TA-10074,C-0520,2
TA-10075,C-0761,1
TA-10077,C-0520,1
TA-10079,C-0520,1
TA-10082,C-0732,1
TA-10083,C-1866,1
TA-10084,C-1329,1
TA-10085,C-1621,2
TA-10086,C-1621,2
TA-10087,C-0640,1
TA-10088,C-1845,2
TA-10089,C-1621,2
TA-10090,C-1624,2
TA-10091,C-1624,2
TA-10094,C-1623,2
TA-10095,C-1623,2
TA-10096,C-1623,1
TA-10097,C-1623,1
TA-10098,C-1623,2
TA-10099,C-1623,2
TA-10100,C-1623,1
TA-10101,C-1623,1
TA-10102,C-1623,2
TA-10103,C-1623,2
TA-10104,C-1623,2
TA-10105,C-1623,2
TA-10106,C-1624,1
TA-10107,C-1624,1
TA-10109,C-1620,2
TA-10110,C-1625,2
TA-10111,C-1624,2
TA-10112,C-1625,2
TA-10113,C-1624,2
TA-10114,C-1624,2
TA-10115,C-1624,2
TA-10116,C-1385,2
TA-10117,C-1385,2
TA-10118,C-1808,2
TA-10119,C-1243,2
TA-10120,C-1845,1
TA-10121,C-1845,1
TA-10124,C-0448,2
TA-10125,C-0448,2
TA-10126,C-1623,2
TA-10127,C-1623,2
TA-10128,C-1621,2
TA-10129,C-1622,1
TA-10130,C-1622,1
TA-10131,C-0778,1
TA-10132,C-1639,2
TA-10133,C-1639,2
TA-10134,C-1639,2
TA-10135,C-1639,2
TA-10136,C-1624,1
TA-10137,C-1624,1
TA-10138,C-0770,1
TA-10139,C-1621,2
TA-10140,C-1385,2
TA-10141,C-1385,2
TA-10142,C-1385,2
TA-10143,C-1385,2
TA-10144,C-1646,2
TA-10145,C-0085,1
TA-10146,C-1625,1
TA-10147,C-1848,1
TA-10148,C-1845,1
TA-10149,C-1845,1
TA-10150,C-1687,1
TA-10151,C-0552,1
TA-10152,C-1625,2
TA-10153,C-1625,2
TA-10155,C-1622,2
TA-10156,C-1845,2
TA-10157,C-1845,2
TA-10158,C-1385,2
TA-10159,C-1385,2
TA-10160,C-1385,2
TA-10161,C-1385,2
TA-10162,C-1622,2
TA-10163,C-1622,1
TA-10164,C-1385,2
TA-10165,C-1385,2
TA-10166,C-1621,1
TA-10167,C-1621,2
TA-10168,C-1623,2
TA-10169,C-1623,1
TA-10170,C-1623,1
TA-10171,C-1623,2
TA-10172,C-1623,2
TA-10175,C-0772,1
TA-10176,C-0448,2
TA-10177,C-1642,2
TA-10178,C-1385,2
TA-10179,C-1385,2
TA-10181,C-1777,1
TA-10182,C-1777,1
TA-10183,C-0783,1
TA-10184,C-0448,1
TA-10185,C-0823,1
TA-10186,C-0448,2
TA-10187,C-1243,2
TA-10188,C-1243,2
TA-10189,C-1243,1
TA-10190,C-1385,2
TA-10191,C-1385,2
TA-10193,C-1778,1
TA-10194,C-1700,1
TA-10195,C-1621,2
TA-10196,C-1621,2
TA-10197,C-1621,2
TA-10198,C-1621,2
TA-10199,C-1621,2
TA-10200,C-1621,2
TA-10201,C-0448,2
TA-10202,C-1621,2
TA-10203,C-1621,2
TA-10204,C-1622,2
TA-10207,C-1385,2
TA-10208,C-1385,2
TA-10209,C-1385,2
TA-10210,C-1848,2
TA-10213,C-0180,2
TA-10214,C-0180,2
TA-10215,C-1624,2
TA-10216,C-1963,1
TA-10217,C-0244,1
TA-10218,C-1621,2
TA-10219,C-1621,2
TA-10220,C-1650,2
TA-10221,C-1650,2
TA-10222,C-1545,1
TA-10223,C-1996,1
TA-10224,C-0144,1
TA-10225,C-1954,2
TA-10226,C-1954,2
TA-10227,C-1954,2
TA-10228,C-1954,2
TA-10229,C-1628,2
TA-10230,C-1954,2
TA-10231,C-1621,2
TA-10232,C-1621,2
TA-10233,C-1621,2
TA-10234,C-1621,2
TA-10235,C-1622,2
TA-10236,C-0661,1
TA-10237,C-1243,2
TA-10238,C-0133,1
TA-10239,C-0133,1
TA-10240,C-1625,1
TA-10241,C-0699,1
TA-10242,C-0699,1
TA-10243,C-1622,1
TA-10244,C-1625,1
TA-10245,C-1626,2
TA-10246,C-1626,2
TA-10247,C-1625,1
TA-10248,C-1622,1
TA-10249,C-1622,1
TA-10250,C-1622,1
TA-10251,C-1622,1
TA-10252,C-1622,1
TA-10261,C-1629,2
TA-10262,C-1845,1
TA-10264,C-0772,1
TA-10266,C-1845,1
TA-10267,C-1845,1
TA-10268,C-0096,2
TA-10269,C-1625,2
TA-10270,C-0250,2
TA-10271,C-1872,1
TA-10272,C-1872,1
TA-10273,C-0914,1
TA-10274,C-1481,1
TA-10276,C-1421,1
TA-10278,C-1845,1
TA-10279,C-1845,2
TA-10280,C-1845,1
TA-10281,C-1845,2
TA-10282,C-0734,1
TA-10283,C-0734,1
TA-10284,C-1619,2
TA-10285,C-1620,2
TA-10286,C-1620,2
TA-10287,C-1624,2
TA-10288,C-1623,1
TA-10289,C-1625,1
TA-10290,C-1624,2
TA-10291,C-1624,2
TA-10292,C-1624,2
TA-10293,C-1624,2
TA-10294,C-1620,2
TA-10295,C-1620,2
TA-10296,C-1644,1
TA-10297,C-1420,1
TA-10298,C-1622,2
TA-10299,C-1622,2
TA-10300,C-0699,1
TA-10301,C-0699,1
TA-10302,C-1644,1
TA-10304,C-1385,2
TA-10305,C-1385,2
TA-10306,C-1385,2
TA-10307,C-1385,2
TA-10308,C-1385,2
TA-10309,C-1385,2
TA-10310,C-1624,1
TA-10311,C-1622,2
TA-10312,C-1624,1
TA-10313,C-1622,2
TA-10314,C-1624,2
TA-10315,C-1622,2
TA-10316,C-1622,2
TA-10317,C-1622,2
TA-10318,C-1622,2
TA-10319,C-1621,2
TA-10320,C-1420,2
TA-10321,C-1373,1
TA-10322,C-0789,1
TA-10323,C-1625,2
TA-10324,C-1625,2
TA-10325,C-0477,1
TA-10326,C-1622,2
TA-10327,C-1622,2
TA-10328,C-1621,1
TA-10329,C-1621,1
TA-10330,C-1312,2
TA-10331,C-1312,2
TA-10332,C-1312,2
TA-10333,C-1312,2
TA-10334,C-1312,2
TA-10335,C-1622,1
TA-10336,C-1622,1
TA-10337,C-1625,2
TA-10338,C-1621,2
TA-10339,C-1631,2
TA-10340,C-1631,2
TA-10341,C-1631,2
TA-10342,C-1628,2
TA-10343,C-1628,2
TA-10344,C-1628,2
TA-10345,C-1628,2
TA-10346,C-1475,1
TA-10347,C-0444,2
TA-10348,C-0444,2
TA-10349,C-1355,1
TA-10350,C-1203,1
TA-10351,C-1622,1
TA-10352,C-1642,1
TA-10353,C-1621,1
TA-10354,C-1621,1
TA-10355,C-0168,1
TA-10356,C-1866,1
TA-10357,C-1866,1
TA-10358,C-1622,2
TA-10359,C-0640,1
TA-10360,C-1615,1
TA-10361,C-0699,1
TA-10362,C-1624,1
TA-10363,C-1624,1
TA-10364,C-1624,1
TA-10365,C-1624,1
TA-10366,C-0699,1
TA-10367,C-1845,2
TA-10368,C-1621,2
TA-10369,C-1621,2
TA-10371,C-0732,1
TA-10372,C-1866,1
TA-10373,C-1625,1
TA-10374,C-1626,2
TA-10375,C-1626,2
TA-10376,C-1555,1
TA-10377,C-1555,1
TA-10378,C-1355,1
TA-10379,C-1420,2
TA-10380,C-1621,2
TA-10381,C-1545,1
TA-10382,C-1615,1
TA-10383,C-1621,1
TA-10384,C-1195,1
TA-10385,C-1195,1
TA-10388,C-1882,2
TA-10389,C-1621,1
TA-10390,C-1623,2
TA-10391,C-1625,2
TA-10392,C-1625,2
TA-10393,C-1623,2
TA-10394,C-1621,1
TA-10395,C-1621,2
TA-10396,C-1625,2
TA-10397,C-1845,1
TA-10398,C-1624,2
TA-10399,C-1624,1
TA-10400,C-1624,1
TA-10401,C-1385,2
TA-10402,C-1385,2
TA-10403,C-1638,1
TA-10404,C-1932,1
TA-10405,C-1624,1
TA-10406,C-1624,1
TA-10407,C-1621,2
TA-10408,C-1642,1
TA-10409,C-1642,1
TA-10410,C-1621,1
TA-10411,C-1642,1
TA-10412,C-1642,1
TA-10413,C-0797,1
TA-10415,C-1629,2
TA-10416,C-1629,2
TA-10417,C-1845,1
TA-10418,C-1845,1
TA-10419,C-1845,2
TA-10420,C-0699,1
TA-10421,C-0699,1
TA-10422,C-1621,2
TA-10423,C-1649,1
TA-10424,C-1649,1
TA-10425,C-1623,2
TA-10426,C-1623,1
TA-10427,C-1312,2
TA-10428,C-1203,1
TA-10429,C-1615,1
TA-10430,C-1626,1
TA-10431,C-1626,1
TA-10436,C-0162,1
TA-10438,C-1632,1
TA-10439,C-1411,1
TA-10440,C-0165,2
TA-10449,C-0423,1
TA-10450,C-1621,2
TA-10451,C-1621,2
TA-10452,C-1615,1
TA-10453,C-0568,1
TA-10454,C-2020,1
TA-10455,C-0275,1
TA-10456,C-0275,1
TA-10457,C-0809,2
TA-10458,C-1648,2
TA-10459,C-1648,2
TA-10460,C-1621,1
TA-10461,C-1621,2
TA-10462,C-1621,2
TA-10463,C-1621,2
TA-10464,C-1621,2
TA-10466,C-0444,1
TA-10467,C-1963,1
TA-10468,C-1963,1
TA-10469,C-0071,1
TA-10470,C-1444,1
TA-10471,C-1620,2
TA-10475,C-1622,1
TA-10476,C-1622,1
TA-10477,C-1622,1
TA-10478,C-1622,1
TA-10479,C-0423,1
TA-10480,C-1623,1
TA-10481,C-1312,2
TA-10482,C-1312,2
TA-10483,C-1621,2
TA-10484,C-1620,2
TA-10485,C-1624,1
TA-10487,C-0424,2
TA-10488,C-1622,1
TA-10489,C-1631,2
TA-10490,C-1631,2
TA-10491,C-0801,1
TA-10492,C-1641,2
TA-10493,C-1638,2
TA-10494,C-1621,1
TA-10495,C-1620,1
TA-10496,C-1621,1
TA-10501,C-1622,1
TA-10502,C-1622,1
TA-10503,C-1622,1
TA-10504,C-1624,1
TA-10505,C-1624,1
TA-10506,C-1624,1
TA-10507,C-1622,2
TA-10508,C-1622,2
TA-10509,C-1845,2
TA-10510,C-1845,2
TA-10511,C-1621,2
TA-10512,C-1621,2
TA-10513,C-1621,2
TA-10514,C-1845,2
TA-10515,C-1845,2
TA-10516,C-0562,1
TA-10517,C-0448,1
TA-10518,C-1624,1
TA-10519,C-1625,1
TA-10520,C-1625,1
TA-10521,C-1621,1
TA-10522,C-1621,1
TA-10523,C-0065,1
TA-10524,C-0065,1
TA-10525,C-1792,1
TA-10526,C-1792,1
TA-10527,C-1792,1
TA-10528,C-1792,1
TA-10529,C-1768,1
TA-10530,C-1792,1
TA-10531,C-1768,1
TA-10532,C-1621,2
TA-10533,C-1622,2
TA-10534,C-1622,1
TA-10535,C-1622,2
TA-10536,C-1625,1
TA-10537,C-1625,1
TA-10538,C-1629,2
TA-10539,C-1629,2
TA-10541,C-0562,1
TA-10542,C-1845,2
TA-10544,C-1352,1
TA-10545,C-0803,1
TA-10546,C-1621,2
TA-10547,C-1638,2
TA-10548,C-1621,1
TA-10549,C-0568,1
TA-10550,C-0568,1
TA-10555,C-1622,2
TA-10556,C-1622,2
TA-10557,C-1622,1
TA-10558,C-1622,1
TA-10559,C-1623,2
TA-10562,C-1621,2
TA-10563,C-1622,1
TA-10565,C-0071,1
TA-10566,C-1625,2
TA-10567,C-1624,2
TA-10568,C-1624,1
TA-10569,C-1625,2
TA-10570,C-1625,2
TA-10571,C-1625,2
TA-10572,C-1625,2
TA-10573,C-1625,1
TA-10574,C-1625,1
TA-10577,C-1195,1
TA-10578,C-1195,1
TA-10579,C-1622,2
TA-10580,C-1209,1
TA-10581,C-1209,1
TA-10582,C-1621,2
TA-10583,C-1845,2
TA-10584,C-1623,2
TA-10585,C-1623,1
TA-10588,C-1621,2
TA-10589,C-1845,2
TA-10590,C-1845,1
TA-10591,C-1845,2
TA-10592,C-1845,2
TA-10593,C-1845,2
TA-10594,C-1621,2
TA-10595,C-1621,2
TA-10596,C-1625,2
TA-10597,C-1625,2
TA-10598,C-1344,1
TA-10599,C-1344,1
TA-10600,C-1624,1
TA-10601,C-1631,2
TA-10602,C-1623,1
TA-10603,C-1623,1
TA-10604,C-1623,1
TA-10605,C-1623,1
TA-10606,C-1623,1
TA-10607,C-1623,1
TA-10608,C-1623,1
TA-10609,C-1623,1
TA-10610,C-1623,2
TA-10611,C-1623,1
TA-10612,C-1623,1
TA-10613,C-0698,1
TA-10616,C-1624,1
TA-10617,C-0674,1
TA-10618,C-0674,1
TA-10619,C-1625,2
TA-10620,C-1625,2
TA-10621,C-0385,1
TA-10622,C-1203,1
TA-10623,C-1621,2
TA-10624,C-1352,1
TA-10625,C-1641,2
TA-10626,C-1536,1
TA-10627,C-1536,1
TA-10628,C-0101,2
TA-10629,C-0101,2
TA-10630,C-0101,2
TA-10632,C-1629,2
TA-10633,C-1628,2
TA-10634,C-1628,2
TA-10635,C-1628,2
TA-10636,C-1628,2
TA-10637,C-1223,1
TA-10638,C-1621,2
TA-10639,C-1625,1
TA-10640,C-1625,1
TA-10641,C-1642,1
TA-10642,C-1243,2
TA-10643,C-1243,2
TA-10644,C-1495,2
TA-10645,C-1623,1
TA-10646,C-1623,2
TA-10647,C-1623,1
TA-10648,C-1623,1
TA-10649,C-1623,1
TA-10650,C-1623,1
TA-10651,C-1623,2
TA-10652,C-1623,1
TA-10653,C-1623,2
TA-10654,C-1623,1
TA-10655,C-1623,1
TA-10656,C-1623,2
TA-10657,C-1623,1
TA-10658,C-1623,1
TA-10659,C-1623,1
TA-10660,C-1623,2
TA-10661,C-1640,1
TA-10662,C-1640,1
TA-10663,C-1623,2
TA-10664,C-1623,2
TA-10665,C-1623,2
TA-10666,C-1623,1
TA-10667,C-1640,1
TA-10668,C-1623,1
TA-10669,C-1623,1
TA-10670,C-1623,1
TA-10671,C-1623,1
TA-10672,C-0210,1
TA-10673,C-1623,2
TA-10674,C-1623,1
TA-10675,C-1623,1
TA-10676,C-1623,2
TA-10677,C-1623,2
TA-10678,C-1623,2
TA-10679,C-1623,1
TA-10680,C-1623,2
TA-10681,C-1623,1
TA-10682,C-1623,1
TA-10683,C-1623,2
TA-10684,C-1623,1
TA-10685,C-1623,1
TA-10686,C-1623,1
TA-10687,C-1623,2
TA-10688,C-1622,1
TA-10689,C-1622,1
TA-10690,C-1624,2
TA-10691,C-1622,1
TA-10692,C-1622,1
TA-10693,C-1243,2
TA-10694,C-0064,1
TA-10695,C-1713,1
TA-10696,C-1344,1
TA-10697,C-1344,1
TA-10698,C-1625,1
TA-10699,C-1625,1
TA-10700,C-1625,1
TA-10701,C-1625,1
TA-10702,C-2001,1
TA-10703,C-2001,1
TA-10704,C-0448,1
TA-10705,C-0562,1
TA-10706,C-0681,1
TA-10707,C-1642,1
TA-10708,C-1642,1
TA-10709,C-1195,1
TA-10712,C-1631,2
TA-10713,C-1631,2
TA-10714,C-1625,2
TA-10715,C-1625,1
TA-10716,C-1845,2
TA-10717,C-1845,2
TA-10718,C-1845,2
TA-10719,C-1845,2
TA-10720,C-1622,2
TA-10721,C-1622,2
TA-10722,C-1622,2
TA-10723,C-1622,2
TA-10724,C-1622,2
TA-10725,C-1622,2
TA-10726,C-1622,2
TA-10727,C-1622,2
TA-10728,C-1622,2
TA-10729,C-1622,2
TA-10730,C-1621,1
TA-10731,C-1845,2
TA-10732,C-0444,2
TA-10733,C-0444,2
TA-10734,C-1625,1
TA-10735,C-0810,1
TA-10736,C-1622,1
TA-10737,C-1533,1
TA-10738,C-1623,2
TA-10739,C-1243,2
TA-10740,C-2038,2
TA-10741,C-1626,2
TA-10742,C-1845,2
TA-10743,C-1845,2
TA-10744,C-1622,1
TA-10747,C-1631,2
TA-10748,C-1624,2
TA-10749,C-1243,2
TA-10750,C-1243,2
TA-10751,C-1625,2
TA-10752,C-0424,2
TA-10753,C-1622,1
TA-10755,C-1355,1
TA-10756,C-1631,2
TA-10757,C-0444,1
TA-10760,C-1624,2
TA-10761,C-1624,2
TA-10762,C-1625,1
TA-10763,C-0085,1
TA-10764,C-1621,2
TA-10765,C-1621,2
TA-10766,C-1621,2
TA-10767,C-1621,2
TA-10768,C-1631,2
TA-10769,C-1631,2
TA-10770,C-1631,2
TA-10771,C-0741,2
TA-10772,C-0741,2
TA-10773,C-1619,1
TA-10774,C-1622,2
TA-10776,C-1227,1
TA-10777,C-1420,2
TA-10778,C-1420,2
TA-10779,C-0823,2
TA-10780,C-0444,1
TA-10781,C-1547,1
TA-10782,C-0444,1
TA-10783,C-1547,1
TA-10784,C-1435,2
TA-10785,C-1312,2
TA-10786,C-1435,2
TA-10787,C-1229,2
TA-10788,C-1229,2
TA-10789,C-1312,2
TA-10790,C-1243,2
TA-10791,C-0823,2
TA-10792,C-0823,2
TA-10794,C-0823,2
TA-10795,C-0823,2
TA-10799,C-1229,1
TA-10800,C-1312,2
TA-10801,C-1435,2
TA-10802,C-0823,2
TA-10803,C-1312,2
TA-10804,C-1312,2
TA-10805,C-1312,2
TA-10806,C-1622,2
TA-10807,C-1621,2
TA-10808,C-1620,2
TA-10809,C-1345,1
TA-10810,C-1623,2
TA-10811,C-1623,2
TA-10812,C-1622,1
TA-10813,C-1623,1
TA-10814,C-1622,1
TA-10815,C-1621,2
TA-10816,C-1621,2
TA-10817,C-1621,1
TA-10818,C-1624,2
TA-10819,C-1624,2
TA-10820,C-1502,1
TA-10821,C-1625,1
TA-10822,C-1620,2
TA-10823,C-0433,1
TA-10824,C-0433,1
TA-10825,C-1312,2
TA-10826,C-0448,2
TA-10827,C-1243,2
TA-10828,C-1243,2
TA-10830,C-1313,2
TA-10831,C-1312,2
TA-10832,C-1313,2
TA-10833,C-1313,2
TA-10834,C-1845,2
TA-10835,C-1622,1
TA-10836,C-1624,1
TA-10837,C-1642,1
TA-10838,C-1209,1
TA-10839,C-1625,1
TA-10840,C-0448,1
TA-10841,C-1625,1
TA-10842,C-1625,1
TA-10843,C-1209,1
TA-10844,C-1621,1
TA-10845,C-1625,1
TA-10846,C-1625,1
TA-10847,C-1625,1
TA-10848,C-1625,1
TA-10849,C-1621,1
TA-10850,C-0448,2
TA-10851,C-1638,2
TA-10852,C-1622,1
TA-10853,C-1625,1
TA-10854,C-1625,1
TA-10855,C-1625,1
TA-10856,C-1625,1
TA-10857,C-1625,1
TA-10858,C-1624,2
TA-10859,C-1624,2
TA-10860,C-1641,2
TA-10861,C-1624,1
TA-10862,C-1624,2
TA-10863,C-1621,1
TA-10864,C-1624,1
TA-10865,C-1650,2
TA-10866,C-1650,2
TA-10867,C-1243,2
TA-10868,C-1641,2
TA-10869,C-1641,2
TA-10870,C-1641,2
TA-10871,C-1641,2
TA-10872,C-1624,1
TA-10873,C-1624,1
TA-10874,C-1624,1
TA-10875,C-1624,1
TA-10876,C-1621,2
TA-10877,C-1243,2
TA-10878,C-0448,2
TA-10880,C-1621,1
TA-10881,C-1642,1
TA-10882,C-1642,1
TA-10883,C-1622,1
TA-10884,C-1251,1
TA-10885,C-0492,1
TA-10886,C-0572,2
TA-10887,C-1623,1
TA-10888,C-1625,1
TA-10889,C-1243,2
TA-10890,C-1312,2
TA-10891,C-0496,1
TA-10892,C-0500,1
TA-10893,C-0500,1
TA-10894,C-1624,1
TA-10895,C-0501,1
TA-10896,C-1643,1
TA-10897,C-1626,1
TA-10898,C-1643,1
TA-10899,C-1622,1
TA-10900,C-0448,2
TA-10901,C-0448,2
TA-10902,C-0448,2
TA-10903,C-1639,2
TA-10904,C-0448,2
TA-10905,C-1312,2
TA-10906,C-1312,2
TA-10907,C-1312,2
TA-10908,C-1312,2
TA-10909,C-1312,2
TA-10910,C-1312,2
TA-10911,C-1312,2
TA-10912,C-1312,2
TA-10913,C-1243,2
TA-10914,C-1243,2
TA-10915,C-1845,2
TA-10916,C-1243,2
TA-10917,C-1243,2
TA-10918,C-1243,2
TA-10919,C-1243,2
TA-10920,C-1243,2
TA-10921,C-1243,2
TA-10922,C-1345,1
TA-10923,C-0448,2
TA-10924,C-0448,2
TA-10925,C-0448,2
TA-10926,C-0448,2
TA-10927,C-1312,2
TA-10928,C-1312,2
TA-10929,C-1230,2
TA-10930,C-1230,2
TA-10931,C-1420,1
TA-10932,C-1420,1
TA-10933,C-1312,2
TA-10934,C-1312,2
TA-10935,C-1312,2
TA-10936,C-1229,2
TA-10937,C-1243,2
TA-10938,C-1345,1
TA-10939,C-1312,2
TA-10940,C-1312,2
TA-10941,C-0823,2
TA-10942,C-1229,2
TA-10943,C-1435,2
TA-10944,C-1243,2
TA-10945,C-1845,2
TA-10946,C-1845,2
TA-10947,C-1200,2
TA-10948,C-1200,2
TA-10949,C-1200,2
TA-10950,C-1200,2
TA-10951,C-1200,2
TA-10952,C-1230,2
TA-10953,C-1312,2
TA-10954,C-1312,2
TA-10955,C-1312,2
TA-10956,C-1229,1
TA-10957,C-1243,2
TA-10958,C-1243,2
TA-10959,C-1243,2
TA-10960,C-1243,2
TA-10961,C-1312,2
TA-10962,C-0002,2
TA-10963,C-0002,2
TA-10964,C-0002,2
TA-10965,C-0823,2
TA-10966,C-1312,2
TA-10967,C-1312,2
TA-10968,C-1312,2
TA-10969,C-1312,2
TA-10970,C-1243,2
TA-10971,C-1243,2
TA-10972,C-0448,2
TA-10973,C-0448,2
TA-10974,C-0448,2
TA-10975,C-1243,2
TA-10976,C-1243,2
TA-10977,C-1243,2
TA-10978,C-1243,2
TA-10979,C-0448,2
TA-10980,C-1243,2
TA-10981,C-1243,2
TA-10982,C-0448,2
TA-10983,C-1243,2
TA-10984,C-0002,2
TA-10985,C-0002,2
TA-10986,C-1227,1
TA-10987,C-1312,2
TA-10988,C-1312,2
TA-10989,C-1312,2
TA-10990,C-1312,2
TA-10991,C-1243,2
TA-10992,C-1845,2
TA-10993,C-0823,2
TA-10994,C-1845,2
TA-10995,C-1845,2
TA-10996,C-0841,1
TA-10997,C-1845,2
TA-10998,C-1420,2
TA-10999,C-1420,2
TA-11000,C-1420,2
TA-11001,C-1420,2
TA-11002,C-1420,2
TA-11003,C-1420,2
TA-11004,C-1243,2
TA-11005,C-1243,2
TA-11006,C-1243,2
TA-11007,C-1243,2
TA-11008,C-1243,2
TA-11009,C-1845,2
TA-11010,C-1420,2
TA-11011,C-1577,2
TA-11012,C-0842,1
TA-11013,C-1420,2
TA-11014,C-1243,2
TA-11015,C-1845,2
TA-11016,C-1845,2
TA-11017,C-1845,2
TA-11018,C-1845,2
TA-11020,C-1420,2
TA-11021,C-1420,2
TA-11022,C-1420,2
TA-11023,C-1243,2
TA-11024,C-1243,2
TA-11025,C-1312,2
TA-11026,C-1312,2
TA-11027,C-0847,1
TA-11028,C-0434,1
TA-11029,C-1243,2
TA-11030,C-1243,2
TA-11031,C-1420,1
TA-11032,C-1420,2
TA-11033,C-1845,2
TA-11034,C-1312,2
TA-11035,C-1845,2
TA-11036,C-1243,2
TA-11037,C-1243,2
TA-11040,C-1243,2
TA-11041,C-1243,2
TA-11042,C-1243,2
TA-11043,C-0432,1
TA-11044,C-1243,2
TA-11045,C-1243,2
TA-11046,C-0448,1
TA-11047,C-1420,2
TA-11048,C-1420,2
TA-11049,C-1420,2
TA-11050,C-1420,2
TA-11051,C-1243,2
TA-11052,C-1845,2
TA-11053,C-1845,2
TA-11054,C-1243,2
TA-11055,C-1243,2
TA-11056,C-1243,2
TA-11057,C-1312,2
TA-11058,C-1845,2
TA-11059,C-1312,2
TA-11060,C-0448,2
TA-11061,C-0448,2
TA-11062,C-1420,2
TA-11063,C-1845,2
TA-11064,C-0444,1
TA-11065,C-0444,1
TA-11066,C-0444,1
TA-11067,C-1845,2
TA-11068,C-1243,2
TA-11069,C-1845,2
TA-11070,C-0823,2
TA-11071,C-1312,2
TA-11072,C-0444,1
TA-11073,C-1312,2
TA-11074,C-1622,1
TA-11075,C-0444,2
TA-11076,C-1312,2
TA-11077,C-0422,2
TA-11078,C-0422,2
TA-11079,C-0422,2
TA-11080,C-0422,2
TA-11081,C-0422,2
TA-11082,C-0422,2
TA-11083,C-1243,2
TA-11084,C-0823,1
TA-11085,C-1243,2
TA-11086,C-0823,2
TA-11087,C-0823,2
TA-11088,C-0823,2
TA-11089,C-0823,2
TA-11090,C-0823,2
TA-11091,C-1403,2
TA-11092,C-1403,2
TA-11093,C-1403,2
TA-11094,C-1403,2
TA-11095,C-1403,2
TA-11096,C-1403,2
TA-11097,C-1403,2
TA-11098,C-1403,2
TA-11099,C-1403,2
TA-11100,C-1622,1
TA-11101,C-1622,1
TA-11102,C-1629,2
TA-11103,C-1629,2
TA-11104,C-1625,1
TA-11105,C-1625,1
TA-11109,C-1641,2
TA-11110,C-1641,2
TA-11111,C-1641,2
TA-11112,C-1641,2
TA-11113,C-1624,2
TA-11114,C-1629,2
TA-11115,C-1845,1
TA-11116,C-1845,1
TA-11117,C-1845,2
TA-11118,C-1845,2
TA-11119,C-1845,1
TA-11120,C-1845,1
TA-11121,C-1352,1
TA-11122,C-1623,1
TA-11123,C-1623,2
TA-11124,C-1623,1
TA-11125,C-1555,1
TA-11126,C-1555,1
TA-11127,C-1845,1
TA-11130,C-0442,1
TA-11131,C-1845,2
TA-11132,C-1845,2
TA-11133,C-1845,2
TA-11134,C-1845,2
TA-11135,C-1845,1
TA-11136,C-1845,1
TA-11137,C-1623,1
TA-11138,C-1623,2
TA-11139,C-1623,1
TA-11140,C-1623,1
TA-11141,C-1623,1
TA-11142,C-1623,1
TA-11143,C-1623,1
TA-11144,C-1623,1
TA-11145,C-1623,1
TA-11146,C-1623,1
TA-11147,C-1623,1
TA-11148,C-1624,2
TA-11149,C-1845,2
TA-11151,C-0202,1
TA-11152,C-1622,1
TA-11153,C-1622,1
TA-11154,C-1624,1
TA-11155,C-1505,1
TA-11156,C-1243,2
TA-11157,C-1243,2
TA-11158,C-1243,2
TA-11159,C-0448,1
TA-11160,C-1203,1
TA-11162,C-1845,1
TA-11163,C-1620,1
TA-11164,C-0002,1
TA-11165,C-1620,1
TA-11166,C-1845,1
TA-11167,C-1845,1
TA-11168,C-1845,1
TA-11169,C-1621,1
TA-11170,C-1621,1
TA-11171,C-1385,2
TA-11172,C-1385,2
TA-11173,C-1385,2
TA-11174,C-1385,2
TA-11175,C-1214,1
TA-11176,C-1845,2
TA-11177,C-1385,2
TA-11178,C-1385,2
TA-11179,C-1385,2
TA-11180,C-1385,2
TA-11181,C-1963,1
TA-11182,C-1935,1
TA-11183,C-1935,1
TA-11184,C-1935,1
TA-11185,C-1935,2
TA-11186,C-1624,2
TA-11187,C-1624,2
TA-11188,C-1621,2
TA-11190,C-1622,1
TA-11191,C-1622,1
TA-11192,C-1621,2
TA-11193,C-1621,2
TA-11194,C-1243,1
TA-11195,C-0448,1
TA-11196,C-1845,2
TA-11197,C-1845,2
TA-11198,C-1845,2
TA-11199,C-1845,2
TA-11201,C-1623,2
TA-11202,C-1845,2
TA-11203,C-1243,2
TA-11204,C-0739,1
TA-11205,C-1475,1
TA-11206,C-1477,1
TA-11207,C-1845,1
TA-11208,C-1622,1
TA-11209,C-1624,1
TA-11210,C-1621,2
TA-11211,C-1845,2
TA-11212,C-1845,1
TA-11213,C-1845,2
TA-11214,C-1621,2
TA-11215,C-1622,2
TA-11216,C-1622,2
TA-11217,C-1491,1
TA-11218,C-1623,1
TA-11219,C-1623,1
TA-11220,C-1243,2
TA-11221,C-1243,2
TA-11222,C-1622,2
TA-11223,C-1781,2
TA-11224,C-1781,2
TA-11225,C-1781,2
TA-11226,C-1779,1
TA-11227,C-1779,1
TA-11228,C-1845,2
TA-11229,C-1845,2
TA-11234,C-1621,2
TA-11235,C-1622,2
TA-11236,C-1622,2
TA-11239,C-1621,2
TA-11240,C-1621,2
TA-11241,C-1621,1
TA-11242,C-1621,1
TA-11243,C-1621,2
TA-11244,C-0699,1
TA-11245,C-1625,1
TA-11246,C-1845,2
TA-11247,C-1845,2
TA-11248,C-1629,2
TA-11249,C-1452,1
TA-11250,C-1624,1
TA-11251,C-1624,1
TA-11252,C-1625,1
TA-11253,C-1625,1
TA-11254,C-0699,1
TA-11255,C-0699,1
TA-11256,C-0699,1
TA-11257,C-0699,1
TA-11258,C-0699,1
TA-11259,C-1398,2
TA-11260,C-0162,1
TA-11261,C-1507,1
TA-11262,C-1426,1
TA-11263,C-1845,2
TA-11265,C-1624,2
TA-11266,C-1624,2
TA-11267,C-0448,2
TA-11268,C-0420,1
TA-11269,C-0043,1
TA-11270,C-0043,1
TA-11271,C-1243,2
TA-11272,C-1639,2
TA-11273,C-1640,2
TA-11274,C-1420,2
TA-11275,C-1420,2
TA-11276,C-1476,2
TA-11277,C-1466,1
TA-11278,C-1621,2
TA-11279,C-1621,2
TA-11280,C-1638,1
TA-11281,C-1638,1
TA-11282,C-1469,1
TA-11283,C-1621,1
TA-11284,C-1623,1
TA-11285,C-1625,1
TA-11286,C-1243,2
TA-11291,C-1331,1
TA-11292,C-1783,1
TA-11293,C-1783,1
TA-11294,C-1845,2
TA-11295,C-1621,2
TA-11297,C-1622,1
TA-11298,C-1624,1
TA-11299,C-1624,1
TA-11304,C-1792,1
TA-11305,C-1649,1
TA-11306,C-1243,2
TA-11307,C-1898,4
TA-11308,C-1622,2
TA-11309,C-1622,1
TA-11310,C-1898,4
TA-11312,C-1621,2
TA-11313,C-1621,2
TA-11314,C-1621,2
TA-11315,C-1621,2
TA-11316,C-1621,2
TA-11317,C-1624,2
TA-11318,C-1623,1
TA-11319,C-1624,1
TA-11320,C-1624,1
TA-11321,C-1866,1
TA-11322,C-1866,1
TA-11323,C-1866,1
TA-11324,C-1312,2
TA-11325,C-1621,2
TA-11326,C-1621,2
TA-11327,C-1639,2
TA-11328,C-1845,1
TA-11329,C-1845,1
TA-11330,C-1621,2
TA-11336,C-1642,2
TA-11337,C-1625,1
TA-11338,C-1845,2
TA-11339,C-1622,1
TA-11342,C-1898,4
TA-11343,C-1885,2
TA-11344,C-1639,2
TA-11345,C-1638,2
TA-11346,C-1885,2
TA-11347,C-1639,2
TA-11348,C-1243,2
TA-11349,C-1625,2
TA-11350,C-1625,2
TA-11353,C-1624,2
TA-11354,C-1624,2
TA-11355,C-1243,1
TA-11356,C-1243,1
TA-11357,C-1624,2
TA-11358,C-1243,2
TA-11359,C-0448,2
TA-11360,C-1621,2
TA-11361,C-1595,1
TA-11362,C-0811,1
TA-11363,C-1623,2
TA-11366,C-1845,1
TA-11367,C-1845,2
TA-11368,C-1845,1
TA-11369,C-1845,2
TA-11370,C-1845,2
TA-11371,C-1625,1
TA-11372,C-1621,2
TA-11373,C-1860,1
TA-11375,C-0448,2
TA-11376,C-0448,1
TA-11377,C-0448,1
TA-11378,C-1848,2
TA-11379,C-0448,2
TA-11381,C-1355,1
TA-11382,C-1631,2
TA-11383,C-1625,2
TA-11384,C-1625,2
TA-11385,C-1622,2
TA-11386,C-1639,2
TA-11387,C-1639,2
TA-11388,C-1866,2
TA-11389,C-1866,2
TA-11390,C-1621,1
TA-11391,C-0244,1
TA-11392,C-0244,1
TA-11393,C-1203,1
TA-11394,C-1203,1
TA-11395,C-1203,1
TA-11396,C-1203,1
TA-11398,C-1845,2
TA-11399,C-1625,2
TA-11400,C-1621,1
TA-11401,C-1621,2
TA-11402,C-1621,2
TA-11403,C-1385,2
TA-11404,C-1385,2
TA-11405,C-0444,1
TA-11406,C-1768,2
TA-11407,C-0699,1
TA-11408,C-0699,1
TA-11411,C-1420,2
TA-11412,C-0517,1
TA-11413,C-1622,2
TA-11414,C-1622,2
TA-11415,C-1622,1
TA-11416,C-1622,1
TA-11417,C-1622,1
TA-11418,C-1622,1
TA-11419,C-1621,1
TA-11420,C-1626,2
TA-11421,C-1626,2
TA-11424,C-0520,1
TA-11427,C-0899,1
TA-11428,C-0520,1
TA-11429,C-1713,1
TA-11430,C-1621,1
TA-11431,C-1621,1
TA-11432,C-0656,1
TA-11433,C-0656,1
TA-11434,C-0656,1
TA-11435,C-0656,1
TA-11436,C-0448,2
TA-11437,C-1629,2
TA-11438,C-1622,2
TA-11439,C-1203,1
TA-11440,C-1622,1
TA-11441,C-1622,1
TA-11442,C-1622,1
TA-11443,C-0929,1
TA-11444,C-1845,1
TA-11445,C-1845,1
TA-11446,C-1845,1
TA-11447,C-1243,1
TA-11448,C-1845,1
TA-11449,C-1845,1
TA-11450,C-1860,1
TA-11451,C-1860,1
TA-11452,C-1860,1
TA-11453,C-1860,1
TA-11454,C-1860,1
TA-11455,C-1629,2
TA-11456,C-1629,2
TA-11457,C-1845,1
TA-11458,C-1845,1
TA-11459,C-1845,1
TA-11460,C-1845,2
TA-11461,C-1845,2
TA-11462,C-1624,2
TA-11463,C-1624,2
TA-11464,C-1624,1
TA-11465,C-1622,2
TA-11466,C-1622,2
TA-11467,C-1621,1
TA-11468,C-1625,1
TA-11469,C-1624,2
TA-11470,C-1624,2
TA-11471,C-1624,2
TA-11474,C-0448,2
TA-11475,C-1845,2
TA-11476,C-1621,2
TA-11477,C-1845,2
TA-11478,C-1243,2
TA-11479,C-1845,2
TA-11480,C-1845,2
TA-11481,C-1845,2
TA-11483,C-1631,2
TA-11485,C-1621,2
TA-11486,C-1621,1
TA-11487,C-1621,2
TA-11488,C-1622,1
TA-11489,C-1845,2
TA-11490,C-1845,2
TA-11491,C-1621,2
TA-11492,C-1620,1
TA-11493,C-1637,2
TA-11494,C-1620,1
TA-11495,C-1620,1
TA-11496,C-1620,2
TA-11497,C-1620,2
TA-11498,C-1620,2
TA-11499,C-1620,2
TA-11500,C-1620,1
TA-11501,C-1620,1
TA-11502,C-1620,1
TA-11503,C-1620,1
TA-11504,C-1637,2
TA-11505,C-1620,1
TA-11506,C-1620,1
TA-11507,C-1622,2
TA-11508,C-1620,2
TA-11509,C-1622,2
TA-11510,C-1620,1
TA-11511,C-1620,1
TA-11512,C-1622,2
TA-11513,C-1620,2
TA-11514,C-1620,2
TA-11515,C-1243,2
TA-11516,C-1243,2
TA-11517,C-1243,2
TA-11518,C-1243,2
TA-11519,C-1243,2
TA-11520,C-1243,2
TA-11521,C-1781,2
TA-11522,C-1781,2
TA-11523,C-1622,2
TA-11524,C-1253,1
TA-11525,C-1624,2
TA-11526,C-1624,2
TA-11527,C-1620,2
TA-11528,C-1625,1
TA-11529,C-1624,2
TA-11530,C-1615,1
TA-11531,C-1624,1
TA-11534,C-1420,2
TA-11535,C-1621,2
TA-11536,C-1621,2
TA-11537,C-1631,2
TA-11538,C-1631,2
TA-11539,C-1629,2
TA-11540,C-1631,2
TA-11541,C-1631,2
TA-11542,C-1629,2
TA-11545,C-1625,1
TA-11546,C-1647,2
TA-11550,C-1622,1
TA-11551,C-1622,1
TA-11552,C-1622,1
TA-11553,C-1622,1
TA-11554,C-1622,1
TA-11556,C-1745,1
TA-11557,C-0772,1
TA-11558,C-1625,2
TA-11559,C-1845,1
TA-11560,C-1845,1
TA-11564,C-1624,1
TA-11565,C-1641,2
TA-11566,C-1625,2
TA-11567,C-1625,1
TA-11568,C-1629,2
TA-11569,C-1629,2
TA-11570,C-1631,2
TA-11571,C-1623,1
TA-11572,C-1622,2
TA-11573,C-1622,2
TA-11574,C-1622,1
TA-11575,C-1622,2
TA-11577,C-1243,2
TA-11578,C-1845,2
TA-11579,C-1845,2
TA-11580,C-1845,2
TA-11581,C-1621,2
TA-11582,C-1621,1
TA-11583,C-1845,2
TA-11584,C-1622,1
TA-11585,C-1355,1
TA-11586,C-1845,2
TA-11587,C-0448,2
TA-11588,C-1243,2
TA-11589,C-1622,1
TA-11590,C-1624,2
TA-11591,C-1624,2
TA-11593,C-1614,1
TA-11594,C-1621,2
TA-11595,C-1947,1
TA-11596,C-0523,1
TA-11597,C-0586,1
TA-11598,C-0587,1
TA-11599,C-1243,2
TA-11600,C-1866,1
TA-11602,C-1243,2
TA-11603,C-1848,1
TA-11605,C-0448,2
TA-11606,C-1420,2
TA-11607,C-1420,2
TA-11608,C-1625,1
TA-11609,C-1624,2
TA-11610,C-1624,2
TA-11611,C-1624,2
TA-11612,C-1624,2
TA-11613,C-1624,2
TA-11614,C-1624,2
TA-11615,C-1420,2
TA-11616,C-1420,2
TA-11617,C-1420,2
TA-11618,C-1420,2
TA-11621,C-1420,2
TA-11622,C-1420,2
TA-11623,C-1622,2
TA-11624,C-1866,1
TA-11625,C-1624,2
TA-11627,C-1629,2
TA-11628,C-1631,2
TA-11629,C-1631,2
TA-11630,C-1631,2
TA-11633,C-1621,2
TA-11634,C-1625,1
TA-11635,C-0898,1
TA-11636,C-1420,2
TA-11637,C-1848,1
TA-11639,C-1624,1
TA-11640,C-1624,1
TA-11641,C-1622,1
TA-11642,C-1622,1
TA-11643,C-0677,1
TA-11646,C-1623,2
TA-11647,C-1624,1
TA-11648,C-1624,2
TA-11649,C-1624,2
TA-11650,C-1624,2
TA-11651,C-1624,2
TA-11652,C-1211,1
TA-11653,C-1624,2
TA-11654,C-1211,1
TA-11655,C-1624,2
TA-11656,C-1640,2
TA-11657,C-1623,2
TA-11658,C-1640,2
TA-11659,C-1623,2
TA-11660,C-1641,2
TA-11661,C-1243,1
TA-11662,C-1622,1
TA-11663,C-1622,1
TA-11664,C-1214,1
TA-11665,C-1217,1
TA-11666,C-1622,1
TA-11669,C-1622,1
TA-11670,C-1620,2
TA-11671,C-1385,2
TA-11672,C-1385,2
TA-11673,C-1385,2
TA-11674,C-1385,2
TA-11675,C-1385,2
TA-11676,C-1385,2
TA-11677,C-0448,2
TA-11678,C-1638,1
TA-11679,C-1420,2
TA-11680,C-0783,1
TA-11681,C-1631,2
TA-11682,C-1631,2
TA-11683,C-1631,2
TA-11684,C-1631,2
TA-11685,C-1630,2
TA-11686,C-1630,2
TA-11690,C-1420,2
TA-11693,C-1876,1
TA-11694,C-1623,2
TA-11695,C-1623,1
TA-11696,C-1623,2
TA-11697,C-1625,2
TA-11698,C-1631,2
TA-11700,C-1420,2
TA-11701,C-1621,1
TA-11702,C-1621,1
TA-11703,C-1420,1
TA-11704,C-0771,1
TA-11705,C-0520,1
TA-11706,C-1630,2
TA-11707,C-0562,1
TA-11708,C-1622,2
TA-11709,C-1631,2
TA-11710,C-1645,2
TA-11711,C-0423,1
TA-11715,C-1625,2
TA-11716,C-1623,2
TA-11717,C-1621,2
TA-11718,C-1622,2
TA-11719,C-1960,1
TA-11720,C-1622,1
TA-11721,C-1622,1
TA-11722,C-1625,2
TA-11723,C-1623,2
TA-11724,C-0423,1
TA-11725,C-1623,1
TA-11726,C-1623,1
TA-11727,C-1623,1
TA-11728,C-1625,2
TA-11729,C-1623,2
TA-11731,C-0444,2
TA-11732,C-1420,2
TA-11733,C-1845,2
TA-11734,C-1420,2
TA-11735,C-1385,2
TA-11736,C-1385,2
TA-11737,C-1625,1
TA-11738,C-1625,1
TA-11739,C-1631,1
TA-11740,C-1631,1
TA-11741,C-1624,2
TA-11742,C-1624,2
TA-11743,C-1641,1
TA-11744,C-1624,1
TA-11747,C-1420,2
TA-11748,C-1420,2
TA-11749,C-1420,2
TA-11750,C-1622,2
TA-11751,C-1624,1
TA-11752,C-1624,1
TA-11753,C-1624,1
TA-11754,C-1624,1
TA-11755,C-1624,2
TA-11756,C-1624,2
TA-11757,C-1420,2
TA-11758,C-1420,2
TA-11759,C-1624,1
TA-11760,C-1624,1
TA-11761,C-1624,1
TA-11762,C-1624,1
TA-11763,C-1845,2
TA-11765,C-0617,1
TA-11766,C-1622,2
TA-11767,C-1622,2
TA-11768,C-1622,2
TA-11769,C-1622,2
TA-11770,C-0901,1
TA-11771,C-1845,2
TA-11772,C-0854,1
TA-11776,C-1638,2
TA-11777,C-1624,2
TA-11781,C-1621,2
TA-11782,C-1641,2
TA-11783,C-1624,1
TA-11784,C-1624,1
TA-11785,C-1640,2
TA-11786,C-1623,1
TA-11787,C-1624,1
TA-11788,C-1623,1
TA-11789,C-1623,2
TA-11790,C-1624,2
TA-11791,C-1623,1
TA-11792,C-1622,2
TA-11793,C-0101,2
TA-11794,C-0101,2
TA-11795,C-1866,1
TA-11796,C-1866,1
TA-11797,C-1758,1
TA-11798,C-1623,1
TA-11799,C-1621,1
TA-11800,C-1621,1
TA-11801,C-1640,2
TA-11802,C-1640,2
TA-11803,C-1624,2
TA-11804,C-1624,2
TA-11805,C-1624,1
TA-11806,C-1624,1
TA-11807,C-1420,2
TA-11808,C-1420,2
TA-11809,C-1622,2
TA-11810,C-1420,1
TA-11811,C-0674,1
TA-11812,C-1243,2
TA-11813,C-0832,1
TA-11814,C-1385,2
TA-11815,C-1385,2
TA-11816,C-1385,2
TA-11817,C-1385,2
TA-11818,C-1385,2
TA-11819,C-1817,1
TA-11820,C-1624,2
TA-11821,C-1623,2
TA-11822,C-1623,2
TA-11823,C-1623,2
TA-11824,C-1622,2
TA-11825,C-1621,1
TA-11826,C-1624,2
TA-11827,C-1624,2
TA-11828,C-1312,2
TA-11829,C-1312,2
TA-11830,C-1312,2
TA-11831,C-1312,2
TA-11832,C-1312,2
TA-11833,C-1312,2
TA-11834,C-1312,2
TA-11835,C-1312,2
TA-11836,C-1312,2
TA-11837,C-1621,1
TA-11838,C-1621,1
TA-11839,C-1385,2
TA-11840,C-1385,2
TA-11842,C-1411,1
TA-11843,C-0520,2
TA-11844,C-1621,2
TA-11845,C-1323,1
TA-11849,C-1628,1
TA-11850,C-1624,2
TA-11851,C-1312,2
TA-11852,C-1623,2
TA-11853,C-1622,2
TA-11854,C-1622,2
TA-11855,C-1622,2
TA-11856,C-1622,2
TA-11857,C-1622,1
TA-11858,C-1848,1
TA-11859,C-1625,2
TA-11860,C-1622,1
TA-11861,C-1624,2
TA-11863,C-1243,1
TA-11864,C-1639,2
TA-11865,C-1243,1
TA-11866,C-1845,2
TA-11867,C-1621,2
TA-11868,C-1845,2
TA-11869,C-1845,2
TA-11870,C-1781,1
TA-11871,C-0074,2
TA-11872,C-1781,2
TA-11873,C-0072,1
TA-11874,C-1778,1
TA-11878,C-0161,1
TA-11879,C-0161,1
TA-11881,C-1845,2
TA-11882,C-0043,1
TA-11883,C-0043,1
TA-11884,C-1701,1
TA-11885,C-1701,1
TA-11886,C-1621,2
TA-11887,C-1621,4
TA-11888,C-1960,1
TA-11889,C-1625,1
TA-11890,C-1625,1
TA-11891,C-0417,1
TA-11892,C-0417,1
TA-11893,C-1781,2
TA-11894,C-1778,1
TA-11895,C-1790,1
TA-11896,C-1621,2
TA-11897,C-1624,2
TA-11898,C-1624,2
TA-11899,C-1621,1
TA-11900,C-1621,2
TA-11901,C-1621,1
TA-11902,C-1638,2
TA-11903,C-1629,2
TA-11904,C-1625,1
TA-11906,C-1622,1
TA-11907,C-0698,1
TA-11908,C-1845,2
TA-11909,C-1444,1
TA-11910,C-1243,2
TA-11911,C-1625,1
TA-11912,C-1625,2
TA-11913,C-1622,1
TA-11914,C-1622,2
TA-11915,C-1093,2
TA-11916,C-1621,2
TA-11917,C-1621,2
TA-11918,C-1625,1
TA-11920,C-1630,1
TA-11921,C-1630,1
TA-11922,C-1623,1
TA-11923,C-1630,1
TA-11924,C-1621,2
TA-11925,C-1845,2
TA-11927,C-1625,2
TA-11929,C-1243,1
TA-11931,C-0199,2
TA-11932,C-0199,2
TA-11933,C-1342,1
TA-11934,C-1624,1
TA-11935,C-1624,1
TA-11936,C-1622,1
TA-11937,C-1622,4
TA-11938,C-1505,1
TA-11939,C-1622,2
TA-11940,C-1640,2
TA-11941,C-1640,1
TA-11942,C-1640,2
TA-11943,C-1640,1
TA-11944,C-1638,2
TA-11945,C-1621,1
TA-11946,C-1621,2
TA-11947,C-1620,1
TA-11948,C-1620,1
TA-11949,C-1620,1
TA-11950,C-1621,2
TA-11951,C-1621,1
TA-11952,C-1209,1
TA-11955,C-1213,1
TA-11956,C-1214,1
TA-11957,C-1641,2
TA-11958,C-1641,2
TA-11959,C-1625,1
TA-11960,C-1621,2
TA-11963,C-1195,1
TA-11964,C-1195,1
TA-11965,C-1631,2
TA-11966,C-1631,2
TA-11967,C-1632,1
TA-11968,C-0520,1
TA-11969,C-1621,2
TA-11970,C-1624,1
TA-11971,C-0903,1
TA-11972,C-1622,2
TA-11973,C-1624,2
TA-11974,C-0444,2
TA-11975,C-0444,2
TA-11976,C-1631,2
TA-11977,C-1623,2
TA-11978,C-1623,1
TA-11979,C-1243,2
TA-11980,C-1624,2
TA-11986,C-1644,2
TA-11987,C-1624,2
TA-11988,C-1845,2
TA-11989,C-0448,2
TA-11990,C-0448,2
TA-11991,C-1907,1
TA-11992,C-1624,1
TA-11993,C-1624,1
TA-11995,C-1624,2
TA-11996,C-1624,2
TA-11997,C-1622,1
TA-11998,C-1631,2
TA-11999,C-1631,2
TA-12000,C-1630,2
TA-12001,C-1642,2
TA-12003,C-0717,1
TA-12004,C-0717,1
TA-12005,C-0655,1
TA-12006,C-0655,1
TA-12007,C-0717,1
TA-12008,C-0655,1
TA-12009,C-0719,1
TA-12010,C-0719,1
TA-12011,C-0655,1
TA-12013,C-0655,1
TA-12014,C-0655,1
TA-12015,C-0655,1
TA-12016,C-0655,1
TA-12017,C-1845,2
TA-12018,C-1845,2
TA-12019,C-0286,1
TA-12020,C-1621,1
TA-12021,C-1621,1
TA-12022,C-1646,1
TA-12023,C-1621,1
TA-12024,C-1739,1
TA-12025,C-1622,1
TA-12026,C-1622,1
TA-12027,C-0425,1
TA-12028,C-0425,1
TA-12029,C-1620,2
TA-12030,C-1620,2
TA-12032,C-1625,1
TA-12033,C-1385,2
TA-12034,C-1385,2
TA-12035,C-1845,2
TA-12036,C-1845,2
TA-12037,C-1625,2
TA-12038,C-1625,1
TA-12039,C-0699,1
TA-12040,C-0699,1
TA-12041,C-1845,2
TA-12042,C-1621,2
TA-12043,C-1621,2
TA-12044,C-1622,2
TA-12045,C-0448,1
TA-12046,C-0823,2
TA-12047,C-1625,1
TA-12048,C-1626,2
TA-12049,C-1624,1
TA-12051,C-1622,1
TA-12052,C-1845,2
TA-12053,C-1845,2
TA-12054,C-1621,1
TA-12055,C-1621,1
TA-12056,C-1420,2
TA-12057,C-1845,2
TA-12058,C-1639,1
TA-12059,C-1646,1
TA-12060,C-1624,2
TA-12061,C-1817,1
TA-12062,C-1649,2
TA-12063,C-1649,2
TA-12064,C-1622,2
TA-12065,C-1625,1
TA-12066,C-1625,2
TA-12067,C-1623,1
TA-12068,C-1623,1
TA-12069,C-1623,1
TA-12070,C-1623,1
TA-12071,C-1623,1
TA-12072,C-1623,1
TA-12073,C-1646,1
TA-12074,C-0674,1
TA-12075,C-0674,1
TA-12076,C-1622,1
TA-12077,C-1622,1
TA-12078,C-1622,1
TA-12079,C-1621,1
TA-12080,C-1621,1
TA-12081,C-1209,1
TA-12082,C-0423,1
TA-12083,C-1642,1
TA-12084,C-1625,1
TA-12085,C-1622,2
TA-12086,C-1622,2
TA-12087,C-1633,1
TA-12088,C-0879,1
TA-12089,C-1637,2
TA-12090,C-1637,2
TA-12091,C-1620,1
TA-12092,C-1620,1
TA-12093,C-1620,1
TA-12094,C-1620,1
TA-12095,C-1622,1
TA-12096,C-1622,1
TA-12097,C-1624,1
TA-12098,C-0460,1
TA-12099,C-1946,1
TA-12100,C-1624,2
TA-12101,C-1624,2
TA-12102,C-1624,2
TA-12103,C-1624,2
TA-12104,C-1623,1
TA-12105,C-1624,1
TA-12106,C-1624,1
TA-12107,C-1623,1
TA-12108,C-1626,1
TA-12109,C-0739,1
TA-12110,C-1243,2
TA-12111,C-1845,2
TA-12113,C-1845,2
TA-12114,C-1845,2
TA-12115,C-1845,2
TA-12116,C-1845,2
TA-12117,C-1845,2
TA-12118,C-1845,2
TA-12119,C-0829,1
TA-12120,C-1845,1
TA-12121,C-1623,2
TA-12122,C-1623,1
TA-12123,C-1476,2
TA-12124,C-1312,1
TA-12125,C-0823,1
TA-12126,C-0823,2
TA-12127,C-1312,1
TA-12128,C-1622,2
TA-12129,C-1621,2
TA-12130,C-1219,1
TA-12131,C-1623,1
TA-12132,C-1621,1
TA-12133,C-1622,2
TA-12134,C-1621,2
TA-12135,C-1621,2
TA-12136,C-1621,2
TA-12137,C-1621,2
TA-12138,C-1622,2
TA-12139,C-1622,1
TA-12140,C-1622,1
TA-12141,C-1624,2
TA-12142,C-1624,2
TA-12143,C-1624,2
TA-12144,C-1622,1
TA-12145,C-1621,2
TA-12146,C-1625,1
TA-12147,C-1625,2
TA-12148,C-1625,2
TA-12150,C-1624,2
TA-12151,C-1622,1
TA-12152,C-1845,2
TA-12153,C-1845,2
TA-12154,C-1631,2
TA-12155,C-1622,2
TA-12156,C-1622,2
TA-12157,C-1622,2
TA-12158,C-1622,2
TA-12159,C-1817,1
TA-12160,C-1639,2
TA-12161,C-0520,1
TA-12162,C-1976,2
TA-12163,C-1407,1
TA-12164,C-1631,2
TA-12165,C-1622,2
TA-12166,C-1622,2
TA-12167,C-1622,1
TA-12168,C-1622,1
TA-12171,C-1622,1
TA-12176,C-0444,2
TA-12177,C-1629,2
TA-12178,C-1631,2
TA-12179,C-0905,1
TA-12180,C-0444,2
TA-12182,C-1960,1
TA-12183,C-1495,1
TA-12184,C-1629,2
TA-12185,C-1631,2
TA-12186,C-1385,2
TA-12187,C-1621,2
TA-12188,C-1624,1
TA-12189,C-1621,1
TA-12190,C-1621,1
TA-12191,C-1459,1
TA-12192,C-1621,1
TA-12193,C-1621,1
TA-12194,C-1420,2
TA-12195,C-1621,2
TA-12196,C-1316,1
TA-12197,C-1624,1
TA-12200,C-1622,2
TA-12201,C-1739,1
TA-12204,C-1622,1
TA-12207,C-1641,1
TA-12208,C-1625,2
TA-12211,C-1624,2
TA-12212,C-1622,1
TA-12213,C-1624,2
TA-12214,C-1624,2
TA-12215,C-1624,1
TA-12216,C-1624,2
TA-12217,C-1623,1
TA-12218,C-1624,1
TA-12220,C-1874,1
TA-12221,C-1626,1
TA-12222,C-1312,2
TA-12223,C-0444,1
TA-12224,C-0444,1
TA-12225,C-0448,1
TA-12228,C-1621,2
TA-12229,C-1621,2
TA-12230,C-0829,1
TA-12231,C-0386,1
TA-12232,C-1491,1
TA-12233,C-1621,2
TA-12234,C-1036,1
TA-12235,C-1004,1
TA-12236,C-1420,1
TA-12237,C-1624,2
TA-12238,C-1373,1
TA-12239,C-1622,1
TA-12240,C-1624,1
TA-12241,C-1641,2
TA-12242,C-1641,2
TA-12243,C-1624,1
TA-12246,C-1845,2
TA-12247,C-1845,2
TA-12248,C-1243,1
TA-12249,C-1622,2
TA-12250,C-1622,2
TA-12251,C-1622,2
TA-12252,C-1622,2
TA-12253,C-1623,2
TA-12254,C-1621,2
TA-12255,C-1621,2
TA-12256,C-1637,2
TA-12258,C-1420,2
TA-12259,C-1420,2
TA-12260,C-1624,1
TA-12261,C-1623,1
TA-12262,C-1623,1
TA-12263,C-1621,2
TA-12264,C-0674,1
TA-12265,C-0675,1
TA-12266,C-1649,2
TA-12267,C-1640,2
TA-12268,C-1625,1
TA-12269,C-1355,1
TA-12270,C-1623,1
TA-12271,C-1624,1
TA-12272,C-1623,1
TA-12273,C-1623,1
TA-12274,C-1624,1
TA-12275,C-1637,2
TA-12276,C-1385,2
TA-12277,C-1385,2
TA-12278,C-1630,2
TA-12279,C-1420,2
TA-12280,C-1629,2
TA-12281,C-1622,2
TA-12282,C-1622,2
TA-12284,C-1622,2
TA-12285,C-1385,2
TA-12286,C-1385,2
TA-12287,C-1623,2
TA-12288,C-1355,1
TA-12289,C-0015,1
TA-12290,C-0015,1
TA-12291,C-1385,2
TA-12292,C-1385,2
TA-12294,C-1625,2
TA-12295,C-1631,2
TA-12297,C-1845,2
TA-12299,C-0823,2
TA-12300,C-1621,1
TA-12301,C-1621,1
TA-12302,C-1621,1
TA-12303,C-1621,1
TA-12304,C-1621,1
TA-12305,C-1638,2
TA-12306,C-1621,2
TA-12307,C-1621,2
TA-12308,C-1621,1
TA-12309,C-1621,1
TA-12310,C-1586,2
TA-12311,C-1621,1
TA-12315,C-0699,1
TA-12316,C-1621,2
TA-12317,C-1621,2
TA-12318,C-1621,2
TA-12319,C-1621,2
TA-12320,C-1621,2
TA-12321,C-1621,2
TA-12322,C-1621,2
TA-12323,C-1621,2
TA-12324,C-1621,2
TA-12325,C-1420,2
TA-12326,C-1420,2
TA-12327,C-1779,1
TA-12329,C-1625,2
TA-12330,C-1625,2
TA-12331,C-1625,2
TA-12332,C-1625,2
TA-12333,C-1642,2
TA-12334,C-1638,2
TA-12335,C-1638,2
TA-12336,C-1638,2
TA-12337,C-1625,1
TA-12339,C-1838,1
TA-12340,C-1628,2
TA-12342,C-1631,2
TA-12343,C-1420,2
TA-12344,C-1385,2
TA-12345,C-1385,2
TA-12346,C-0829,1
TA-12347,C-0475,1
TA-12354,C-1243,2
TA-12355,C-1243,1
TA-12356,C-1642,2
TA-12357,C-1344,1
TA-12358,C-2019,2
TA-12359,C-1626,1
TA-12360,C-1963,1
TA-12361,C-0071,1
TA-12362,C-0071,1
TA-12363,C-1963,1
TA-12364,C-1627,1
TA-12365,C-1627,1
TA-12366,C-1620,2
TA-12367,C-1620,2
TA-12370,C-1845,1
TA-12371,C-1625,1
TA-12372,C-0015,1
TA-12373,C-0015,1
TA-12374,C-0015,1
TA-12375,C-0015,1
TA-12377,C-1624,2
TA-12378,C-1624,2
TA-12379,C-1624,2
TA-12380,C-1621,1
TA-12381,C-1621,1
TA-12382,C-1623,1
TA-12383,C-0674,1
TA-12384,C-0675,1
TA-12385,C-1632,1
TA-12387,C-1630,2
TA-12388,C-0699,1
TA-12389,C-1639,2
TA-12390,C-1639,2
TA-12391,C-1621,1
TA-12392,C-1621,1
TA-12393,C-1624,2
TA-12394,C-1935,1
TA-12395,C-1624,2
TA-12396,C-1845,2
TA-12397,C-1845,2
TA-12398,C-1845,2
TA-12399,C-1631,2
TA-12400,C-1630,2
TA-12401,C-1623,2
TA-12402,C-1623,2
TA-12403,C-1623,2
TA-12404,C-1623,2
TA-12405,C-1624,2
TA-12406,C-1624,2
TA-12407,C-1845,2
TA-12408,C-1243,1
TA-12409,C-1243,1
TA-12410,C-1638,2
TA-12411,C-1638,2
TA-12412,C-1638,2
TA-12413,C-1649,2
TA-12414,C-1641,2
TA-12415,C-1845,2
TA-12416,C-1624,2
TA-12417,C-1620,1
TA-12418,C-1980,3
TA-12419,C-1620,1
TA-12420,C-1627,1
TA-12421,C-1627,1
TA-12423,C-0071,1
TA-12424,C-0071,1
TA-12425,C-1963,1
TA-12426,C-0180,2
TA-12427,C-0180,2
TA-12428,C-1621,1
TA-12429,C-1621,1
TA-12430,C-1625,2
TA-12433,C-1625,1
TA-12434,C-1625,1
TA-12435,C-1625,1
TA-12436,C-1625,1
TA-12437,C-1642,2
TA-12438,C-1621,1
TA-12439,C-1646,2
TA-12440,C-1646,1
TA-12441,C-1622,1
TA-12444,C-1848,1
TA-12445,C-1622,2
TA-12446,C-1622,2
TA-12447,C-1622,1
TA-12448,C-1622,2
TA-12449,C-1621,1
TA-12450,C-1621,1
TA-12451,C-1621,1
TA-12452,C-1621,1
TA-12453,C-0199,1
TA-12454,C-0199,1
TA-12456,C-1626,2
TA-12457,C-1626,2
TA-12458,C-0448,2
TA-12459,C-0448,2
TA-12460,C-1629,2
TA-12461,C-1624,2
TA-12463,C-1624,1
TA-12468,C-1845,2
TA-12469,C-1621,1
TA-12470,C-0424,1
TA-12471,C-1686,1
TA-12473,C-1838,1
TA-12474,C-1838,1
TA-12475,C-1545,1
TA-12476,C-1545,1
TA-12477,C-1859,1
TA-12478,C-1859,1
TA-12479,C-1859,1
TA-12480,C-1859,1
TA-12481,C-1625,1
TA-12482,C-1622,2
TA-12483,C-1621,2
TA-12484,C-1639,2
TA-12485,C-1638,2
TA-12486,C-1637,2
TA-12487,C-1637,2
TA-12488,C-1621,1
TA-12489,C-1622,1
TA-12490,C-1622,2
TA-12491,C-1621,2
TA-12492,C-1622,1
TA-12493,C-1621,1
TA-12494,C-1642,2
TA-12496,C-1781,2
TA-12498,C-1625,1
TA-12499,C-1312,2
TA-12500,C-0681,1
TA-12501,C-1630,2
TA-12502,C-1630,2
TA-12503,C-1630,2
TA-12504,C-1631,2
TA-12505,C-1625,1
TA-12506,C-1312,2
TA-12507,C-1312,2
TA-12512,C-0451,1
TA-12513,C-0460,1
TA-12514,C-1545,1
TA-12515,C-1625,1
TA-12516,C-1621,2
TA-12517,C-1621,2
TA-12518,C-1621,2
TA-12519,C-1621,2
TA-12520,C-1621,2
TA-12521,C-1621,2
TA-12522,C-0568,1
TA-12523,C-0448,1
TA-12525,C-1630,1
TA-12526,C-1629,1
TA-12527,C-1630,1
TA-12528,C-1629,1
TA-12529,C-1625,2
TA-12530,C-1621,2
TA-12531,C-1629,2
TA-12532,C-1629,2
TA-12533,C-1631,2
TA-12534,C-1629,2
TA-12535,C-1629,2
TA-12536,C-1631,2
TA-12537,C-1631,2
TA-12538,C-1629,2
TA-12539,C-1621,2
TA-12540,C-1621,2
TA-12541,C-1621,2
TA-12542,C-1621,2
TA-12543,C-1631,2
TA-12546,C-1621,2
TA-12547,C-1624,1
TA-12548,C-0171,1
TA-12549,C-1625,2
TA-12550,C-1621,1
TA-12551,C-1625,1
TA-12553,C-0448,2
TA-12554,C-0448,2
TA-12555,C-1625,1
TA-12556,C-1625,2
TA-12557,C-1621,2
TA-12558,C-1621,2
TA-12559,C-1209,1
TA-12560,C-1020,2
TA-12561,C-0199,2
TA-12562,C-1781,2
TA-12563,C-0552,1
TA-12564,C-0552,1
TA-12567,C-1622,2
TA-12568,C-1778,1
TA-12569,C-1625,2
TA-12570,C-1625,2
TA-12571,C-1625,2
TA-12572,C-1625,2
TA-12573,C-0922,1
TA-12574,C-0903,1
TA-12576,C-1621,2
TA-12577,C-1621,2
TA-12579,C-1622,1
TA-12580,C-1889,1
TA-12581,C-1650,1
TA-12582,C-1650,1
TA-12583,C-1641,1
TA-12584,C-1641,1
TA-12585,C-1626,1
TA-12586,C-1626,1
TA-12587,C-1626,1
TA-12588,C-1624,1
TA-12589,C-1344,1
TA-12590,C-1344,1
TA-12592,C-1778,1
TA-12593,C-1790,1
TA-12594,C-1243,2
TA-12595,C-0448,1
TA-12597,C-1411,1
TA-12598,C-0926,1
TA-12599,C-1463,1
TA-12600,C-1621,2
TA-12601,C-1624,1
TA-12602,C-1624,1
TA-12603,C-1621,1
TA-12604,C-1621,1
TA-12605,C-1639,2
TA-12606,C-1639,2
TA-12607,C-1639,2
TA-12608,C-1640,2
TA-12609,C-1777,1
TA-12610,C-1781,2
TA-12611,C-1866,2
TA-12612,C-1625,1
TA-12613,C-1625,1
TA-12614,C-1866,1
TA-12615,C-1209,1
TA-12616,C-1638,2
TA-12617,C-1638,2
TA-12618,C-1638,2
TA-12619,C-1621,1
TA-12620,C-1621,1
TA-12621,C-1621,1
TA-12622,C-1621,1
TA-12623,C-1243,2
TA-12624,C-0101,2
TA-12625,C-0101,2
TA-12626,C-0101,2
TA-12627,C-0101,2
TA-12628,C-0568,1
TA-12629,C-1624,2
TA-12630,C-1625,1
TA-12631,C-0365,1
TA-12632,C-1355,1
TA-12634,C-1243,1
TA-12635,C-1533,1
TA-12636,C-1845,2
TA-12637,C-1845,1
TA-12638,C-0568,1
TA-12639,C-1625,2
TA-12640,C-1621,2
TA-12641,C-1621,2
TA-12642,C-1624,2
TA-12643,C-1622,2
TA-12644,C-1623,2
TA-12645,C-1624,2
TA-12646,C-1624,2
TA-12647,C-0244,1
TA-12648,C-0244,1
TA-12649,C-1625,1
TA-12650,C-1622,2
TA-12651,C-1625,2
TA-12653,C-1621,2
TA-12654,C-1623,1
TA-12655,C-1623,1
TA-12656,C-1621,2
TA-12657,C-1621,2
TA-12658,C-1623,2
TA-12659,C-1623,2
TA-12660,C-1623,2
TA-12661,C-1623,2
TA-12662,C-1623,2
TA-12663,C-1623,2
TA-12664,C-1623,2
TA-12665,C-1625,2
TA-12666,C-1622,1
TA-12667,C-1621,1
TA-12668,C-1622,1
TA-12669,C-1312,2
TA-12670,C-1622,2
TA-12671,C-1495,1
TA-12672,C-1621,2
TA-12674,C-1420,2
TA-12675,C-0448,1
TA-12676,C-1622,2
TA-12677,C-1622,2
TA-12678,C-1622,2
TA-12679,C-1622,2
TA-12680,C-1622,2
TA-12681,C-1622,2
TA-12682,C-1621,1
TA-12683,C-1622,1
TA-12684,C-1622,1
TA-12685,C-0180,2
TA-12686,C-0180,2
TA-12687,C-0101,2
TA-12688,C-1312,2
TA-12689,C-1629,2
TA-12690,C-1642,2
TA-12691,C-1312,2
TA-12692,C-1622,2
TA-12693,C-0674,1
TA-12694,C-0675,1
TA-12696,C-1195,1
TA-12697,C-1195,1
TA-12698,C-1624,1
TA-12699,C-1866,2
TA-12700,C-1624,1
TA-12701,C-1625,1
TA-12702,C-1625,1
TA-12703,C-1642,2
TA-12704,C-1631,2
TA-12705,C-1649,2
TA-12706,C-1845,2
TA-12707,C-1845,1
TA-12708,C-1845,2
TA-12709,C-1845,2
TA-12710,C-1845,1
TA-12711,C-0699,1
TA-12712,C-0699,1
TA-12713,C-0699,1
TA-12714,C-1354,1
TA-12716,C-1631,2
TA-12717,C-1629,2
TA-12718,C-1629,2
TA-12719,C-1621,2
TA-12722,C-1625,1
TA-12724,C-1845,2
TA-12725,C-1845,1
TA-12726,C-1845,2
TA-12727,C-1622,2
TA-12728,C-1622,2
TA-12729,C-1619,1
TA-12730,C-1619,1
TA-12731,C-1629,2
TA-12732,C-1629,2
TA-12733,C-1629,2
TA-12734,C-1625,1
TA-12735,C-1621,2
TA-12736,C-1627,2
TA-12737,C-1627,2
TA-12738,C-1627,2
TA-12739,C-0996,1
TA-12740,C-0996,1
TA-12742,C-1622,1
TA-12743,C-1649,2
TA-12744,C-1624,2
TA-12746,C-1330,2
TA-12747,C-0180,1
TA-12748,C-0949,1
TA-12749,C-0949,1
TA-12750,C-0949,1
TA-12751,C-0939,1
TA-12752,C-0947,1
TA-12753,C-0938,1
TA-12754,C-0944,1
TA-12755,C-0944,1
TA-12756,C-0947,1
TA-12757,C-0938,1
TA-12758,C-0944,1
TA-12759,C-0944,1
TA-12760,C-0949,2
TA-12761,C-0949,2
TA-12762,C-0949,2
TA-12763,C-0949,2
TA-12764,C-0947,1
TA-12765,C-0938,2
TA-12766,C-0949,2
TA-12767,C-0949,2
TA-12768,C-0949,2
TA-12769,C-0949,2
TA-12770,C-0949,2
TA-12771,C-0949,2
TA-12772,C-0949,2
TA-12773,C-0949,2
TA-12774,C-0949,2
TA-12775,C-0949,2
TA-12776,C-0949,2
TA-12777,C-0949,2
TA-12778,C-0944,1
TA-12779,C-0944,1
TA-12780,C-0947,1
TA-12781,C-0938,1
TA-12782,C-0947,2
TA-12783,C-0947,2
TA-12784,C-0939,1
TA-12785,C-0938,1
TA-12786,C-0938,1
TA-12787,C-0939,1
TA-12788,C-0945,1
TA-12789,C-0938,1
TA-12790,C-0941,1
TA-12791,C-0939,1
TA-12792,C-0938,1
TA-12793,C-0938,1
TA-12794,C-0938,1
TA-12795,C-0955,1
TA-12796,C-0949,1
TA-12797,C-0949,1
TA-12798,C-0949,2
TA-12799,C-0949,2
TA-12800,C-0949,2
TA-12801,C-0949,2
TA-12802,C-0949,2
TA-12803,C-0949,2
TA-12804,C-0949,1
TA-12805,C-0949,1
TA-12806,C-0949,1
TA-12807,C-0938,2
TA-12808,C-0949,2
TA-12809,C-0949,2
TA-12810,C-0551,1
TA-12811,C-0954,1
TA-12812,C-0954,1
TA-12813,C-0949,1
TA-12814,C-0949,2
TA-12815,C-0948,1
TA-12816,C-0938,1
TA-12817,C-0949,1
TA-12818,C-0949,2
TA-12819,C-0938,2
TA-12820,C-0949,2
TA-12821,C-0949,2
TA-12822,C-0938,2
TA-12823,C-0949,1
TA-12824,C-0949,2
TA-12825,C-0949,2
TA-12826,C-0949,2
TA-12827,C-0949,1
TA-12828,C-0949,1
TA-12829,C-0947,2
TA-12830,C-0947,1
TA-12831,C-0947,1
TA-12832,C-0947,2
TA-12833,C-0949,2
TA-12834,C-0949,2
TA-12835,C-0949,2
TA-12836,C-0938,1
TA-12837,C-0938,1
TA-12838,C-0938,1
TA-12839,C-0955,1
TA-12840,C-0949,1
TA-12841,C-0938,1
TA-12842,C-0938,2
TA-12843,C-0938,2
TA-12844,C-0938,2
TA-12845,C-0947,2
TA-12846,C-0938,2
TA-12847,C-0955,1
TA-12848,C-0938,1
TA-12849,C-0938,2
TA-12850,C-0947,2
TA-12851,C-0938,2
TA-12852,C-0938,2
TA-12853,C-0947,2
TA-12854,C-0949,2
TA-12855,C-0272,1
TA-12856,C-0949,2
TA-12857,C-0938,2
TA-12858,C-0949,2
TA-12859,C-0949,2
TA-12860,C-0949,2
TA-12861,C-0938,2
TA-12862,C-0947,2
TA-12863,C-0949,2
TA-12864,C-0938,2
TA-12865,C-0938,1
TA-12866,C-0958,1
TA-12867,C-0949,1
TA-12868,C-0947,2
TA-12869,C-0182,1
TA-12870,C-0487,1
TA-12871,C-0942,1
TA-12872,C-0182,1
TA-12873,C-1845,2
TA-12874,C-1845,2
TA-12875,C-1623,1
TA-12876,C-1623,1
TA-12877,C-1623,1
TA-12878,C-1623,1
TA-12879,C-1623,1
TA-12880,C-1623,1
TA-12881,C-1623,1
TA-12882,C-1623,1
TA-12883,C-1629,2
TA-12884,C-1647,2
TA-12885,C-1647,2
TA-12886,C-1623,1
TA-12887,C-1623,1
TA-12888,C-1629,2
TA-12889,C-1623,1
TA-12890,C-1623,1
TA-12891,C-1621,2
TA-12892,C-1624,2
TA-12893,C-1621,1
TA-12894,C-1243,1
TA-12895,C-1845,1
TA-12896,C-1845,1
TA-12897,C-1845,2
TA-12898,C-1845,2
TA-12899,C-1623,1
TA-12900,C-1623,2
TA-12901,C-1639,2
TA-12902,C-1621,1
TA-12903,C-1626,2
TA-12904,C-1626,2
TA-12905,C-0448,1
TA-12906,C-1427,1
TA-12907,C-1642,1
TA-12908,C-1621,1
TA-12909,C-1845,1
TA-12910,C-1626,2
TA-12911,C-1626,2
TA-12912,C-1420,2
TA-12913,C-1420,2
TA-12914,C-0448,1
TA-12915,C-0830,2
TA-12916,C-0444,2
TA-12917,C-1420,2
TA-12919,C-1420,2
TA-12920,C-1622,1
TA-12921,C-0029,1
TA-12922,C-1312,2
TA-12923,C-1312,2
TA-12924,C-1312,2
TA-12925,C-1312,2
TA-12926,C-1621,1
TA-12927,C-1622,1
TA-12928,C-1641,2
TA-12931,C-1622,2
TA-12932,C-1622,2
TA-12933,C-1622,2
TA-12934,C-1622,2
TA-12935,C-1623,2
TA-12936,C-1622,2
TA-12937,C-1257,1
TA-12940,C-1621,2
TA-12941,C-1621,2
TA-12942,C-1625,1
TA-12943,C-1631,2
TA-12944,C-0180,1
TA-12945,C-0180,1
TA-12946,C-0180,1
TA-12947,C-0180,1
TA-12948,C-0180,1
TA-12949,C-0180,1
TA-12950,C-0180,1
TA-12951,C-0180,1
TA-12952,C-0180,1
TA-12953,C-0180,1
TA-12954,C-0180,1
TA-12955,C-0180,1
TA-12956,C-0180,1
TA-12957,C-0180,1
TA-12958,C-0180,1
TA-12959,C-0180,1
TA-12960,C-0180,1
TA-12961,C-0180,1
TA-12962,C-0181,1
TA-12963,C-0240,1
TA-12964,C-0180,1
TA-12965,C-0182,1
TA-12966,C-0182,1
TA-12967,C-0240,1
TA-12968,C-0180,1
TA-12969,C-0182,1
TA-12970,C-0180,1
TA-12971,C-0180,1
TA-12972,C-0180,1
TA-12973,C-0240,1
TA-12974,C-0240,1
TA-12975,C-0947,1
TA-12976,C-0182,1
TA-12977,C-0180,1
TA-12978,C-0240,1
TA-12979,C-0180,1
TA-12980,C-0182,1
TA-12981,C-0240,1
TA-12982,C-0182,1
TA-12983,C-0240,1
TA-12984,C-0182,1
TA-12985,C-0180,1
TA-12986,C-0180,1
TA-12987,C-0180,1
TA-12988,C-0180,1
TA-12989,C-0180,1
TA-12990,C-0180,1
TA-12991,C-0101,2
TA-12992,C-0101,2
TA-12993,C-0101,2
TA-12994,C-1620,2
TA-12995,C-1620,1
TA-12996,C-1312,2
TA-12997,C-1312,2
TA-12998,C-1623,1
TA-12999,C-1622,2
TA-13000,C-1621,2
TA-13001,C-1588,1
TA-13002,C-1642,2
TA-13003,C-1639,2
TA-13004,C-1625,1
TA-13005,C-1647,2
TA-13007,C-1622,2
TA-13008,C-1622,2
TA-13009,C-1312,2
TA-13010,C-1312,2
TA-13011,C-1620,1
TA-13012,C-1620,1
TA-13013,C-1620,1
TA-13015,C-1639,2
TA-13019,C-1639,2
TA-13020,C-1639,2
TA-13021,C-1312,2
TA-13022,C-1312,2
TA-13023,C-1622,2
TA-13024,C-1622,2
TA-13025,C-1625,1
TA-13026,C-1624,1
TA-13027,C-1623,1
TA-13028,C-1623,1
TA-13029,C-1243,2
TA-13030,C-1625,2
TA-13031,C-0101,2
TA-13032,C-1624,2
TA-13033,C-1629,2
TA-13034,C-1629,2
TA-13035,C-1628,1
TA-13037,C-1243,1
TA-13038,C-1624,2
TA-13039,C-1624,2
TA-13040,C-1845,2
TA-13041,C-1217,1
TA-13042,C-1243,1
TA-13044,C-1622,1
TA-13045,C-1624,2
TA-13046,C-0975,1
TA-13047,C-1623,1
TA-13048,C-0966,1
TA-13049,C-1628,2
TA-13050,C-1898,4
TA-13051,C-1832,2
TA-13052,C-1624,2
TA-13053,C-1624,2
TA-13054,C-1624,1
TA-13055,C-1624,1
TA-13056,C-1624,2
TA-13057,C-1624,2
TA-13058,C-1622,2
TA-13059,C-1711,1
TA-13060,C-1624,1
TA-13061,C-1639,1
TA-13062,C-1845,1
TA-13063,C-0938,1
TA-13064,C-0941,1
TA-13065,C-0954,1
TA-13066,C-0954,1
TA-13067,C-0947,1
TA-13068,C-0955,1
TA-13069,C-1845,2
TA-13070,C-1411,1
TA-13071,C-1426,1
TA-13072,C-0917,1
TA-13073,C-0917,1
TA-13074,C-1623,1
TA-13075,C-1632,1
TA-13076,C-1622,1
TA-13077,C-1620,1
TA-13078,C-1621,1
TA-13079,C-1639,2
TA-13080,C-1637,2
TA-13081,C-1638,2
TA-13082,C-1629,2
TA-13083,C-1845,1
TA-13084,C-1629,1
TA-13085,C-0597,2
TA-13086,C-0541,1
TA-13087,C-0947,1
TA-13088,C-0938,1
TA-13089,C-0949,1
TA-13090,C-1621,2
TA-13091,C-1621,2
TA-13092,C-0699,1
TA-13093,C-1621,2
TA-13094,C-1621,2
TA-13095,C-1621,2
TA-13096,C-1621,2
TA-13097,C-1621,1
TA-13098,C-1621,1
TA-13099,C-0949,1
TA-13100,C-0938,1
TA-13101,C-0179,1
TA-13102,C-0179,1
TA-13103,C-0179,1
TA-13106,C-1326,1
TA-13107,C-1326,1
TA-13108,C-1621,1
TA-13109,C-1641,2
TA-13112,C-1622,2
TA-13113,C-1622,2
TA-13115,C-1641,2
TA-13116,C-1638,2
TA-13117,C-1623,1
TA-13118,C-1620,1
TA-13119,C-1620,1
TA-13120,C-1777,1
TA-13121,C-0911,1
TA-13122,C-1459,1
TA-13123,C-0761,1
TA-13124,C-0622,1
TA-13125,C-1242,1
TA-13126,C-1624,1
TA-13127,C-1624,1
TA-13128,C-1641,2
TA-13129,C-1641,2
TA-13130,C-1621,2
TA-13131,C-1411,1
TA-13132,C-0343,1
TA-13133,C-2038,2
TA-13134,C-0829,1
TA-13136,C-1621,2
TA-13137,C-1232,3
TA-13138,C-1232,3
TA-13139,C-1623,1
TA-13140,C-1894,1
TA-13141,C-1621,1
TA-13143,C-1641,2
TA-13144,C-1641,2
TA-13145,C-1416,3
TA-13146,C-1620,1
TA-13147,C-1620,1
TA-13148,C-1243,1
TA-13149,C-1621,2
TA-13150,C-0464,1
TA-13151,C-0832,1
TA-13154,C-1218,1
TA-13155,C-1218,1
TA-13156,C-1622,1
TA-13157,C-1622,1
TA-13166,C-1624,2
TA-13167,C-1622,2
TA-13168,C-1624,1
TA-13169,C-1624,1
TA-13170,C-0802,1
TA-13171,C-1744,1
TA-13172,C-1621,1
TA-13173,C-1624,1
TA-13177,C-1622,2
TA-13178,C-1622,2
TA-13179,C-1622,2
TA-13180,C-0120,1
TA-13182,C-1632,1
TA-13183,C-1642,1
TA-13184,C-0448,1
TA-13185,C-1624,2
TA-13186,C-1624,2
TA-13187,C-1624,1
TA-13188,C-1624,1
TA-13189,C-1426,1
TA-13190,C-1214,1
TA-13195,C-1620,1
TA-13197,C-1622,1
TA-13198,C-1622,2
TA-13201,C-1624,2
TA-13202,C-1624,2
TA-13203,C-1894,1
TA-13204,C-1312,1
TA-13205,C-1312,1
TA-13206,C-1312,1
TA-13207,C-1312,1
TA-13208,C-1312,1
TA-13209,C-1621,1
TA-13210,C-1621,1
TA-13211,C-1624,1
TA-13213,C-1631,2
TA-13214,C-1631,2
TA-13215,C-1631,2
TA-13216,C-1630,2
TA-13217,C-1630,2
TA-13218,C-1624,2
TA-13219,C-1623,2
TA-13220,C-1845,1
TA-13221,C-1845,1
TA-13222,C-1845,2
TA-13223,C-1845,2
TA-13225,C-0844,2
TA-13226,C-0844,2
TA-13227,C-1793,1
TA-13228,C-0321,2
TA-13231,C-1359,1
TA-13232,C-0598,1
TA-13234,C-1089,1
TA-13235,C-1241,1
TA-13236,C-1625,2
TA-13237,C-1625,2
TA-13238,C-1625,2
TA-13239,C-0250,1
TA-13240,C-1622,2
TA-13241,C-1622,2
TA-13242,C-1845,1
TA-13243,C-1845,2
TA-13244,C-1845,2
TA-13245,C-0444,2
TA-13246,C-0444,2
TA-13247,C-0448,2
TA-13248,C-0448,2
TA-13249,C-1624,2
TA-13250,C-1624,2
TA-13251,C-0250,1
TA-13252,C-1614,1
TA-13253,C-1624,1
TA-13254,C-1963,1
TA-13255,C-1963,1
TA-13256,C-1963,1
TA-13257,C-1963,1
TA-13259,C-0007,2
TA-13260,C-1845,1
TA-13267,C-1622,2
TA-13268,C-1622,2
TA-13269,C-1623,2
TA-13270,C-1627,2
TA-13271,C-1627,2
TA-13272,C-1627,2
TA-13273,C-1627,2
TA-13274,C-1625,1
TA-13275,C-1963,1
TA-13276,C-1963,1
TA-13277,C-1649,2
TA-13278,C-1649,2
TA-13279,C-1649,2
TA-13280,C-1792,2
TA-13281,C-1649,2
TA-13282,C-1845,1
TA-13283,C-1845,2
TA-13284,C-1624,1
TA-13285,C-0275,1
TA-13286,C-1623,1
TA-13287,C-1963,1
TA-13288,C-1963,1
TA-13289,C-1621,1
TA-13290,C-1621,1
TA-13291,C-1638,2
TA-13292,C-1638,2
TA-13293,C-0101,2
TA-13294,C-0101,2
TA-13295,C-0101,2
TA-13296,C-0101,2
TA-13297,C-0101,2
TA-13298,C-0101,2
TA-13302,C-1624,2
TA-13303,C-1624,1
TA-13304,C-1622,1
TA-13305,C-1622,1
TA-13306,C-1621,1
TA-13307,C-1622,1
TA-13308,C-0932,1
TA-13309,C-1846,1
TA-13310,C-0243,4
TA-13311,C-1355,1
TA-13312,C-0423,1
TA-13313,C-1621,1
TA-13314,C-1621,1
TA-13315,C-1621,1
TA-13316,C-1621,1
TA-13317,C-1623,1
TA-13318,C-1623,1
TA-13319,C-1312,1
TA-13320,C-1203,1
TA-13321,C-1624,2
TA-13322,C-1845,1
TA-13323,C-1082,1
TA-13324,C-1624,1
TA-13328,C-1426,1
TA-13331,C-1623,2
TA-13333,C-1625,2
TA-13334,C-1625,2
TA-13335,C-1621,2
TA-13336,C-1626,1
TA-13337,C-2021,1
TA-13338,C-1769,1
TA-13339,C-1530,2
TA-13340,C-1530,2
TA-13341,C-1530,2
TA-13342,C-1530,2
TA-13343,C-0982,1
TA-13344,C-1643,1
TA-13345,C-1643,1
TA-13346,C-0987,1
TA-13347,C-0987,1
TA-13348,C-1866,1
TA-13349,C-1866,1
TA-13350,C-1875,2
TA-13351,C-1624,1
TA-13352,C-1624,1
TA-13353,C-1633,1
TA-13356,C-0448,2
TA-13357,C-1624,2
TA-13358,C-1860,1
TA-13359,C-0770,1
TA-13360,C-1845,2
TA-13361,C-1845,2
TA-13362,C-1845,2
TA-13364,C-1622,2
TA-13365,C-1621,2
TA-13366,C-1624,2
TA-13367,C-1624,2
TA-13368,C-1624,2
TA-13369,C-1624,2
TA-13370,C-1624,2
TA-13371,C-1622,2
TA-13372,C-1622,2
TA-13373,C-1621,2
TA-13374,C-1624,1
TA-13375,C-1624,1
TA-13376,C-1621,2
TA-13377,C-1625,2
TA-13379,C-0993,1
TA-13380,C-0993,1
TA-13381,C-0425,1
TA-13382,C-0425,1
TA-13383,C-0993,1
TA-13384,C-1624,2
TA-13385,C-1624,2
TA-13386,C-1624,2
TA-13387,C-1622,1
TA-13388,C-1622,1
TA-13389,C-1622,1
TA-13390,C-1622,2
TA-13391,C-1622,2
TA-13392,C-1631,2
TA-13393,C-1585,1
TA-13394,C-0444,2
TA-13395,C-0420,2
TA-13396,C-0419,1
TA-13397,C-0419,1
TA-13398,C-1624,2
TA-13399,C-1625,2
TA-13400,C-1622,2
TA-13401,C-0448,1
TA-13402,C-0448,1
TA-13403,C-1420,2
TA-13404,C-0949,1
TA-13405,C-0949,1
TA-13406,C-0949,1
TA-13407,C-0944,1
TA-13408,C-0949,1
TA-13409,C-0949,1
TA-13410,C-0240,1
TA-13411,C-0240,1
TA-13412,C-0180,1
TA-13413,C-0180,1
TA-13414,C-0180,1
TA-13415,C-0180,1
TA-13416,C-0180,1
TA-13417,C-0272,1
TA-13418,C-0947,1
TA-13419,C-0101,2
TA-13420,C-0101,2
TA-13421,C-0101,2
TA-13422,C-0101,2
TA-13423,C-1620,1
TA-13424,C-1420,2
TA-13425,C-1629,1
TA-13426,C-1629,1
TA-13427,C-1621,1
TA-13428,C-1621,1
TA-13429,C-1621,1
TA-13430,C-1621,1
TA-13431,C-0448,2
TA-13432,C-0448,1
TA-13433,C-0448,1
TA-13434,C-1623,1
TA-13435,C-1623,1
TA-13436,C-1623,1
TA-13437,C-1625,1
TA-13438,C-1624,1
TA-13439,C-1686,1
TA-13446,C-1644,1
TA-13447,C-1644,1
TA-13448,C-1243,2
TA-13449,C-0947,2
TA-13450,C-1624,1
TA-13451,C-1624,1
TA-13452,C-1624,2
TA-13453,C-1625,1
TA-13454,C-1624,2
TA-13455,C-1624,2
TA-13458,C-1623,1
TA-13459,C-1489,1
TA-13460,C-1489,1
TA-13461,C-1489,1
TA-13462,C-1624,2
TA-13463,C-1622,2
TA-13464,C-1624,1
TA-13466,C-1623,2
TA-13467,C-1623,2
TA-13468,C-1642,1
TA-13469,C-1622,2
TA-13470,C-1625,2
TA-13471,C-1625,2
TA-13472,C-1626,1
TA-13473,C-1621,2
TA-13474,C-1625,1
TA-13476,C-0145,1
TA-13478,C-1623,1
TA-13479,C-1623,1
TA-13480,C-1623,1
TA-13481,C-1623,1
TA-13482,C-1624,1
TA-13483,C-1946,1
TA-13484,C-1312,2
TA-13485,C-1623,1
TA-13486,C-1624,1
TA-13487,C-1641,2
TA-13488,C-1624,1
TA-13491,C-1621,2
TA-13493,C-1625,1
TA-13494,C-1622,2
TA-13495,C-1622,2
TA-13496,C-1622,2
TA-13497,C-2021,2
TA-13498,C-1588,1
TA-13499,C-0829,1
TA-13501,C-1624,2
TA-13502,C-1622,2
TA-13503,C-1623,2
TA-13504,C-1420,2
TA-13505,C-1623,1
TA-13506,C-1623,1
TA-13507,C-1624,2
TA-13508,C-1624,1
TA-13509,C-1625,1
TA-13510,C-1621,1
TA-13511,C-1621,1
TA-13512,C-1621,2
TA-13513,C-1621,2
TA-13514,C-1420,2
TA-13515,C-1763,1
TA-13516,C-0816,1
TA-13517,C-1625,1
TA-13518,C-1622,1
TA-13519,C-1872,1
TA-13520,C-1872,1
TA-13521,C-0706,1
TA-13522,C-1642,2
TA-13523,C-1621,1
TA-13524,C-1621,1
TA-13525,C-1621,1
TA-13526,C-1621,1
TA-13527,C-1218,1
TA-13528,C-1218,1
TA-13529,C-0448,1
TA-13530,C-0448,1
TA-13531,C-0448,1
TA-13535,C-1203,1
TA-13537,C-1621,2
TA-13542,C-1621,2
TA-13543,C-1624,1
TA-13544,C-1624,1
TA-13545,C-2011,1
TA-13546,C-0964,2
TA-13547,C-1642,1
TA-13548,C-1623,2
TA-13549,C-1623,2
TA-13550,C-1444,1
TA-13551,C-1622,2
TA-13552,C-1625,2
TA-13553,C-1625,2
TA-13554,C-1642,1
TA-13555,C-1642,1
TA-13556,C-1734,1
TA-13557,C-1621,2
TA-13558,C-1621,1
TA-13559,C-1621,1
TA-13560,C-1621,1
TA-13561,C-1621,1
TA-13563,C-1845,1
TA-13565,C-1845,1
TA-13567,C-0520,1
TA-13570,C-0242,1
TA-13571,C-0242,1
TA-13572,C-1420,2
TA-13573,C-0255,1
TA-13575,C-1621,2
TA-13576,C-1622,2
TA-13577,C-1621,2
TA-13578,C-1845,1
TA-13579,C-0824,1
TA-13580,C-1621,2
TA-13581,C-1621,1
TA-13582,C-1623,2
TA-13583,C-1623,2
TA-13584,C-1621,1
TA-13585,C-1621,1
TA-13586,C-1621,1
TA-13587,C-1621,1
TA-13588,C-1621,1
TA-13589,C-1621,1
TA-13590,C-1621,1
TA-13591,C-1640,2
TA-13592,C-1209,1
TA-13593,C-1209,1
TA-13594,C-1624,1
TA-13595,C-1625,1
TA-13596,C-1639,1
TA-13597,C-1406,1
TA-13598,C-1622,1
TA-13599,C-1406,1
TA-13600,C-2022,1
TA-13601,C-1621,1
TA-13602,C-1621,1
TA-13603,C-1639,1
TA-13604,C-1639,1
TA-13605,C-1639,1
TA-13606,C-1639,1
TA-13607,C-1845,1
TA-13608,C-1622,1
TA-13609,C-1621,1
TA-13610,C-1622,1
TA-13611,C-1622,1
TA-13612,C-1621,1
TA-13613,C-1622,1
TA-13614,C-1621,2
TA-13615,C-1621,2
TA-13616,C-1621,2
TA-13617,C-1622,2
TA-13618,C-1621,2
TA-13619,C-1621,2
TA-13620,C-0931,1
TA-13621,C-1624,1
TA-13622,C-1625,2
TA-13623,C-1621,2
TA-13624,C-1621,2
TA-13625,C-1622,2
TA-13626,C-1622,2
TA-13627,C-1622,2
TA-13628,C-1621,2
TA-13629,C-0987,1
TA-13630,C-0964,1
TA-13631,C-1622,2
TA-13632,C-1621,2
TA-13633,C-1622,2
TA-13634,C-1622,2
TA-13635,C-1621,2
TA-13636,C-1622,1
TA-13637,C-1622,2
TA-13638,C-0932,1
TA-13639,C-1232,2
TA-13640,C-1621,2
TA-13642,C-1430,1
TA-13643,C-1866,1
TA-13644,C-1553,1
TA-13645,C-1698,1
TA-13646,C-1622,2
TA-13647,C-1312,2
TA-13648,C-0448,1
TA-13649,C-0247,2
TA-13650,C-1625,1
TA-13651,C-1625,1
TA-13652,C-1620,2
TA-13653,C-1620,2
TA-13654,C-1620,2
TA-13655,C-1620,2
TA-13656,C-1637,2
TA-13657,C-1620,1
TA-13658,C-1620,1
TA-13659,C-1620,1
TA-13660,C-1620,1
TA-13661,C-1620,1
TA-13662,C-1637,2
TA-13663,C-1637,2
TA-13664,C-1637,2
TA-13665,C-1622,2
TA-13666,C-1620,2
TA-13667,C-1620,2
TA-13668,C-1620,2
TA-13669,C-1620,2
TA-13670,C-1637,2
TA-13671,C-1637,2
TA-13672,C-1637,2
TA-13673,C-1637,2
TA-13674,C-1312,1
TA-13675,C-1312,1
TA-13676,C-1312,1
TA-13677,C-1620,1
TA-13678,C-1620,2
TA-13679,C-1312,1
TA-13680,C-1620,2
TA-13681,C-1845,1
TA-13682,C-1845,1
TA-13683,C-1845,1
TA-13684,C-1621,2
TA-13685,C-1622,1
TA-13686,C-1621,1
TA-13687,C-1622,1
TA-13691,C-1621,2
TA-13692,C-1621,2
TA-13693,C-1621,2
TA-13694,C-1622,2
TA-13695,C-1622,2
TA-13696,C-1622,2
TA-13698,C-1621,2
TA-13699,C-1621,2
TA-13700,C-0448,1
TA-13701,C-1621,1
TA-13702,C-1624,1
TA-13703,C-1624,1
TA-13704,C-1910,1
TA-13705,C-1639,2
TA-13706,C-1625,1
TA-13707,C-1622,1
TA-13708,C-1218,2
TA-13709,C-1218,2
TA-13710,C-1622,1
TA-13711,C-1624,1
TA-13712,C-1624,1
TA-13713,C-0389,2
TA-13714,C-0389,2
TA-13715,C-1624,1
TA-13716,C-1624,1
TA-13717,C-0999,1
TA-13718,C-1623,1
TA-13719,C-1623,1
TA-13720,C-1622,1
TA-13721,C-1910,1
TA-13722,C-1910,1
TA-13723,C-1622,2
TA-13724,C-1993,1
TA-13725,C-0171,1
TA-13726,C-1624,1
TA-13727,C-0964,1
TA-13728,C-1359,1
TA-13729,C-1331,1
TA-13730,C-1331,1
TA-13731,C-1622,1
TA-13732,C-1622,1
TA-13733,C-1624,1
TA-13734,C-1621,1
TA-13735,C-1621,1
TA-13736,C-1621,1
TA-13738,C-1621,2
TA-13739,C-1621,2
TA-13740,C-1621,1
TA-13741,C-1621,1
TA-13742,C-1621,1
TA-13743,C-1621,1
TA-13744,C-1621,1
TA-13745,C-1689,1
TA-13746,C-1775,1
TA-13747,C-1624,2
TA-13748,C-0915,1
TA-13749,C-1003,1
TA-13750,C-1622,1
TA-13751,C-1621,1
TA-13752,C-1624,2
TA-13753,C-1626,1
TA-13754,C-1623,2
TA-13755,C-1623,2
TA-13756,C-1624,2
TA-13757,C-1624,2
TA-13758,C-1624,1
TA-13759,C-1641,2
TA-13760,C-1624,1
TA-13761,C-1622,1
TA-13764,C-1646,2
TA-13765,C-1625,2
TA-13766,C-1625,2
TA-13767,C-1642,1
TA-13768,C-1719,1
TA-13769,C-0144,1
TA-13770,C-1640,1
TA-13771,C-1622,2
TA-13772,C-1622,2
TA-13773,C-1622,1
TA-13776,C-1621,1
TA-13777,C-1622,1
TA-13778,C-1621,2
TA-13779,C-1620,2
TA-13780,C-1625,1
TA-13781,C-1625,1
TA-13782,C-1625,1
TA-13783,C-1625,2
TA-13784,C-1625,1
TA-13785,C-1622,1
TA-13786,C-1622,2
TA-13787,C-1622,1
TA-13788,C-1624,1
TA-13789,C-1623,2
TA-13790,C-1623,2
TA-13791,C-1624,1
TA-13792,C-1625,1
TA-13793,C-1625,1
TA-13794,C-1625,1
TA-13795,C-1625,1
TA-13796,C-1517,1
TA-13797,C-1511,1
TA-13798,C-1010,1
TA-13799,C-1624,2
TA-13800,C-1625,2
TA-13801,C-1625,1
TA-13802,C-1621,2
TA-13803,C-1621,2
TA-13804,C-1845,1
TA-13805,C-1622,1
TA-13806,C-1622,1
TA-13807,C-1312,1
TA-13808,C-1312,1
TA-13809,C-1620,2
TA-13810,C-1620,2
TA-13811,C-1312,1
TA-13812,C-1312,1
TA-13813,C-1639,2
TA-13814,C-1622,2
TA-13815,C-1622,1
TA-13816,C-1622,1
TA-13817,C-1622,2
TA-13818,C-1624,1
TA-13819,C-1624,1
TA-13820,C-1625,2
TA-13821,C-1622,2
TA-13822,C-1623,1
TA-13823,C-1624,1
TA-13824,C-1622,1
TA-13825,C-0996,1
TA-13828,C-1243,2
TA-13829,C-0816,1
TA-13830,C-1428,1
TA-13831,C-1625,2
TA-13832,C-1625,2
TA-13833,C-0626,1
TA-13835,C-1621,1
TA-13836,C-1625,1
TA-13837,C-1495,1
TA-13838,C-1312,2
TA-13839,C-1312,2
TA-13840,C-1312,2
TA-13841,C-1625,1
TA-13842,C-0817,1
TA-13843,C-1698,1
TA-13844,C-1698,1
TA-13845,C-0064,1
TA-13846,C-1427,1
TA-13847,C-1624,1
TA-13848,C-1624,1
TA-13849,C-2017,1
TA-13850,C-1623,2
TA-13851,C-1621,1
TA-13852,C-1621,1
TA-13853,C-1625,1
TA-13854,C-1621,1
TA-13855,C-1621,1
TA-13856,C-1624,2
TA-13857,C-1621,1
TA-13858,C-1621,1
TA-13866,C-0781,2
TA-13867,C-1337,1
TA-13868,C-0017,1
TA-13869,C-1337,1
TA-13870,C-0017,1
TA-13871,C-1209,1
TA-13872,C-1312,2
TA-13873,C-1621,2
TA-13874,C-1768,2
TA-13875,C-1777,1
TA-13876,C-1623,1
TA-13877,C-1629,2
TA-13878,C-1629,2
TA-13881,C-1312,2
TA-13882,C-1585,1
TA-13883,C-1585,1
TA-13884,C-1585,1
TA-13885,C-1585,1
TA-13886,C-1622,2
TA-13887,C-1081,1
TA-13889,C-1622,2
TA-13890,C-1622,1
TA-13891,C-1620,2
TA-13892,C-1620,2
TA-13893,C-1620,2
TA-13894,C-1620,1
TA-13895,C-1620,1
TA-13896,C-1620,2
TA-13897,C-1620,2
TA-13898,C-1620,2
TA-13899,C-1637,2
TA-13900,C-1637,2
TA-13901,C-1637,2
TA-13902,C-1620,2
TA-13903,C-1620,1
TA-13904,C-1637,2
TA-13905,C-1621,2
TA-13906,C-1621,1
TA-13907,C-1621,2
TA-13908,C-1621,2
TA-13909,C-1621,2
TA-13910,C-1623,1
TA-13911,C-1623,2
TA-13912,C-1622,1
TA-13913,C-1622,2
TA-13914,C-1621,1
TA-13915,C-1623,1
TA-13916,C-1622,1
TA-13917,C-1624,1
TA-13918,C-1624,1
TA-13919,C-1623,2
TA-13920,C-1621,1
TA-13921,C-1621,1
TA-13922,C-1621,1
TA-13923,C-1621,1
TA-13924,C-1639,2
TA-13925,C-1624,2
TA-13926,C-0007,2
TA-13927,C-1622,2
TA-13928,C-1845,2
TA-13929,C-1535,1
TA-13930,C-1848,2
TA-13931,C-1620,1
TA-13932,C-1624,1
TA-13933,C-1621,2
TA-13934,C-1625,2
TA-13935,C-1625,2
TA-13936,C-1625,2
TA-13937,C-1624,2
TA-13938,C-1624,2
TA-13939,C-1625,2
TA-13940,C-1625,1
TA-13941,C-1625,1
TA-13942,C-1622,1
TA-13943,C-1639,2
TA-13944,C-1639,2
TA-13945,C-1638,2
TA-13946,C-1639,2
TA-13953,C-1242,1
TA-13954,C-1242,1
TA-13957,C-1624,2
TA-13958,C-0448,1
TA-13959,C-0448,1
TA-13960,C-0448,1
TA-13961,C-1621,2
TA-13962,C-1621,2
TA-13963,C-1638,2
TA-13964,C-1638,2
TA-13965,C-1622,1
TA-13966,C-1622,2
TA-13967,C-1638,2
TA-13968,C-1638,2
TA-13969,C-1638,2
TA-13970,C-1638,2
TA-13973,C-1622,2
TA-13974,C-1621,2
TA-13975,C-1639,2
TA-13976,C-1642,2
TA-13977,C-1894,1
TA-13978,C-1625,1
TA-13979,C-1625,1
TA-13980,C-1625,1
TA-13981,C-1643,1
TA-13982,C-1535,1
TA-13983,C-1623,1
TA-13984,C-1587,1
TA-13985,C-1629,2
TA-13986,C-0996,1
TA-13988,C-1623,1
TA-13989,C-0764,1
TA-13990,C-1243,2
TA-13991,C-1320,4
TA-13992,C-1625,1
TA-13993,C-1625,1
TA-13994,C-1845,2
TA-13995,C-1845,2
TA-13996,C-1645,2
TA-13997,C-1649,2
TA-13998,C-1649,2
TA-13999,C-0987,1
TA-14001,C-1622,1
TA-14002,C-1622,1
TA-14003,C-1777,1
TA-14004,C-1427,1
TA-14005,C-1235,1
TA-14006,C-1624,1
TA-14007,C-1622,2
TA-14008,C-1622,2
TA-14009,C-1624,1
TA-14010,C-1641,1
TA-14011,C-1642,1
TA-14012,C-1312,2
TA-14013,C-1312,2
TA-14014,C-1312,2
TA-14015,C-1312,2
TA-14016,C-1312,2
TA-14017,C-1312,2
TA-14018,C-1312,2
TA-14019,C-1624,2
TA-14020,C-0012,1
TA-14021,C-0012,1
TA-14022,C-1726,1
TA-14023,C-1621,2
TA-14024,C-1627,2
TA-14025,C-1627,2
TA-14026,C-1845,2
TA-14027,C-1625,2
TA-14028,C-1622,2
TA-14029,C-1625,2
TA-14030,C-1625,2
TA-14031,C-1625,2
TA-14032,C-1625,1
TA-14033,C-1626,1
TA-14034,C-1626,1
TA-14035,C-1626,1
TA-14036,C-1622,2
TA-14048,C-1623,1
TA-14049,C-1967,1
TA-14050,C-1631,1
TA-14051,C-1622,2
TA-14052,C-1420,2
TA-14053,C-1420,2
TA-14054,C-1420,2
TA-14055,C-1625,2
TA-14056,C-1625,1
TA-14057,C-1631,2
TA-14058,C-1632,2
TA-14059,C-1014,1
TA-14060,C-1495,1
TA-14061,C-1624,2
TA-14062,C-1639,1
TA-14063,C-1724,1
TA-14066,C-1642,2
TA-14067,C-1845,1
TA-14068,C-1845,2
TA-14069,C-2021,2
TA-14073,C-2019,1
TA-14074,C-1209,1
TA-14075,C-1622,2
TA-14076,C-1845,1
TA-14085,C-1620,2
TA-14086,C-1639,2
TA-14087,C-1622,2
TA-14088,C-1620,2
TA-14089,C-1620,2
TA-14090,C-1622,1
TA-14091,C-1620,2
TA-14092,C-1620,2
TA-14093,C-1620,2
TA-14094,C-1622,1
TA-14095,C-1622,1
TA-14096,C-1622,1
TA-14097,C-1620,1
TA-14098,C-1622,2
TA-14099,C-2019,1
TA-14103,C-0593,1
TA-14104,C-1523,1
TA-14105,C-1631,2
TA-14106,C-1631,2
TA-14107,C-1631,2
TA-14108,C-1631,2
TA-14109,C-1631,2
TA-14110,C-1631,2
TA-14111,C-1631,2
TA-14112,C-1631,2
TA-14113,C-1631,2
TA-14114,C-1625,1
TA-14115,C-1625,1
TA-14118,C-1475,2
TA-14119,C-1468,1
TA-14120,C-1720,1
TA-14122,C-1621,1
TA-14123,C-1622,2
TA-14127,C-1420,2
TA-14128,C-1420,2
TA-14129,C-1623,1
TA-14130,C-1623,1
TA-14131,C-1622,2
TA-14132,C-1624,2
TA-14133,C-1352,1
TA-14134,C-1626,1
TA-14135,C-1642,1
TA-14136,C-1620,2
TA-14148,C-1625,1
TA-14149,C-1625,1
TA-14150,C-1845,2
TA-14151,C-1385,2
TA-14152,C-1385,2
TA-14153,C-1385,2
TA-14154,C-1385,2
TA-14155,C-1625,2
TA-14156,C-1625,1
TA-14157,C-1624,1
TA-14158,C-1624,1
TA-14159,C-0448,1
TA-14160,C-0993,1
TA-14163,C-1625,2
TA-14164,C-1623,1
TA-14165,C-1623,1
TA-14166,C-1620,1
TA-14168,C-1874,2
TA-14173,C-1845,1
TA-14174,C-1845,2
TA-14175,C-1622,2
TA-14176,C-1624,1
TA-14177,C-0824,1
TA-14178,C-1781,1
TA-14179,C-1340,1
TA-14180,C-1621,1
TA-14181,C-1621,1
TA-14182,C-1621,1
TA-14183,C-1621,1
TA-14185,C-0448,1
TA-14187,C-1587,2
TA-14188,C-1449,1
TA-14189,C-1449,1
TA-14190,C-0244,1
TA-14191,C-0244,1
TA-14192,C-0243,4
TA-14193,C-1615,1
TA-14194,C-1444,1
TA-14195,C-1708,1
TA-14196,C-1845,2
TA-14198,C-1625,2
TA-14199,C-1625,2
TA-14200,C-1845,1
TA-14201,C-0830,2
TA-14202,C-1622,2
TA-14203,C-1495,2
TA-14204,C-1495,2
TA-14205,C-1620,1
TA-14206,C-1777,1
TA-14207,C-1781,2
TA-14208,C-1621,2
TA-14209,C-1621,2
TA-14210,C-1624,2
TA-14211,C-1622,2
TA-14212,C-1624,2
TA-14213,C-1622,2
TA-14214,C-1032,1
TA-14215,C-1032,1
TA-14216,C-1032,1
TA-14217,C-1783,1
TA-14218,C-1622,1
TA-14219,C-1621,1
TA-14220,C-1621,1
TA-14221,C-1622,2
TA-14222,C-1622,2
TA-14223,C-1624,1
TA-14224,C-1624,2
TA-14225,C-1624,1
TA-14226,C-1624,2
TA-14227,C-1620,2
TA-14229,C-0366,1
TA-14230,C-1495,1
TA-14231,C-1495,1
TA-14232,C-1312,2
TA-14233,C-1312,2
TA-14234,C-1625,1
TA-14235,C-1625,1
TA-14236,C-1625,1
TA-14237,C-1312,2
TA-14238,C-1312,2
TA-14239,C-1312,2
TA-14240,C-1312,2
TA-14241,C-1726,1
TA-14242,C-1312,2
TA-14243,C-1624,1
TA-14244,C-1624,2
TA-14245,C-1625,2
TA-14246,C-1312,2
TA-14247,C-1312,2
TA-14248,C-1312,2
TA-14249,C-1312,2
TA-14250,C-1621,2
TA-14251,C-1621,2
TA-14252,C-1030,1
TA-14253,C-1622,1
TA-14254,C-1587,2
TA-14255,C-0165,1
TA-14256,C-1545,1
TA-14257,C-1621,1
TA-14258,C-1621,2
TA-14259,C-1622,1
TA-14260,C-1621,2
TA-14261,C-1621,2
TA-14262,C-0817,1
TA-14263,C-0520,1
TA-14264,C-0823,1
TA-14265,C-0823,2
TA-14266,C-1312,1
TA-14267,C-1845,2
TA-14268,C-0165,1
TA-14269,C-1505,1
TA-14270,C-1626,1
TA-14271,C-1622,2
TA-14272,C-1312,1
TA-14273,C-1623,1
TA-14276,C-1625,1
TA-14277,C-0450,2
TA-14278,C-1622,2
TA-14279,C-1621,2
TA-14280,C-1621,2
TA-14281,C-1621,2
TA-14282,C-1622,2
TA-14283,C-1622,2
TA-14284,C-1624,2
TA-14285,C-1622,2
TA-14286,C-1623,2
TA-14287,C-1622,2
TA-14288,C-1795,1
TA-14289,C-1622,1
TA-14290,C-1622,1
TA-14291,C-1622,1
TA-14292,C-1622,1
TA-14293,C-1625,1
TA-14294,C-1642,2
TA-14295,C-1622,2
TA-14296,C-1622,1
TA-14297,C-1625,1
TA-14298,C-1625,2
TA-14299,C-1536,1
TA-14300,C-1638,1
TA-14301,C-1638,1
TA-14302,C-1621,2
TA-14303,C-1233,1
TA-14304,C-0734,1
TA-14305,C-1621,2
TA-14306,C-1625,1
TA-14307,C-1624,1
TA-14308,C-1624,2
TA-14309,C-0617,1
TA-14310,C-1974,2
TA-14312,C-1719,1
TA-14313,C-1621,2
TA-14314,C-1623,2
TA-14315,C-1623,2
TA-14316,C-1623,2
TA-14317,C-1623,2
TA-14318,C-1623,1
TA-14319,C-1623,1
TA-14320,C-1625,1
TA-14321,C-1209,1
TA-14322,C-1209,1
TA-14323,C-1209,1
TA-14324,C-1209,1
TA-14325,C-1622,2
TA-14326,C-1623,1
TA-14327,C-1623,2
TA-14328,C-1587,1
TA-14329,C-1587,1
TA-14330,C-1644,2
TA-14331,C-1644,1
TA-14335,C-0164,1
TA-14336,C-1587,1
TA-14337,C-1587,1
TA-14338,C-1644,2
TA-14339,C-1644,1
TA-14340,C-1622,2
TA-14341,C-1624,2
TA-14342,C-1624,2
TA-14343,C-1622,2
TA-14344,C-1621,1
TA-14345,C-1629,2
TA-14346,C-1629,2
TA-14347,C-1629,2
TA-14348,C-1625,1
TA-14349,C-1622,2
TA-14350,C-1624,2
TA-14351,C-1585,1
TA-14352,C-2019,2
TA-14353,C-1631,1
TA-14354,C-1631,1
TA-14355,C-1631,1
TA-14356,C-1624,1
TA-14357,C-1624,1
TA-14358,C-1624,1
TA-14359,C-1625,1
TA-14360,C-1640,2
TA-14361,C-1640,2
TA-14362,C-1622,2
TA-14363,C-0920,1
TA-14364,C-1630,1
TA-14365,C-1630,1
TA-14366,C-1630,1
TA-14367,C-1629,1
TA-14368,C-1630,1
TA-14369,C-1621,2
TA-14371,C-1425,1
TA-14372,C-1530,2
TA-14373,C-1530,2
TA-14374,C-1530,2
TA-14375,C-1530,2
TA-14376,C-1623,1
TA-14377,C-1640,2
TA-14378,C-1622,1
TA-14379,C-1639,2
TA-14381,C-1621,2
TA-14382,C-1644,2
TA-14383,C-1644,1
TA-14384,C-1243,1
TA-14385,C-1426,1
TA-14386,C-0448,2
TA-14387,C-0448,1
TA-14388,C-1037,2
TA-14389,C-1037,2
TA-14390,C-1411,1
TA-14392,C-1745,1
TA-14393,C-1420,1
TA-14394,C-1624,2
TA-14395,C-1845,1
TA-14399,C-1623,2
TA-14400,C-1623,2
TA-14401,C-1626,2
TA-14402,C-1625,1
TA-14403,C-1626,2
TA-14405,C-0448,1
TA-14406,C-0448,2
TA-14407,C-1588,1
TA-14408,C-1622,1
TA-14409,C-1620,1
TA-14410,C-0448,1
TA-14411,C-1639,2
TA-14412,C-1620,2
TA-14413,C-2021,1
TA-14414,C-1622,2
TA-14415,C-1622,2
TA-14416,C-1622,2
TA-14419,C-1623,2
TA-14420,C-1623,2
TA-14421,C-1623,2
TA-14422,C-1623,2
TA-14423,C-1623,2
TA-14424,C-1624,1
TA-14425,C-1624,1
TA-14426,C-1623,2
TA-14427,C-1623,2
TA-14428,C-1623,2
TA-14429,C-1623,2
TA-14430,C-1623,2
TA-14431,C-1623,2
TA-14433,C-1621,2
TA-14434,C-1621,2
TA-14435,C-1624,1
TA-14436,C-1624,1
TA-14437,C-0448,2
TA-14439,C-1449,1
TA-14440,C-1624,2
TA-14441,C-0448,1
TA-14442,C-1739,1
TA-14443,C-1739,1
TA-14444,C-1243,2
TA-14445,C-1209,1
TA-14446,C-0832,1
TA-14447,C-0832,1
TA-14448,C-1312,2
TA-14452,C-1623,2
TA-14453,C-1623,2
TA-14454,C-1623,2
TA-14455,C-1623,2
TA-14456,C-1623,2
TA-14457,C-1623,2
TA-14458,C-1623,2
TA-14459,C-1623,2
TA-14460,C-1623,2
TA-14461,C-1623,2
TA-14462,C-1623,2
TA-14463,C-1623,2
TA-14464,C-1622,1
TA-14465,C-1622,1
TA-14468,C-1624,2
TA-14469,C-1624,1
TA-14470,C-1623,1
TA-14471,C-1622,1
TA-14472,C-1624,1
TA-14473,C-1624,1
TA-14474,C-1623,2
TA-14475,C-1624,2
TA-14476,C-1644,2
TA-14477,C-1644,2
TA-14478,C-0562,1
TA-14479,C-0562,1
TA-14480,C-0448,2
TA-14481,C-0448,2
TA-14482,C-0448,1
TA-14483,C-0448,1
TA-14484,C-1420,1
TA-14485,C-1420,1
TA-14488,C-0448,1
TA-14489,C-0448,1
TA-14490,C-1585,1
TA-14491,C-1585,1
TA-14492,C-1621,1
TA-14493,C-1621,1
TA-14494,C-1621,1
TA-14495,C-1621,1
TA-14496,C-1621,1
TA-14497,C-1621,1
TA-14498,C-1621,1
TA-14499,C-1621,1
TA-14500,C-1585,1
TA-14501,C-1622,2
TA-14502,C-1622,2
TA-14503,C-1622,2
TA-14504,C-1312,2
TA-14505,C-1312,2
TA-14506,C-1312,2
TA-14507,C-1312,2
TA-14508,C-1312,2
TA-14509,C-1624,1
TA-14510,C-0154,1
TA-14511,C-1622,2
TA-14512,C-1622,2
TA-14513,C-1585,1
TA-14514,C-1622,2
TA-14515,C-0171,1
TA-14516,C-1488,1
TA-14517,C-1781,2
TA-14518,C-1781,2
TA-14519,C-1781,2
TA-14520,C-1781,2
TA-14521,C-1621,2
TA-14525,C-1642,1
TA-14526,C-1625,1
TA-14527,C-1625,2
TA-14528,C-1625,2
TA-14529,C-1621,2
TA-14532,C-1622,1
TA-14533,C-1622,1
TA-14534,C-1622,1
TA-14535,C-1622,1
TA-14536,C-2022,1
TA-14537,C-2022,1
TA-14538,C-2020,1
TA-14539,C-1623,1
TA-14540,C-1638,2
TA-14541,C-1638,1
TA-14542,C-1621,1
TA-14543,C-1209,1
TA-14544,C-1621,1
TA-14545,C-1638,2
TA-14546,C-1621,1
TA-14547,C-1624,1
TA-14548,C-1641,2
TA-14549,C-1624,1
TA-14550,C-1621,1
TA-14551,C-1621,1
TA-14552,C-1638,2
TA-14553,C-1638,2
TA-14554,C-1621,2
TA-14555,C-1621,1
TA-14556,C-1621,1
TA-14557,C-1638,1
TA-14558,C-1638,1
TA-14559,C-1642,1
TA-14560,C-1641,2
TA-14561,C-1624,1
TA-14562,C-1625,1
TA-14563,C-1624,1
TA-14564,C-1624,2
TA-14565,C-1641,1
TA-14566,C-1641,1
TA-14567,C-1624,1
TA-14568,C-1641,1
TA-14569,C-1621,1
TA-14570,C-1638,2
TA-14571,C-1621,1
TA-14572,C-1624,2
TA-14573,C-1624,2
TA-14574,C-1621,1
TA-14575,C-1645,2
TA-14576,C-1624,2
TA-14577,C-1624,2
TA-14578,C-1625,1
TA-14579,C-1624,1
TA-14580,C-1624,1
TA-14581,C-1642,2
TA-14582,C-1625,1
TA-14583,C-1625,1
TA-14584,C-1625,1
TA-14585,C-1642,2
TA-14586,C-1623,1
TA-14587,C-1623,1
TA-14588,C-1623,1
TA-14589,C-1623,1
TA-14590,C-1624,1
TA-14591,C-1907,1
TA-14592,C-1907,1
TA-14593,C-1622,1
TA-14594,C-1622,1
TA-14595,C-1624,1
TA-14596,C-1622,1
TA-14597,C-1622,1
TA-14598,C-1622,1
TA-14599,C-1622,1
TA-14602,C-1860,1
TA-14604,C-1232,1
TA-14605,C-1232,1
TA-14606,C-1848,1
TA-14609,C-1624,2
TA-14610,C-1621,2
TA-14611,C-0412,1
TA-14612,C-1848,1
TA-14613,C-1623,1
TA-14614,C-1623,1
TA-14615,C-0562,1
TA-14616,C-0562,2
TA-14617,C-1194,1
TA-14618,C-1623,2
TA-14619,C-1623,2
TA-14620,C-0448,1
TA-14621,C-1621,2
TA-14622,C-1622,2
TA-14626,C-1626,1
TA-14627,C-1626,1
TA-14628,C-1628,2
TA-14629,C-1913,1
TA-14630,C-1907,1
TA-14631,C-1907,1
TA-14632,C-1907,1
TA-14633,C-0829,1
TA-14634,C-1624,1
TA-14635,C-1838,1
TA-14636,C-1622,1
TA-14637,C-1495,1
TA-14638,C-1620,1
TA-14639,C-1279,1
TA-14641,C-1620,2
TA-14642,C-0275,1
TA-14643,C-1622,1
TA-14644,C-1641,2
TA-14645,C-1405,1
TA-14646,C-1405,1
TA-14647,C-0170,1
TA-14648,C-1642,1
TA-14650,C-1537,1
TA-14652,C-1466,1
TA-14653,C-1845,2
TA-14654,C-1637,2
TA-14655,C-1622,2
TA-14656,C-1620,1
TA-14657,C-1620,2
TA-14658,C-1620,2
TA-14659,C-1620,2
TA-14660,C-1620,2
TA-14661,C-1620,2
TA-14663,C-1546,1
TA-14664,C-1620,1
TA-14665,C-1620,1
TA-14666,C-1779,1
TA-14674,C-1058,2
TA-14675,C-1058,2
TA-14676,C-1058,2
TA-14677,C-1058,2
TA-14678,C-1058,2
TA-14679,C-1058,2
TA-14680,C-1058,2
TA-14681,C-1058,2
TA-14682,C-1058,2
TA-14683,C-1058,2
TA-14684,C-1058,2
TA-14685,C-1058,2
TA-14686,C-1622,1
TA-14687,C-1625,2
TA-14688,C-0485,1
TA-14693,C-1623,1
TA-14694,C-1097,1
TA-14697,C-1133,1
TA-14700,C-1385,2
TA-14701,C-1385,2
TA-14703,C-1624,2
TA-14704,C-1622,2
TA-14705,C-1622,2
TA-14706,C-1623,1
TA-14707,C-1623,1
TA-14708,C-0170,1
TA-14709,C-0170,1
TA-14710,C-1898,4
TA-14711,C-1624,1
TA-14712,C-1624,2
TA-14713,C-1624,2
TA-14714,C-1624,1
TA-14715,C-1624,1
TA-14716,C-1624,1
TA-14717,C-1624,1
TA-14718,C-1624,1
TA-14719,C-1623,2
TA-14720,C-1623,2
TA-14723,C-1312,2
TA-14724,C-1621,2
TA-14725,C-1621,2
TA-14729,C-1622,2
TA-14730,C-1622,2
TA-14731,C-1626,2
TA-14732,C-1625,2
TA-14733,C-1621,2
TA-14734,C-1624,2
TA-14735,C-1624,2
TA-14736,C-1624,2
TA-14737,C-1621,2
TA-14738,C-1907,1
TA-14739,C-1625,1
TA-14740,C-1622,2
TA-14741,C-1622,2
TA-14742,C-1312,2
TA-14743,C-1312,2
TA-14744,C-1621,2
TA-14745,C-1621,2
TA-14746,C-1061,1
TA-14747,C-1649,1
TA-14748,C-1649,1
TA-14749,C-1061,1
TA-14754,C-1621,2
TA-14755,C-1621,2
TA-14756,C-1425,1
TA-14759,C-0165,1
TA-14762,C-1640,2
TA-14763,C-1640,2
TA-14764,C-1622,2
TA-14765,C-1622,2
TA-14766,C-1622,1
TA-14767,C-1062,1
TA-14768,C-0471,1
TA-14769,C-1521,1
TA-14770,C-1621,1
TA-14771,C-1621,1
TA-14772,C-1621,2
TA-14773,C-1621,2
TA-14774,C-1621,2
TA-14775,C-1621,2
TA-14776,C-1621,2
TA-14777,C-1621,2
TA-14778,C-1625,2
TA-14779,C-1624,2
TA-14780,C-1792,1
TA-14781,C-1792,1
TA-14782,C-1622,2
TA-14783,C-1621,2
TA-14784,C-0763,1
TA-14785,C-0761,1
TA-14786,C-1615,2
TA-14787,C-1621,1
TA-14788,C-1629,2
TA-14789,C-1629,2
TA-14792,C-1620,1
TA-14793,C-1620,1
TA-14794,C-1622,1
TA-14795,C-1621,2
TA-14796,C-1621,2
TA-14797,C-1624,1
TA-14798,C-1621,1
TA-14799,C-1621,1
TA-14800,C-0448,1
TA-14801,C-1622,1
TA-14802,C-0448,1
TA-14803,C-1621,2
TA-14804,C-1622,2
TA-14805,C-1625,1
TA-14806,C-1312,1
TA-14807,C-0840,1
TA-14808,C-1615,1
TA-14809,C-0247,2
TA-14811,C-0303,1
TA-14812,C-1622,1
TA-14813,C-1622,2
TA-14814,C-1632,2
TA-14815,C-1587,1
TA-14818,C-1845,1
TA-14819,C-1845,1
TA-14820,C-1623,1
TA-14821,C-1625,1
TA-14822,C-1622,1
TA-14823,C-1622,1
TA-14824,C-1624,1
TA-14825,C-1625,1
TA-14826,C-1625,1
TA-14827,C-1233,1
TA-14828,C-1622,2
TA-14829,C-1833,1
TA-14830,C-1621,2
TA-14831,C-1621,2
TA-14832,C-1621,2
TA-14833,C-1621,2
TA-14834,C-1625,1
TA-14835,C-0829,1
TA-14836,C-1622,2
TA-14837,C-1622,2
TA-14838,C-1622,2
TA-14839,C-1622,2
TA-14840,C-1623,1
TA-14841,C-1623,1
TA-14842,C-1623,1
TA-14843,C-1623,1
TA-14844,C-1622,1
TA-14845,C-1505,1
TA-14846,C-1585,1
TA-14847,C-1585,1
TA-14848,C-1585,1
TA-14849,C-1585,1
TA-14850,C-1312,2
TA-14851,C-1623,1
TA-14852,C-1626,1
TA-14853,C-1625,2
TA-14854,C-1209,1
TA-14855,C-1621,1
TA-14856,C-1621,1
TA-14857,C-1621,2
TA-14858,C-1621,2
TA-14859,C-1621,2
TA-14860,C-1621,2
TA-14861,C-1623,2
TA-14862,C-1623,2
TA-14863,C-1623,2
TA-14864,C-1623,2
TA-14865,C-1623,2
TA-14866,C-1623,2
TA-14867,C-1623,1
TA-14868,C-1623,2
TA-14869,C-1623,2
TA-14870,C-1623,2
TA-14871,C-1543,1
TA-14872,C-1621,2
TA-14873,C-1622,2
TA-14874,C-0009,1
TA-14875,C-1588,1
TA-14876,C-1587,2
TA-14877,C-1621,2
TA-14878,C-0832,2
TA-14879,C-1621,2
TA-14880,C-1536,1
TA-14881,C-1536,1
TA-14882,C-1536,1
TA-14883,C-1536,1
TA-14884,C-1624,1
TA-14885,C-1624,1
TA-14886,C-1621,2
TA-14887,C-1639,1
TA-14888,C-0448,1
TA-14889,C-1621,2
TA-14890,C-1622,1
TA-14891,C-1642,1
TA-14892,C-1355,1
TA-14893,C-1639,1
TA-14894,C-1622,2
TA-14895,C-1622,1
TA-14896,C-1639,1
TA-14897,C-0674,1
TA-14898,C-1623,2
TA-14899,C-1623,2
TA-14900,C-1623,2
TA-14901,C-1623,2
TA-14902,C-1621,2
TA-14903,C-1623,2
TA-14904,C-0448,2
TA-14905,C-0448,1
TA-14906,C-1312,1
TA-14907,C-0162,1
TA-14908,C-1621,2
TA-14909,C-1620,2
TA-14910,C-1641,2
TA-14911,C-0448,2
TA-14912,C-0448,2
TA-14913,C-0907,1
TA-14914,C-1420,2
TA-14915,C-0288,1
TA-14916,C-1845,2
TA-14917,C-1845,2
TA-14919,C-1640,1
TA-14921,C-1641,2
TA-14922,C-1625,1
TA-14923,C-1620,2
TA-14924,C-1620,2
TA-14925,C-1623,2
TA-14926,C-1623,2
TA-14927,C-1624,2
TA-14928,C-1625,2
TA-14929,C-1621,1
TA-14930,C-1621,2
TA-14931,C-1874,2
TA-14932,C-1874,2
TA-14935,C-1359,1
TA-14938,C-1621,2
TA-14939,C-1621,1
TA-14940,C-0288,1
TA-14941,C-1624,2
TA-14942,C-1622,1
TA-14943,C-1622,2
TA-14944,C-1624,2
TA-14945,C-1626,1
TA-14946,C-1643,1
TA-14947,C-1626,1
TA-14948,C-1643,1
TA-14949,C-1626,1
TA-14952,C-1620,1
TA-14953,C-0772,1
TA-14954,C-1620,1
TA-14955,C-1622,2
TA-14956,C-1622,2
TA-14957,C-1243,2
TA-14961,C-0165,1
TA-14962,C-1020,1
TA-14963,C-1647,2
TA-14964,C-1647,2
TA-14965,C-1647,2
TA-14966,C-1623,1
TA-14967,C-1623,1
TA-14968,C-1623,1
TA-14969,C-1623,1
TA-14970,C-1628,2
TA-14971,C-1459,1
TA-14972,C-1623,1
TA-14973,C-1623,1
TA-14974,C-1623,1
TA-14975,C-1623,1
TA-14976,C-0552,1
TA-14977,C-1620,2
TA-14978,C-1637,2
TA-14979,C-1637,2
TA-14980,C-1637,2
TA-14981,C-1620,2
TA-14982,C-1620,2
TA-14983,C-1620,2
TA-14984,C-1637,2
TA-14985,C-1637,2
TA-14986,C-1637,2
TA-14987,C-1637,2
TA-14988,C-1637,2
TA-14989,C-1620,2
TA-14990,C-1620,2
TA-14991,C-1620,2
TA-14992,C-1620,2
TA-14993,C-1637,2
TA-14994,C-1637,2
TA-14995,C-1637,2
TA-14996,C-1637,2
TA-14997,C-1620,2
TA-14998,C-1620,2
TA-14999,C-1620,2
TA-15000,C-1620,2
TA-15001,C-1620,1
TA-15002,C-1622,2
TA-15003,C-1621,1
TA-15004,C-1638,2
TA-15005,C-1639,2
TA-15006,C-1639,2
TA-15007,C-1620,1
TA-15008,C-1620,2
TA-15009,C-1620,2
TA-15010,C-1620,2
TA-15011,C-1620,2
TA-15012,C-1620,2
TA-15013,C-1620,2
TA-15014,C-1620,2
TA-15015,C-1475,2
TA-15016,C-1475,2
TA-15017,C-1622,2
TA-15018,C-0552,1
TA-15021,C-1620,2
TA-15022,C-1536,1
TA-15023,C-1622,2
TA-15024,C-1623,1
TA-15025,C-1645,2
TA-15026,C-1645,2
TA-15027,C-0444,2
TA-15028,C-0444,2
TA-15029,C-1626,1
TA-15030,C-1642,2
TA-15031,C-0816,1
TA-15032,C-1595,1
TA-15033,C-1511,1
TA-15034,C-1845,1
TA-15035,C-1845,1
TA-15036,C-1845,1
TA-15037,C-1845,1
TA-15038,C-1845,1
TA-15039,C-1845,1
TA-15040,C-1243,2
TA-15041,C-1622,1
TA-15042,C-1641,1
TA-15043,C-1621,2
TA-15044,C-1622,2
TA-15045,C-1621,2
TA-15046,C-1621,2
TA-15047,C-1625,2
TA-15048,C-1624,2
TA-15049,C-1770,1
TA-15050,C-0562,1
TA-15051,C-0562,1
TA-15052,C-1623,2
TA-15053,C-1954,2
TA-15054,C-1845,1
TA-15055,C-1845,1
TA-15056,C-1640,2
TA-15057,C-1641,2
TA-15058,C-1641,2
TA-15060,C-1623,1
TA-15061,C-1845,1
TA-15062,C-1845,1
TA-15063,C-1623,1
TA-15064,C-1623,1
TA-15065,C-1495,1
TA-15066,C-1624,2
TA-15067,C-1624,1
TA-15068,C-1622,1
TA-15069,C-1845,1
TA-15070,C-1641,1
TA-15071,C-1622,1
TA-15072,C-1621,2
TA-15073,C-1622,2
TA-15074,C-1622,1
TA-15075,C-1622,2
TA-15076,C-1624,1
TA-15077,C-1624,1
TA-15078,C-1622,1
TA-15079,C-1622,1
TA-15080,C-1907,1
TA-15081,C-1641,1
TA-15082,C-1624,1
TA-15083,C-1623,2
TA-15084,C-1624,1
TA-15085,C-1624,1
TA-15086,C-1631,2
TA-15087,C-1845,1
TA-15088,C-1845,1
TA-15089,C-0448,2
TA-15090,C-1622,2
TA-15091,C-1622,2
TA-15092,C-1621,2
TA-15093,C-1624,2
TA-15094,C-1624,2
TA-15095,C-1624,2
TA-15096,C-1624,2
TA-15097,C-1624,2
TA-15098,C-1624,2
TA-15099,C-1625,1
TA-15100,C-1495,1
TA-15101,C-0064,1
TA-15102,C-1642,1
TA-15103,C-1622,1
TA-15104,C-1638,2
TA-15105,C-1638,2
TA-15106,C-1312,2
TA-15107,C-1312,2
TA-15108,C-1838,1
TA-15109,C-1312,2
TA-15110,C-2017,1
TA-15111,C-1625,1
TA-15112,C-1623,1
TA-15113,C-1622,2
TA-15114,C-0064,1
TA-15115,C-1427,1
TA-15116,C-1625,1
TA-15117,C-1625,1
TA-15118,C-0554,1
TA-15119,C-0554,1
TA-15120,C-1242,1
TA-15121,C-1242,1
TA-15122,C-1242,1
TA-15123,C-1242,1
TA-15124,C-1845,1
TA-15125,C-0923,2
TA-15126,C-1621,2
TA-15127,C-1626,1
TA-15129,C-1708,1
TA-15130,C-1587,2
TA-15131,C-1587,2
TA-15132,C-1587,2
TA-15133,C-1626,2
TA-15135,C-1624,2
TA-15136,C-1624,2
TA-15137,C-1624,2
TA-15138,C-1624,2
TA-15139,C-1624,2
TA-15140,C-1624,2
TA-15141,C-1624,2
TA-15142,C-1624,2
TA-15143,C-1845,2
TA-15144,C-1845,1
TA-15145,C-1845,1
TA-15146,C-1845,1
TA-15147,C-1845,2
TA-15148,C-1845,2
TA-15149,C-1845,1
TA-15150,C-1845,1
TA-15151,C-1845,1
TA-15152,C-1845,1
TA-15153,C-1845,1
TA-15154,C-1845,1
TA-15155,C-1845,1
TA-15156,C-1641,2
TA-15157,C-1641,2
TA-15158,C-1638,2
TA-15159,C-1641,2
TA-15160,C-1625,1
TA-15161,C-1625,2
TA-15162,C-1625,2
TA-15163,C-1623,1
TA-15164,C-0474,1
TA-15165,C-1621,1
TA-15166,C-1845,1
TA-15167,C-1622,2
TA-15168,C-1624,2
TA-15169,C-1623,2
TA-15170,C-1622,1
TA-15171,C-1211,1
TA-15172,C-1211,1
TA-15173,C-1211,1
TA-15174,C-1211,1
TA-15175,C-1626,1
TA-15176,C-1626,2
TA-15177,C-1628,2
TA-15178,C-1628,2
TA-15179,C-1624,2
TA-15180,C-1624,2
TA-15181,C-1624,2
TA-15182,C-1624,2
TA-15183,C-1624,2
TA-15184,C-1624,2
TA-15185,C-1624,2
TA-15186,C-1624,2
TA-15187,C-1624,2
TA-15188,C-0827,1
TA-15189,C-1621,2
TA-15190,C-1621,2
TA-15191,C-1621,2
TA-15193,C-1639,1
TA-15194,C-1209,1
TA-15195,C-1624,1
TA-15196,C-1845,1
TA-15197,C-1642,2
TA-15198,C-1845,2
TA-15199,C-1845,2
TA-15200,C-1623,2
TA-15201,C-1623,2
TA-15202,C-1642,1
TA-15203,C-1625,1
TA-15204,C-1624,1
TA-15205,C-1625,2
TA-15206,C-1624,1
TA-15207,C-1845,1
TA-15208,C-1845,1
TA-15209,C-1845,1
TA-15210,C-1845,1
TA-15211,C-1845,1
TA-15212,C-1627,1
TA-15213,C-1627,1
TA-15215,C-0915,1
TA-15216,C-0376,1
TA-15217,C-0915,1
TA-15218,C-1622,1
TA-15219,C-1622,1
TA-15220,C-1627,1
TA-15221,C-1627,1
TA-15222,C-1420,2
TA-15223,C-1623,1
TA-15224,C-1623,1
TA-15225,C-1623,1
TA-15226,C-1624,2
TA-15227,C-1138,2
TA-15228,C-1620,2
TA-15229,C-1620,2
TA-15230,C-1624,2
TA-15231,C-1621,2
TA-15232,C-1621,2
TA-15233,C-1621,2
TA-15234,C-1621,2
TA-15235,C-1625,2
TA-15236,C-0144,1
TA-15237,C-1954,2
TA-15240,C-1625,1
TA-15241,C-1625,1
TA-15242,C-1845,1
TA-15243,C-1845,1
TA-15244,C-1622,2
TA-15245,C-1621,2
TA-15247,C-1622,2
TA-15250,C-1621,1
TA-15251,C-1625,2
TA-15254,C-0071,1
TA-15255,C-1623,2
TA-15256,C-1624,2
TA-15257,C-1623,2
TA-15258,C-1640,2
TA-15259,C-1623,2
TA-15260,C-1624,1
TA-15261,C-1623,1
TA-15262,C-1624,2
TA-15263,C-1243,2
TA-15264,C-1845,1
TA-15265,C-1845,1
TA-15266,C-1845,1
TA-15267,C-1845,1
TA-15268,C-0161,1
TA-15269,C-1625,2
TA-15270,C-1625,1
TA-15271,C-1845,1
TA-15272,C-1845,1
TA-15273,C-1845,1
TA-15274,C-1845,1
TA-15275,C-1845,1
TA-15276,C-1845,1
TA-15278,C-1491,1
TA-15279,C-1491,1
TA-15281,C-1623,2
TA-15282,C-1624,1
TA-15283,C-1623,2
TA-15284,C-1642,2
TA-15285,C-1622,1
TA-15286,C-1622,2
TA-15287,C-1622,2
TA-15288,C-1535,1
TA-15289,C-0520,1
TA-15290,C-0520,2
TA-15292,C-1623,1
TA-15293,C-1629,2
TA-15294,C-1629,2
TA-15295,C-1628,2
TA-15296,C-2022,1
TA-15297,C-2022,1
TA-15298,C-1642,2
TA-15299,C-1622,2
TA-15300,C-1622,2
TA-15301,C-1622,2
TA-15302,C-1622,2
TA-15303,C-1622,2
TA-15304,C-1624,1
TA-15305,C-1622,2
TA-15306,C-1625,2
TA-15307,C-1427,1
TA-15308,C-1624,1
TA-15309,C-1624,2
TA-15311,C-1625,1
TA-15312,C-1621,2
TA-15313,C-1997,1
TA-15314,C-1625,2
TA-15315,C-1845,1
TA-15316,C-1845,1
TA-15317,C-1845,1
TA-15318,C-1845,1
TA-15319,C-1644,2
TA-15320,C-1644,2
TA-15321,C-1423,1
TA-15322,C-1423,1
TA-15323,C-1781,2
TA-15325,C-1639,2
TA-15326,C-1639,2
TA-15327,C-1639,2
TA-15328,C-1638,2
TA-15329,C-1621,2
TA-15330,C-1622,2
TA-15331,C-1620,2
TA-15332,C-1620,1
TA-15333,C-1622,2
TA-15334,C-1625,2
TA-15337,C-1845,1
TA-15338,C-1845,1
TA-15339,C-1845,1
TA-15340,C-1845,1
TA-15341,C-1845,1
TA-15342,C-1845,2
TA-15343,C-1845,2
TA-15344,C-1845,1
TA-15345,C-1845,1
TA-15346,C-1078,2
TA-15347,C-1845,1
TA-15348,C-1845,1
TA-15349,C-1845,1
TA-15350,C-1621,2
TA-15351,C-1621,2
TA-15352,C-1946,1
TA-15353,C-1958,1
TA-15354,C-1427,1
TA-15355,C-1621,2
TA-15356,C-1621,1
TA-15357,C-1621,1
TA-15358,C-1621,1
TA-15359,C-1621,1
TA-15360,C-1621,1
TA-15361,C-1621,1
TA-15362,C-1644,2
TA-15363,C-1644,1
TA-15364,C-1623,1
TA-15365,C-1642,1
TA-15366,C-1623,1
TA-15367,C-1623,1
TA-15368,C-1623,1
TA-15369,C-1845,1
TA-15370,C-1845,2
TA-15371,C-1845,1
TA-15372,C-1845,1
TA-15373,C-1845,1
TA-15374,C-0710,1
TA-15375,C-1845,1
TA-15376,C-0829,1
TA-15377,C-1623,1
TA-15378,C-1622,2
TA-15379,C-1080,1
TA-15380,C-1080,1
TA-15381,C-1080,1
TA-15382,C-1080,1
TA-15384,C-1621,1
TA-15386,C-1620,1
TA-15387,C-1620,2
TA-15388,C-1620,2
TA-15389,C-1620,2
TA-15390,C-1620,2
TA-15391,C-1620,2
TA-15392,C-1620,2
TA-15393,C-1620,2
TA-15394,C-1620,2
TA-15395,C-1620,2
TA-15396,C-1620,1
TA-15397,C-1620,2
TA-15398,C-1620,2
TA-15399,C-1620,2
TA-15400,C-1620,2
TA-15401,C-1620,1
TA-15402,C-1622,2
TA-15403,C-1622,2
TA-15404,C-1622,1
TA-15405,C-1637,2
TA-15406,C-1620,1
TA-15407,C-1620,1
TA-15408,C-1620,1
TA-15409,C-1620,1
TA-15410,C-1620,2
TA-15411,C-1620,2
TA-15412,C-1845,1
TA-15413,C-1845,1
TA-15414,C-1845,1
TA-15415,C-1845,1
TA-15416,C-1624,2
TA-15419,C-1776,1
TA-15425,C-1110,1
TA-15426,C-1233,1
TA-15429,C-1845,1
TA-15430,C-1845,1
TA-15431,C-1845,1
TA-15433,C-1110,1
TA-15435,C-1629,2
TA-15436,C-1624,1
TA-15437,C-1623,1
TA-15438,C-1426,1
TA-15439,C-1623,1
TA-15440,C-1624,1
TA-15441,C-1640,2
TA-15442,C-1845,1
TA-15443,C-1845,1
TA-15444,C-1845,1
TA-15445,C-1625,1
TA-15447,C-1621,2
TA-15448,C-1624,1
TA-15454,C-1622,2
TA-15455,C-1622,1
TA-15456,C-1625,1
TA-15457,C-1624,1
TA-15458,C-1624,1
TA-15459,C-1623,1
TA-15460,C-1625,2
TA-15461,C-1623,1
TA-15462,C-1622,1
TA-15463,C-1631,2
TA-15464,C-1621,2
TA-15465,C-1203,1
TA-15466,C-1425,1
TA-15467,C-0165,1
TA-15468,C-1621,2
TA-15469,C-1621,2
TA-15474,C-1083,1
TA-15475,C-1621,2
TA-15478,C-1623,2
TA-15479,C-1623,2
TA-15480,C-1623,2
TA-15481,C-1638,1
TA-15482,C-1638,1
TA-15483,C-1624,1
TA-15484,C-1625,2
TA-15485,C-1625,2
TA-15486,C-0165,1
TA-15487,C-1180,1
TA-15488,C-1626,1
TA-15489,C-1621,1
TA-15490,C-1646,2
TA-15491,C-1639,1
TA-15492,C-1640,1
TA-15493,C-1622,1
TA-15495,C-1312,2
TA-15496,C-1621,2
TA-15497,C-1621,2
TA-15498,C-1621,2
TA-15499,C-1622,2
TA-15500,C-1624,2
TA-15505,C-1631,2
TA-15506,C-1631,2
TA-15507,C-1631,2
TA-15508,C-1623,1
TA-15509,C-1623,1
TA-15510,C-1624,1
TA-15511,C-1624,1
TA-15512,C-1511,1
TA-15515,C-1623,2
TA-15516,C-1620,1
TA-15517,C-1242,1
TA-15518,C-1625,1
TA-15519,C-1625,2
TA-15520,C-0622,1
TA-15522,C-0423,1
TA-15526,C-1312,2
TA-15527,C-1312,2
TA-15528,C-1621,1
TA-15529,C-1620,1
TA-15530,C-1080,1
TA-15531,C-1080,1
TA-15532,C-1080,1
TA-15533,C-1620,2
TA-15534,C-1624,1
TA-15535,C-1625,1
TA-15536,C-1623,1
TA-15537,C-0776,1
TA-15538,C-0776,1
TA-15539,C-0165,1
TA-15540,C-0165,1
TA-15541,C-1845,1
TA-15545,C-0242,1
TA-15546,C-1089,1
TA-15547,C-1089,1
TA-15548,C-0242,1
TA-15549,C-0520,1
TA-15551,C-0448,2
TA-15552,C-1632,2
TA-15553,C-1867,1
TA-15554,C-1640,1
TA-15555,C-1623,2
TA-15556,C-1640,1
TA-15557,C-1629,1
TA-15558,C-1622,1
TA-15559,C-1622,1
TA-15561,C-1625,1
TA-15562,C-1242,1
TA-15563,C-1650,2
TA-15564,C-0917,1
TA-15567,C-1625,2
TA-15568,C-1625,1
TA-15569,C-0247,2
TA-15576,C-1624,1
TA-15577,C-1629,1
TA-15581,C-1845,1
TA-15582,C-1623,1
TA-15583,C-1623,1
TA-15584,C-1420,1
TA-15585,C-1622,2
TA-15586,C-1622,2
TA-15587,C-1622,1
TA-15588,C-1622,1
TA-15590,C-1845,2
TA-15591,C-1623,2
TA-15592,C-1623,2
TA-15593,C-1622,2
TA-15594,C-1622,2
TA-15595,C-1624,1
TA-15596,C-1713,1
TA-15597,C-1642,1
TA-15598,C-0837,1
TA-15599,C-1637,2
TA-15600,C-1637,2
TA-15601,C-1637,2
TA-15602,C-1620,2
TA-15603,C-1620,2
TA-15604,C-1620,2
TA-15605,C-1620,2
TA-15606,C-1620,2
TA-15607,C-1620,2
TA-15608,C-1620,2
TA-15609,C-1620,2
TA-15610,C-1620,2
TA-15611,C-1620,2
TA-15612,C-1620,2
TA-15613,C-1312,1
TA-15614,C-1312,1
TA-15615,C-1638,2
TA-15616,C-1638,2
TA-15617,C-1638,2
TA-15618,C-1638,2
TA-15619,C-1639,2
TA-15620,C-1898,4
TA-15621,C-1094,1
TA-15622,C-1779,1
TA-15623,C-1779,1
TA-15624,C-1621,2
TA-15625,C-0199,1
TA-15626,C-1624,2
TA-15627,C-1463,1
TA-15628,C-0452,1
TA-15629,C-1420,1
TA-15630,C-1625,2
TA-15631,C-1845,1
TA-15632,C-1642,1
TA-15633,C-1312,2
TA-15634,C-1312,2
TA-15635,C-1312,2
TA-15636,C-1312,2
TA-15637,C-1312,2
TA-15638,C-1623,1
TA-15639,C-1623,1
TA-15640,C-1622,2
TA-15641,C-1620,2
TA-15642,C-1585,1
TA-15643,C-1622,1
TA-15644,C-1622,2
TA-15648,C-1621,2
TA-15650,C-1614,1
TA-15651,C-1102,2
TA-15652,C-1614,1
TA-15653,C-1614,1
TA-15654,C-0275,1
TA-15655,C-1412,1
TA-15656,C-1795,1
TA-15657,C-1621,2
TA-15658,C-1621,2
TA-15659,C-1621,2
TA-15660,C-1621,2
TA-15661,C-1621,2
TA-15662,C-1621,2
TA-15663,C-1621,2
TA-15664,C-1621,2
TA-15665,C-1621,2
TA-15666,C-1621,2
TA-15667,C-1845,1
TA-15668,C-1621,2
TA-15669,C-1624,1
TA-15670,C-1622,2
TA-15671,C-1622,1
TA-15672,C-1624,2
TA-15673,C-1624,2
TA-15674,C-1622,2
TA-15675,C-1624,1
TA-15676,C-1622,2
TA-15677,C-1621,2
TA-15678,C-1622,2
TA-15679,C-1642,1
TA-15680,C-1624,1
TA-15681,C-1624,1
TA-15682,C-1624,1
TA-15683,C-1624,2
TA-15684,C-1629,2
TA-15685,C-1629,2
TA-15686,C-1620,2
TA-15687,C-1625,2
TA-15688,C-1625,2
TA-15689,C-1621,2
TA-15690,C-1420,2
TA-15691,C-1624,2
TA-15692,C-1624,2
TA-15693,C-1624,2
TA-15694,C-1624,2
TA-15695,C-1624,2
TA-15696,C-1644,1
TA-15697,C-1644,1
TA-15698,C-1625,1
TA-15699,C-1625,1
TA-15703,C-1623,1
TA-15704,C-1100,1
TA-15705,C-1123,1
TA-15706,C-0837,1
TA-15708,C-1624,1
TA-15709,C-1624,1
TA-15710,C-1101,1
TA-15711,C-1312,2
TA-15712,C-1625,1
TA-15713,C-1624,1
TA-15714,C-1624,1
TA-15715,C-1624,1
TA-15716,C-1623,1
TA-15717,C-1623,1
TA-15718,C-1621,2
TA-15719,C-1622,2
TA-15720,C-1621,2
TA-15721,C-1625,1
TA-15722,C-1624,2
TA-15723,C-1622,2
TA-15724,C-1243,2
TA-15725,C-1243,2
TA-15726,C-1621,2
TA-15729,C-1625,1
TA-15730,C-1623,1
TA-15731,C-1624,1
TA-15732,C-1624,1
TA-15733,C-1624,2
TA-15734,C-1624,2
TA-15735,C-1624,1
TA-15736,C-1624,1
TA-15737,C-1624,1
TA-15738,C-1622,1
TA-15739,C-1642,1
TA-15740,C-1649,2
TA-15741,C-1625,1
TA-15742,C-1622,1
TA-15743,C-1624,2
TA-15744,C-1623,1
TA-15745,C-1625,1
TA-15746,C-1624,2
TA-15747,C-1624,2
TA-15748,C-1625,1
TA-15749,C-1845,2
TA-15750,C-1845,2
TA-15751,C-1845,2
TA-15752,C-1624,1
TA-15753,C-1622,1
TA-15754,C-1622,1
TA-15755,C-1622,1
TA-15756,C-0199,2
TA-15757,C-0199,1
TA-15758,C-1107,1
TA-15759,C-1106,1
TA-15760,C-1109,1
TA-15761,C-1106,1
TA-15762,C-1624,1
TA-15763,C-1625,2
TA-15764,C-1621,2
TA-15765,C-1624,2
TA-15766,C-1624,1
TA-15767,C-1623,2
TA-15768,C-1640,2
TA-15769,C-1623,1
TA-15770,C-1624,2
TA-15771,C-1623,2
TA-15772,C-1624,1
TA-15773,C-0165,2
TA-15774,C-1624,1
TA-15775,C-1624,1
TA-15781,C-1229,1
TA-15782,C-1625,1
TA-15783,C-1625,1
TA-15786,C-1257,1
TA-15787,C-1963,1
TA-15789,C-1963,1
TA-15791,C-1963,1
TA-15792,C-1963,1
TA-15795,C-1625,1
TA-15796,C-1625,1
TA-15797,C-1625,1
TA-15798,C-1625,2
TA-15799,C-1625,1
TA-15800,C-1622,2
TA-15801,C-1624,1
TA-15802,C-1622,2
TA-15810,C-1495,1
TA-15811,C-1117,1
TA-15812,C-1622,1
TA-15814,C-1621,1
TA-15815,C-1622,2
TA-15816,C-1622,2
TA-15817,C-1243,2
TA-15818,C-1622,2
TA-15819,C-1622,2
TA-15820,C-1622,2
TA-15821,C-1622,2
TA-15822,C-1622,2
TA-15823,C-1624,2
TA-15824,C-1622,2
TA-15825,C-1622,2
TA-15826,C-1622,2
TA-15827,C-1624,2
TA-15828,C-1622,2
TA-15829,C-1622,1
TA-15830,C-1622,1
TA-15831,C-1622,2
TA-15832,C-1622,2
TA-15833,C-1112,1
TA-15834,C-1112,1
TA-15835,C-1112,1
TA-15836,C-1112,1
TA-15837,C-1112,1
TA-15838,C-1623,2
TA-15839,C-1623,2
TA-15840,C-1625,2
TA-15841,C-1621,2
TA-15846,C-1143,1
TA-15847,C-2017,1
TA-15848,C-2017,1
TA-15849,C-0112,2
TA-15850,C-1795,1
TA-15851,C-1795,1
TA-15852,C-2009,2
TA-15853,C-1866,1
TA-15854,C-1626,1
TA-15855,C-1349,1
TA-15857,C-1621,1
TA-15858,C-1621,1
TA-15859,C-1638,2
TA-15860,C-1638,2
TA-15862,C-1624,1
TA-15863,C-1845,1
TA-15864,C-1845,1
TA-15865,C-1845,1
TA-15866,C-1845,1
TA-15867,C-1845,1
TA-15871,C-1621,1
TA-15872,C-1646,2
TA-15873,C-1646,2
TA-15874,C-0490,1
TA-15875,C-1632,2
TA-15876,C-1625,1
TA-15877,C-1623,2
TA-15878,C-1621,2
TA-15879,C-1965,2
TA-15881,C-0816,1
TA-15882,C-0171,1
TA-15883,C-0562,1
TA-15884,C-1622,2
TA-15885,C-1625,1
TA-15886,C-1622,2
TA-15887,C-1624,2
TA-15888,C-1624,2
TA-15889,C-1233,1
TA-15890,C-1622,2
TA-15891,C-1622,2
TA-15892,C-1622,2
TA-15893,C-1622,1
TA-15911,C-1622,1
TA-15912,C-1626,1
TA-15914,C-0133,1
TA-15915,C-0133,1
TA-15916,C-1622,2
TA-15917,C-1622,2
TA-15918,C-1620,1
TA-15921,C-1020,1
TA-15922,C-1845,1
TA-15923,C-1334,1
TA-15924,C-1326,1
TA-15925,C-1326,1
TA-15926,C-1326,1
TA-15927,C-1326,1
TA-15928,C-1334,1
TA-15929,C-1783,1
TA-15930,C-1783,1
TA-15931,C-2000,1
TA-15932,C-1747,1
TA-15933,C-1713,1
TA-15934,C-1641,1
TA-15935,C-1638,1
TA-15936,C-1641,1
TA-15937,C-2017,1
TA-15938,C-1587,1
TA-15939,C-0460,1
TA-15940,C-0460,1
TA-15941,C-1626,1
TA-15942,C-1626,1
TA-15943,C-1624,1
TA-15944,C-1639,2
TA-15945,C-1624,2
TA-15946,C-1624,2
TA-15947,C-1639,2
TA-15948,C-1639,2
TA-15949,C-1312,2
TA-15950,C-1312,2
TA-15951,C-1312,2
TA-15952,C-1312,2
TA-15953,C-1312,2
TA-15954,C-1622,2
TA-15955,C-1639,1
TA-15956,C-1207,1
TA-15957,C-0359,2
TA-15958,C-1312,2
TA-15959,C-1312,2
TA-15960,C-1312,2
TA-15961,C-1312,2
TA-15962,C-1312,2
TA-15963,C-1312,2
TA-15964,C-0359,2
TA-15965,C-1620,2
TA-15966,C-1622,2
TA-15967,C-1624,2
TA-15968,C-1624,2
TA-15969,C-1641,1
TA-15970,C-1312,2
TA-15971,C-1312,2
TA-15972,C-1312,2
TA-15973,C-1312,2
TA-15974,C-1312,2
TA-15975,C-1576,1
TA-15976,C-1624,1
TA-15977,C-0829,1
TA-15978,C-0829,1
TA-15979,C-1625,1
TA-15980,C-1625,1
TA-15981,C-1625,1
TA-15982,C-1747,1
TA-15983,C-1747,1
TA-15984,C-1209,1
TA-15985,C-1622,1
TA-15986,C-1622,2
TA-15987,C-1989,2
TA-15988,C-0840,1
TA-15989,C-0618,1
TA-15990,C-1621,2
TA-15991,C-1621,2
TA-15992,C-1622,2
TA-15993,C-1622,2
TA-15994,C-1622,2
TA-15995,C-1622,2
TA-15996,C-1622,2
TA-15997,C-1585,1
TA-15998,C-1585,1
TA-16001,C-1312,2
TA-16002,C-1312,2
TA-16003,C-1312,2
TA-16004,C-1312,2
TA-16005,C-1312,2
TA-16006,C-1312,2
TA-16007,C-1312,2
TA-16008,C-1312,2
TA-16009,C-1622,2
TA-16010,C-1622,1
TA-16011,C-1624,2
TA-16012,C-1624,1
TA-16013,C-1624,2
TA-16014,C-1624,2
TA-16015,C-1624,2
TA-16016,C-1624,2
TA-16017,C-1624,1
TA-16018,C-1630,2
TA-16019,C-1622,2
TA-16021,C-1623,1
TA-16023,C-1621,1
TA-16024,C-1624,2
TA-16025,C-1625,1
TA-16026,C-1625,1
TA-16027,C-1621,1
TA-16028,C-1621,1
TA-16029,C-1586,1
TA-16030,C-1838,1
TA-16031,C-0917,1
TA-16032,C-1097,1
TA-16035,C-1243,2
TA-16036,C-1845,1
TA-16037,C-1624,2
TA-16038,C-1624,2
TA-16039,C-1624,2
TA-16040,C-1624,2
TA-16041,C-1624,1
TA-16042,C-1624,1
TA-16043,C-1624,1
TA-16044,C-1641,1
TA-16045,C-1708,1
TA-16046,C-1621,2
TA-16047,C-1642,1
TA-16048,C-1624,2
TA-16049,C-1624,2
TA-16050,C-1625,2
TA-16053,C-1312,2
TA-16054,C-1621,2
TA-16055,C-1621,2
TA-16056,C-1621,2
TA-16057,C-1621,2
TA-16058,C-1621,1
TA-16059,C-1622,2
TA-16060,C-1625,2
TA-16061,C-1624,2
TA-16062,C-1622,2
TA-16063,C-1622,1
TA-16064,C-1243,2
TA-16065,C-1622,2
TA-16066,C-1621,1
TA-16067,C-1622,2
TA-16068,C-1624,2
TA-16069,C-1624,2
TA-16070,C-1622,2
TA-16071,C-1624,2
TA-16072,C-1086,1
TA-16073,C-1646,1
TA-16074,C-0153,1
TA-16075,C-1624,2
TA-16076,C-1623,2
TA-16077,C-1622,2
TA-16078,C-1622,2
TA-16079,C-1624,2
TA-16081,C-1624,1
TA-16082,C-1622,2
TA-16083,C-1621,2
TA-16084,C-1621,2
TA-16085,C-1621,2
TA-16086,C-1622,2
TA-16087,C-1621,1
TA-16088,C-1623,2
TA-16089,C-1624,2
TA-16090,C-1640,2
TA-16091,C-1641,2
TA-16092,C-1624,1
TA-16093,C-1624,1
TA-16094,C-1641,2
TA-16095,C-1641,2
TA-16096,C-1640,2
TA-16097,C-1625,2
TA-16098,C-1622,2
TA-16099,C-1622,2
TA-16100,C-1622,2
TA-16103,C-1630,2
TA-16104,C-1925,1
TA-16105,C-1925,1
TA-16107,C-1116,1
TA-16108,C-1114,1
TA-16109,C-1354,1
TA-16110,C-1621,1
TA-16111,C-1621,1
TA-16112,C-1621,2
TA-16113,C-1621,2
TA-16114,C-1622,1
TA-16115,C-1632,2
TA-16116,C-1626,1
TA-16117,C-1623,2
TA-16118,C-1623,2
TA-16119,C-1623,2
TA-16120,C-1623,2
TA-16121,C-1621,1
TA-16122,C-1621,2
TA-16123,C-1625,1
TA-16124,C-1621,2
TA-16125,C-1621,2
TA-16128,C-0448,2
TA-16129,C-1734,1
TA-16130,C-1625,2
TA-16131,C-1624,1
TA-16132,C-1624,1
TA-16133,C-1624,2
TA-16134,C-1624,2
TA-16135,C-1624,1
TA-16136,C-1624,1
TA-16137,C-1623,2
TA-16138,C-1623,2
TA-16139,C-0921,1
TA-16140,C-1624,1
TA-16141,C-1624,2
TA-16142,C-1998,1
TA-16143,C-1624,1
TA-16144,C-1633,1
TA-16145,C-1633,1
TA-16146,C-1625,1
TA-16147,C-1625,1
TA-16148,C-1625,1
TA-16149,C-1625,1
TA-16150,C-1625,1
TA-16151,C-1625,1
TA-16152,C-1625,1
TA-16153,C-1625,1
TA-16154,C-1625,1
TA-16155,C-1625,1
TA-16156,C-1625,1
TA-16157,C-1622,2
TA-16160,C-0370,1
TA-16161,C-1544,1
TA-16162,C-1622,2
TA-16163,C-1620,2
TA-16164,C-1620,2
TA-16165,C-1620,1
TA-16166,C-1637,2
TA-16167,C-1620,2
TA-16168,C-1620,2
TA-16169,C-1620,2
TA-16170,C-1620,2
TA-16171,C-1637,2
TA-16172,C-1620,1
TA-16173,C-1620,2
TA-16174,C-1620,1
TA-16175,C-1620,1
TA-16176,C-1620,1
TA-16177,C-1620,2
TA-16178,C-1620,1
TA-16179,C-1623,1
TA-16180,C-1640,1
TA-16181,C-1639,2
TA-16182,C-1622,1
TA-16183,C-1622,1
TA-16184,C-1625,1
TA-16185,C-1641,2
TA-16186,C-1640,2
TA-16187,C-1624,1
TA-16188,C-1623,1
TA-16189,C-1624,1
TA-16190,C-1624,1
TA-16191,C-1622,1
TA-16192,C-1639,2
TA-16193,C-1624,1
TA-16194,C-1641,2
TA-16195,C-1641,2
TA-16196,C-1624,1
TA-16197,C-1624,1
TA-16198,C-1622,1
TA-16199,C-1622,1
TA-16200,C-0568,1
TA-16201,C-1242,2
TA-16202,C-1625,2
TA-16204,C-1624,2
TA-16205,C-1624,2
TA-16206,C-1622,2
TA-16209,C-1776,1
TA-16210,C-1545,1
TA-16211,C-1622,2
TA-16212,C-1622,2
TA-16213,C-1624,1
TA-16214,C-1622,2
TA-16215,C-1622,1
TA-16216,C-1622,2
TA-16217,C-1622,2
TA-16218,C-1622,2
TA-16219,C-1622,2
TA-16220,C-1621,1
TA-16221,C-1622,1
TA-16222,C-1621,1
TA-16223,C-1622,1
TA-16224,C-1739,1
TA-16225,C-1638,1
TA-16226,C-1621,1
TA-16227,C-1621,1
TA-16228,C-1621,1
TA-16229,C-1622,2
TA-16230,C-1622,2
TA-16231,C-1622,2
TA-16232,C-1622,2
TA-16233,C-1622,2
TA-16234,C-1622,2
TA-16235,C-1624,1
TA-16236,C-1639,2
TA-16237,C-1625,1
TA-16238,C-1625,2
TA-16239,C-1625,2
TA-16240,C-1622,2
TA-16241,C-1623,1
TA-16242,C-1623,1
TA-16243,C-1622,1
TA-16244,C-1641,2
TA-16246,C-1621,2
TA-16247,C-1118,1
TA-16248,C-1739,1
TA-16249,C-1739,1
TA-16250,C-1624,2
TA-16251,C-1586,1
TA-16252,C-1586,1
TA-16253,C-1622,2
TA-16254,C-0448,2
TA-16255,C-0356,1
TA-16256,C-1625,2
TA-16257,C-1203,1
TA-16258,C-1623,1
TA-16259,C-1622,2
TA-16260,C-1622,2
TA-16261,C-1243,2
TA-16262,C-1243,2
TA-16263,C-1123,1
TA-16264,C-1127,1
TA-16265,C-1624,2
TA-16266,C-1624,2
TA-16267,C-1620,1
TA-16268,C-1621,2
TA-16269,C-1621,2
TA-16270,C-1621,2
TA-16271,C-1621,1
TA-16272,C-1621,2
TA-16273,C-1536,1
TA-16274,C-1622,2
TA-16276,C-1621,1
TA-16277,C-1621,1
TA-16278,C-0598,1
TA-16279,C-1126,1
TA-16280,C-1126,1
TA-16283,C-1621,1
TA-16284,C-1621,1
TA-16285,C-1621,1
TA-16286,C-1621,1
TA-16287,C-1621,1
TA-16288,C-1621,2
TA-16289,C-1623,1
TA-16290,C-1622,2
TA-16291,C-1845,2
TA-16292,C-1845,2
TA-16294,C-1643,1
TA-16295,C-1783,1
TA-16296,C-0827,1
TA-16299,C-1624,2
TA-16300,C-1623,1
TA-16301,C-2014,1
TA-16302,C-1623,2
TA-16303,C-1624,1
TA-16304,C-1640,2
TA-16305,C-1624,2
TA-16306,C-1624,1
TA-16307,C-1624,1
TA-16308,C-0821,1
TA-16309,C-0380,1
TA-16312,C-1621,1
TA-16313,C-1242,1
TA-16316,C-1130,1
TA-16317,C-1130,1
TA-16318,C-1109,1
TA-16319,C-1107,1
TA-16320,C-0775,1
TA-16321,C-0423,1
TA-16323,C-1965,2
TA-16326,C-0921,1
TA-16327,C-1081,1
TA-16329,C-1585,1
TA-16330,C-0356,1
TA-16331,C-1107,1
TA-16332,C-1109,1
TA-16333,C-1132,1
TA-16334,C-1642,2
TA-16335,C-1642,2
TA-16336,C-1642,2
TA-16337,C-1642,2
TA-16338,C-1624,2
TA-16339,C-1624,2
TA-16340,C-1208,1
TA-16341,C-1208,1
TA-16342,C-1208,1
TA-16343,C-1208,1
TA-16344,C-1624,1
TA-16345,C-0240,1
TA-16346,C-0182,1
TA-16347,C-0182,1
TA-16348,C-1943,1
TA-16349,C-1625,1
TA-16350,C-1638,2
TA-16351,C-1625,1
TA-16352,C-1587,1
TA-16353,C-1639,1
TA-16354,C-1638,1
TA-16355,C-1639,1
TA-16356,C-1621,1
TA-16357,C-1647,2
TA-16358,C-1623,1
TA-16359,C-1624,1
TA-16360,C-0378,1
TA-16361,C-1586,1
TA-16362,C-1621,2
TA-16363,C-1621,2
TA-16364,C-1624,2
TA-16365,C-1624,2
TA-16366,C-1621,2
TA-16367,C-1620,2
TA-16369,C-1621,2
TA-16371,C-1621,2
TA-16372,C-1621,2
TA-16373,C-1621,2
TA-16374,C-1621,2
TA-16375,C-1624,2
TA-16376,C-1624,2
TA-16377,C-1621,2
TA-16378,C-1621,2
TA-16379,C-1621,2
TA-16380,C-1621,2
TA-16381,C-1621,2
TA-16382,C-1621,2
TA-16383,C-1625,2
TA-16384,C-1625,2
TA-16385,C-1621,2
TA-16387,C-1845,1
TA-16388,C-1622,2
TA-16389,C-1622,2
TA-16390,C-1141,1
TA-16391,C-1141,1
TA-16392,C-1141,1
TA-16393,C-1141,1
TA-16394,C-1137,1
TA-16395,C-1535,1
TA-16396,C-1620,2
TA-16397,C-1620,2
TA-16398,C-1624,2
TA-16399,C-1624,2
TA-16400,C-1622,1
TA-16401,C-1626,1
TA-16402,C-1626,1
TA-16403,C-1626,1
TA-16404,C-1626,1
TA-16405,C-1626,1
TA-16406,C-1626,1
TA-16409,C-1623,2
TA-16410,C-1623,2
TA-16411,C-1866,1
TA-16412,C-1621,2
TA-16413,C-1623,2
TA-16414,C-1639,2
TA-16415,C-1640,1
TA-16416,C-1646,2
TA-16417,C-1638,2
TA-16418,C-1638,2
TA-16419,C-1621,2
TA-16420,C-1621,2
TA-16421,C-1621,2
TA-16422,C-1621,2
TA-16423,C-1624,2
TA-16425,C-1203,2
TA-16426,C-1203,1
TA-16427,C-1614,1
TA-16428,C-1614,1
TA-16429,C-1719,1
TA-16430,C-1638,1
TA-16431,C-1621,1
TA-16432,C-1639,1
TA-16433,C-1621,2
TA-16434,C-1622,2
TA-16435,C-1257,1
TA-16436,C-0164,1
TA-16437,C-1960,1
TA-16438,C-1623,1
TA-16439,C-1623,1
TA-16441,C-1139,1
TA-16442,C-1625,1
TA-16443,C-1521,1
TA-16447,C-1632,2
TA-16448,C-1642,1
TA-16449,C-1625,1
TA-16450,C-1642,2
TA-16451,C-1625,1
TA-16452,C-1642,2
TA-16453,C-1625,1
TA-16454,C-1642,2
TA-16455,C-1642,2
TA-16456,C-1643,2
TA-16457,C-1642,1
TA-16458,C-1642,1
TA-16459,C-1726,1
TA-16460,C-1649,2
TA-16461,C-1650,2
TA-16462,C-1624,2
TA-16463,C-1412,1
TA-16464,C-0275,1
TA-16465,C-1639,2
TA-16466,C-1629,2
TA-16467,C-1629,2
TA-16468,C-1639,2
TA-16469,C-1629,2
TA-16470,C-1639,2
TA-16471,C-1629,2
TA-16472,C-1639,2
TA-16473,C-1624,1
TA-16474,C-1629,2
TA-16475,C-1625,1
TA-16476,C-1625,1
TA-16477,C-1621,1
TA-16478,C-1621,1
TA-16479,C-1638,2
TA-16480,C-1638,2
TA-16481,C-1312,2
TA-16482,C-1312,2
TA-16483,C-1312,2
TA-16484,C-1312,2
TA-16485,C-1312,2
TA-16486,C-1312,2
TA-16487,C-1312,2
TA-16488,C-1641,2
TA-16489,C-1312,2
TA-16490,C-1312,2
TA-16491,C-1312,2
TA-16492,C-1312,2
TA-16493,C-1312,2
TA-16494,C-1312,2
TA-16495,C-1312,1
TA-16496,C-1312,1
TA-16497,C-1312,1
TA-16498,C-1312,1
TA-16499,C-1845,1
TA-16500,C-1845,1
TA-16501,C-1625,2
TA-16502,C-1625,2
TA-16503,C-1119,2
TA-16504,C-1937,3
TA-16505,C-1622,2
TA-16506,C-1622,2
TA-16507,C-1621,2
TA-16508,C-1624,2
TA-16509,C-1622,2
TA-16510,C-1622,2
TA-16511,C-1624,2
TA-16512,C-1622,1
TA-16513,C-1622,1
TA-16514,C-1646,1
TA-16515,C-1646,1
TA-16516,C-1845,1
TA-16517,C-1845,1
TA-16518,C-1845,1
TA-16519,C-1845,1
TA-16520,C-1845,1
TA-16521,C-1845,1
TA-16522,C-1623,1
TA-16523,C-1707,1
TA-16524,C-1505,1
TA-16525,C-1340,1
TA-16526,C-1623,1
TA-16527,C-1512,1
TA-16528,C-1243,1
TA-16529,C-1243,1
TA-16530,C-1243,1
TA-16531,C-1614,1
TA-16532,C-0366,1
TA-16534,C-0064,1
TA-16535,C-1625,2
TA-16536,C-1620,2
TA-16537,C-1621,2
TA-16538,C-1626,1
TA-16539,C-1793,1
TA-16540,C-1624,1
TA-16541,C-1411,1
TA-16543,C-1495,2
TA-16544,C-1495,2
TA-16545,C-1103,1
TA-16546,C-1621,2
TA-16547,C-1621,2
TA-16548,C-1624,2
TA-16549,C-1586,1
TA-16550,C-1622,1
TA-16551,C-1622,1
TA-16552,C-1312,2
TA-16553,C-1312,2
TA-16554,C-1312,2
TA-16555,C-1312,2
TA-16556,C-1621,2
TA-16557,C-1467,1
TA-16558,C-1467,1
TA-16559,C-1622,1
TA-16560,C-1622,1
TA-16561,C-1622,2
TA-16562,C-1622,1
TA-16563,C-1622,2
TA-16564,C-1622,1
TA-16565,C-1622,1
TA-16566,C-1624,1
TA-16567,C-1624,1
TA-16568,C-1624,1
TA-16569,C-1624,1
TA-16570,C-1624,1
TA-16571,C-1624,1
TA-16572,C-1624,1
TA-16573,C-1641,2
TA-16574,C-1639,2
TA-16575,C-1622,1
TA-16576,C-1622,1
TA-16577,C-1626,1
TA-16578,C-1640,1
TA-16579,C-1623,1
TA-16580,C-1624,1
TA-16581,C-1625,1
TA-16584,C-1845,1
TA-16585,C-1115,1
TA-16586,C-1115,1
TA-16587,C-0287,1
TA-16588,C-1963,1
TA-16589,C-1963,1
TA-16590,C-1149,1
TA-16592,C-1621,2
TA-16593,C-1621,1
TA-16595,C-0074,2
TA-16596,C-0074,2
TA-16597,C-0007,2
TA-16598,C-1817,1
TA-16599,C-0448,2
TA-16600,C-1621,2
TA-16601,C-1621,2
TA-16602,C-1622,1
TA-16603,C-1622,1
TA-16604,C-1622,1
TA-16605,C-1624,1
TA-16606,C-1747,1
TA-16607,C-1625,1
TA-16608,C-1625,1
TA-16609,C-1625,1
TA-16610,C-1625,1
TA-16611,C-1622,2
TA-16612,C-1620,2
TA-16613,C-1620,2
TA-16614,C-1637,2
TA-16615,C-1637,2
TA-16616,C-1620,2
TA-16617,C-1620,2
TA-16618,C-1637,2
TA-16619,C-1620,1
TA-16620,C-1620,2
TA-16621,C-1622,1
TA-16622,C-1638,2
TA-16623,C-1622,1
TA-16624,C-1624,1
TA-16628,C-1621,2
TA-16629,C-1625,2
TA-16630,C-1622,1
TA-16631,C-1622,1
TA-16632,C-1621,2
TA-16633,C-1621,2
TA-16636,C-1625,2
TA-16637,C-1624,2
TA-16638,C-1622,2
TA-16639,C-1621,2
TA-16640,C-1621,2
TA-16641,C-1621,2
TA-16642,C-1621,2
TA-16643,C-1622,2
TA-16644,C-1621,2
TA-16645,C-1621,2
TA-16646,C-1621,2
TA-16647,C-1621,2
TA-16648,C-0133,1
TA-16649,C-0133,1
TA-16650,C-0133,1
TA-16651,C-0133,1
TA-16656,C-1153,1
TA-16663,C-0727,1
TA-16665,C-1625,2
TA-16668,C-0884,1
TA-16669,C-0889,1
TA-16670,C-0402,1
TA-16671,C-1622,1
TA-16672,C-1493,2
TA-16673,C-1493,1
TA-16674,C-1621,2
TA-16675,C-1621,2
TA-16676,C-1493,1
TA-16677,C-1994,1
TA-16678,C-1622,1
TA-16679,C-1622,1
TA-16680,C-1624,2
TA-16681,C-1624,2
TA-16682,C-0448,1
TA-16683,C-1411,2
TA-16684,C-1631,1
TA-16685,C-1631,1
TA-16686,C-1614,1
TA-16687,C-1095,1
TA-16688,C-0275,1
TA-16689,C-1614,1
TA-16690,C-1312,2
TA-16691,C-1312,2
TA-16692,C-1623,1
TA-16693,C-1623,1
TA-16694,C-1623,2
TA-16695,C-1623,1
TA-16696,C-1624,2
TA-16697,C-1624,2
TA-16698,C-1623,2
TA-16699,C-1623,2
TA-16700,C-1623,1
TA-16701,C-1623,1
TA-16702,C-1625,1
TA-16703,C-1624,1
TA-16704,C-1624,1
TA-16705,C-1312,2
TA-16706,C-1312,2
TA-16707,C-1838,1
TA-16708,C-1624,2
TA-16709,C-1624,2
TA-16710,C-1621,2
TA-16711,C-1621,2
TA-16712,C-1142,1
TA-16713,C-1097,1
TA-16714,C-1845,1
TA-16715,C-1625,1
TA-16716,C-1624,2
TA-16722,C-1845,1
TA-16723,C-1622,2
TA-16724,C-1154,1
TA-16725,C-1155,1
TA-16726,C-1156,1
TA-16727,C-1621,2
TA-16728,C-1621,2
TA-16729,C-1157,1
TA-16730,C-1157,1
TA-16731,C-1621,2
TA-16732,C-1621,2
TA-16733,C-1623,2
TA-16734,C-1621,2
TA-16735,C-1622,1
TA-16736,C-1622,1
TA-16737,C-1622,1
TA-16738,C-1638,2
TA-16739,C-1625,2
TA-16740,C-1638,2
TA-16741,C-1638,2
TA-16742,C-1404,1
TA-16743,C-1404,1
TA-16744,C-1621,2
TA-16745,C-1622,2
TA-16746,C-1640,1
TA-16747,C-1640,1
TA-16748,C-1621,1
TA-16749,C-1620,1
TA-16750,C-1620,2
TA-16751,C-1620,2
TA-16752,C-1620,1
TA-16753,C-1637,2
TA-16754,C-1639,2
TA-16755,C-1623,1
TA-16756,C-1623,1
TA-16757,C-1621,1
TA-16758,C-1621,1
TA-16759,C-1621,1
TA-16760,C-1630,2
TA-16761,C-1630,1
TA-16762,C-1848,2
TA-16764,C-1624,2
TA-16765,C-1623,2
TA-16766,C-1772,1
TA-16767,C-1686,1
TA-16768,C-1644,1
TA-16769,C-1644,1
TA-16770,C-1642,1
TA-16772,C-1159,1
TA-16773,C-1160,1
TA-16774,C-1620,1
TA-16775,C-1620,1
TA-16776,C-1412,1
TA-16778,C-1622,2
TA-16779,C-1622,2
TA-16780,C-1163,1
TA-16781,C-1162,1
TA-16782,C-1243,2
TA-16783,C-1623,1
TA-16784,C-1641,1
TA-16785,C-1998,1
TA-16787,C-1894,1
TA-16788,C-1894,1
TA-16789,C-1158,1
TA-16790,C-1625,1
TA-16791,C-1625,1
TA-16793,C-1622,1
TA-16794,C-1037,2
TA-16795,C-1037,2
TA-16796,C-1243,1
TA-16797,C-1243,1
TA-16798,C-1713,1
TA-16799,C-1622,1
TA-16800,C-1909,1
TA-16801,C-1909,1
TA-16802,C-1622,2
TA-16806,C-1641,2
TA-16807,C-1624,1
TA-16808,C-1624,2
TA-16809,C-1708,1
TA-16810,C-1639,1
TA-16811,C-1639,1
TA-16812,C-1152,2
TA-16813,C-1622,2
TA-16815,C-0448,1
TA-16816,C-1619,1
TA-16817,C-1619,1
TA-16818,C-1619,1
TA-16819,C-1619,1
TA-16820,C-1619,1
TA-16823,C-1116,1
TA-16824,C-1312,2
TA-16825,C-1312,2
TA-16826,C-1312,2
TA-16827,C-1312,2
TA-16828,C-1312,2
TA-16829,C-1312,2
TA-16830,C-1312,2
TA-16831,C-1312,2
TA-16832,C-1312,2
TA-16833,C-1312,2
TA-16834,C-1312,2
TA-16835,C-1312,2
TA-16836,C-1312,2
TA-16837,C-1312,2
TA-16838,C-1312,2
TA-16839,C-1312,2
TA-16840,C-1312,2
TA-16841,C-1312,2
TA-16842,C-1312,2
TA-16843,C-1312,2
TA-16844,C-1312,2
TA-16845,C-1312,2
TA-16846,C-1312,2
TA-16847,C-1312,2
TA-16848,C-1312,2
TA-16849,C-1312,2
TA-16850,C-1585,1
TA-16851,C-1649,2
TA-16852,C-1642,2
TA-16853,C-1625,1
TA-16854,C-1624,2
TA-16855,C-1624,2
TA-16856,C-1620,1
TA-16857,C-1620,1
TA-16858,C-1624,1
TA-16859,C-1624,1
TA-16860,C-1314,1
TA-16861,C-0385,1
TA-16862,C-1624,2
TA-16863,C-1624,2
TA-16864,C-1624,2
TA-16865,C-1624,2
TA-16866,C-1113,1
TA-16867,C-1621,2
TA-16868,C-1779,1
TA-16869,C-1768,2
TA-16870,C-1768,2
TA-16871,C-1621,1
TA-16872,C-1621,2
TA-16873,C-1781,2
TA-16874,C-1792,2
TA-16875,C-1781,2
TA-16876,C-1781,2
TA-16877,C-1621,1
TA-16878,C-1545,1
TA-16879,C-1545,1
TA-16880,C-1624,2
TA-16881,C-1843,1
TA-16882,C-1621,2
TA-16883,C-1621,2
TA-16884,C-1843,1
TA-16885,C-1843,1
TA-16886,C-1866,1
TA-16887,C-1626,1
TA-16888,C-1625,2
TA-16889,C-1171,1
TA-16890,C-1629,2
TA-16891,C-1629,2
TA-16893,C-0074,2
TA-16894,C-1781,2
TA-16896,C-1624,1
TA-16897,C-1624,1
TA-16898,C-1624,1
TA-16899,C-1622,2
TA-16900,C-1625,1
TA-16901,C-1625,1
TA-16902,C-1894,1
TA-16903,C-1894,1
TA-16904,C-0829,1
TA-16905,C-1621,1
TA-16906,C-1624,2
TA-16907,C-1624,1
TA-16908,C-1624,1
TA-16909,C-1641,2
TA-16910,C-1624,2
TA-16911,C-1641,2
TA-16912,C-1624,1
TA-16913,C-1430,1
TA-16914,C-1624,2
TA-16915,C-1622,2
TA-16916,C-1622,1
TA-16917,C-1622,2
TA-16918,C-1622,1
TA-16919,C-1620,2
TA-16920,C-1620,2
TA-16921,C-1620,1
TA-16922,C-1620,1
TA-16923,C-1620,2
TA-16924,C-1620,2
TA-16925,C-1620,2
TA-16926,C-1620,2
TA-16927,C-1620,2
TA-16928,C-1620,2
TA-16929,C-1620,2
TA-16930,C-1620,2
TA-16931,C-1637,2
TA-16932,C-1637,2
TA-16933,C-1620,2
TA-16934,C-1620,2
TA-16935,C-1620,1
TA-16936,C-1620,2
TA-16937,C-1620,1
TA-16938,C-1620,1
TA-16939,C-1620,2
TA-16940,C-1620,1
TA-16941,C-1620,2
TA-16942,C-1620,2
TA-16943,C-1620,1
TA-16944,C-1620,2
TA-16945,C-1620,2
TA-16946,C-1622,2
TA-16947,C-1620,2
TA-16948,C-1620,2
TA-16949,C-1620,2
TA-16950,C-1620,2
TA-16951,C-1620,1
TA-16952,C-1620,1
TA-16953,C-1620,2
TA-16954,C-1620,2
TA-16955,C-1622,2
TA-16956,C-1620,2
TA-16957,C-1620,2
TA-16958,C-1620,1
TA-16959,C-1620,1
TA-16960,C-1642,2
TA-16961,C-1620,1
TA-16962,C-1620,2
TA-16963,C-1620,2
TA-16964,C-1620,2
TA-16965,C-1620,2
TA-16966,C-1620,2
TA-16967,C-1620,2
TA-16968,C-1620,1
TA-16969,C-1637,2
TA-16970,C-1620,2
TA-16971,C-1620,2
TA-16972,C-1620,2
TA-16973,C-1620,1
TA-16974,C-1637,2
TA-16975,C-1620,2
TA-16976,C-1620,1
TA-16977,C-1622,1
TA-16978,C-1622,1
TA-16979,C-0244,1
TA-16980,C-0244,1
TA-16982,C-1586,1
TA-16985,C-1624,1
TA-16986,C-1622,2
TA-16988,C-1432,1
TA-16989,C-0331,1
TA-16990,C-1622,1
TA-16991,C-1622,1
TA-16992,C-1639,2
TA-16993,C-1623,2
TA-16994,C-1623,2
TA-16995,C-1624,2
TA-16996,C-1625,2
TA-16997,C-1624,2
TA-16998,C-1624,2
TA-16999,C-1622,2
TA-17000,C-1622,1
TA-17001,C-1620,2
TA-17002,C-1620,2
TA-17003,C-1620,1
TA-17004,C-1620,1
TA-17005,C-1620,1
TA-17006,C-1620,1
TA-17007,C-1620,1
TA-17008,C-1639,2
TA-17009,C-1622,2
TA-17010,C-1624,1
TA-17011,C-1622,1
TA-17012,C-1639,2
TA-17013,C-1622,1
TA-17014,C-1622,1
TA-17015,C-1620,2
TA-17016,C-1620,1
TA-17017,C-1622,1
TA-17018,C-1637,2
TA-17019,C-1620,2
TA-17020,C-1620,2
TA-17021,C-1620,1
TA-17022,C-1620,2
TA-17023,C-1620,2
TA-17024,C-1620,2
TA-17025,C-1620,2
TA-17026,C-1620,1
TA-17027,C-1620,1
TA-17028,C-1620,1
TA-17029,C-1637,2
TA-17030,C-1622,2
TA-17031,C-1622,2
TA-17032,C-1622,2
TA-17033,C-1621,2
TA-17035,C-1647,2
TA-17036,C-1640,1
TA-17037,C-1641,2
TA-17038,C-0101,2
TA-17039,C-0101,2
TA-17040,C-1621,1
TA-17041,C-1621,1
TA-17042,C-0640,1
TA-17043,C-1621,2
TA-17044,C-1641,2
TA-17045,C-1622,1
TA-17046,C-1621,1
TA-17047,C-1622,1
TA-17048,C-1587,1
TA-17049,C-1622,1
TA-17050,C-1622,1
TA-17051,C-1449,1
TA-17052,C-1432,1
TA-17053,C-1645,1
TA-17054,C-1625,1
TA-17055,C-1625,2
TA-17057,C-1625,2
TA-17058,C-1964,5
TA-17059,C-1641,1
TA-17060,C-1641,1
TA-17062,C-1121,1
TA-17063,C-1121,1
TA-17064,C-1175,1
TA-17065,C-1646,1
TA-17066,C-1646,1
TA-17067,C-1625,2
TA-17068,C-1622,2
TA-17069,C-1622,2
TA-17070,C-1624,1
TA-17074,C-1848,1
TA-17075,C-1176,1
TA-17076,C-1177,1
TA-17077,C-0707,1
TA-17079,C-1178,1
TA-17080,C-1621,2
TA-17081,C-1621,1
TA-17082,C-1622,2
TA-17083,C-1622,2
TA-17084,C-1621,1
TA-17085,C-1621,2
TA-17086,C-0938,1
TA-17087,C-0939,1
TA-17088,C-0938,1
TA-17089,C-0945,1
TA-17090,C-0939,1
TA-17091,C-0938,1
TA-17092,C-0415,2
TA-17093,C-0415,2
TA-17094,C-0101,1
TA-17095,C-0101,1
TA-17096,C-0414,1
TA-17097,C-0414,1
TA-17098,C-0101,1
TA-17099,C-0101,1
TA-17100,C-1845,1
TA-17101,C-1625,1
TA-17102,C-1624,1
TA-17103,C-1623,2
TA-17104,C-1623,2
TA-17105,C-1624,1
TA-17106,C-1625,2
TA-17107,C-1152,2
TA-17108,C-1777,2
TA-17109,C-1622,2
TA-17110,C-1622,2
TA-17111,C-0457,1
TA-17112,C-0457,1
TA-17113,C-1650,1
TA-17114,C-1650,1
TA-17115,C-1621,2
TA-17116,C-1625,1
TA-17117,C-1624,2
TA-17118,C-1624,2
TA-17119,C-0837,1
TA-17120,C-1621,1
TA-17121,C-1708,1
TA-17122,C-1708,1
TA-17123,C-1708,1
TA-17125,C-1997,1
TA-17126,C-1622,1
TA-17127,C-1622,1
TA-17128,C-1622,1
TA-17129,C-1585,1
TA-17130,C-1585,1
TA-17131,C-1585,1
TA-17132,C-1624,2
TA-17133,C-1622,2
TA-17134,C-1103,1
TA-17135,C-1640,1
TA-17136,C-1625,1
TA-17137,C-1625,1
TA-17139,C-1641,2
TA-17140,C-1312,2
TA-17141,C-1625,1
TA-17142,C-1625,1
TA-17143,C-1646,1
TA-17144,C-1646,1
TA-17145,C-1625,1
TA-17146,C-1625,1
TA-17147,C-1646,1
TA-17148,C-1646,1
TA-17150,C-0409,1
TA-17153,C-1620,2
TA-17154,C-1622,2
TA-17155,C-1242,2
TA-17156,C-1624,2
TA-17157,C-0925,2
TA-17158,C-1625,1
TA-17159,C-1625,1
TA-17160,C-0520,1
TA-17161,C-1495,1
TA-17162,C-1624,1
TA-17163,C-1622,1
TA-17166,C-1132,1
TA-17167,C-1158,1
TA-17168,C-1622,2
TA-17169,C-1623,2
TA-17170,C-1625,2
TA-17171,C-1625,1
TA-17172,C-1624,1
TA-17173,C-1624,1
TA-17174,C-1621,2
TA-17175,C-1621,2
TA-17176,C-1189,1
TA-17177,C-0403,1
TA-17178,C-1181,1
TA-17181,C-1624,1
TA-17182,C-1623,1
TA-17183,C-1621,1
TA-17184,C-1621,2
TA-17185,C-1642,1
TA-17186,C-1625,2
TA-17187,C-1642,1
TA-17188,C-1624,1
TA-17189,C-1625,1
TA-17190,C-1625,1
TA-17192,C-0471,1
TA-17193,C-1625,1
TA-17194,C-1536,1
TA-17195,C-1536,1
TA-17196,C-1623,2
TA-17197,C-1624,1
TA-17198,C-1624,1
TA-17199,C-1625,1
TA-17200,C-1420,2
TA-17201,C-1768,1
TA-17202,C-1768,1
TA-17203,C-1621,2
TA-17204,C-1623,1
TA-17205,C-1623,1
TA-17206,C-1623,1
TA-17207,C-1623,1
TA-17208,C-1623,1
TA-17209,C-1623,1
TA-17210,C-1623,1
TA-17211,C-1623,1
TA-17212,C-1937,3
TA-17213,C-1168,1
TA-17214,C-1121,2
TA-17215,C-1937,3
TA-17222,C-1621,2
TA-17223,C-1236,1
TA-17224,C-1620,1
TA-17225,C-1621,1
TA-17227,C-1640,1
TA-17228,C-1623,1
TA-17229,C-1622,2
TA-17230,C-1625,1
TA-17231,C-1312,2
TA-17232,C-1649,2
TA-17233,C-1625,1
TA-17234,C-1621,1
TA-17235,C-1420,2
TA-17236,C-1623,2
TA-17237,C-1713,1
TA-17238,C-1642,1
TA-17239,C-1624,1
TA-17240,C-1624,1
TA-17241,C-1622,2
TA-17242,C-1642,1
TA-17243,C-1621,1
TA-17244,C-1623,2
TA-17245,C-1623,2
TA-17246,C-1622,2
TA-17247,C-1622,2
TA-17248,C-1622,2
TA-17249,C-1243,2
TA-17250,C-1625,2
TA-17251,C-1625,2
TA-17253,C-1620,2
TA-17254,C-1620,2
TA-17255,C-1625,2
TA-17256,C-1624,1
TA-17257,C-1624,1
TA-17258,C-1624,1
TA-17259,C-1624,1
TA-17260,C-1845,1
TA-17261,C-1845,1
TA-17262,C-0333,1
TA-17263,C-1183,2
TA-17264,C-1623,1
TA-17265,C-1623,1
TA-17266,C-0333,2
TA-17267,C-0122,2
TA-17268,C-0122,1
TA-17269,C-0334,1
TA-17270,C-0333,1
TA-17271,C-1621,1
TA-17272,C-1621,1
TA-17273,C-1638,2
TA-17274,C-1433,1
TA-17275,C-1433,1
TA-17276,C-0333,1
TA-17277,C-0333,1
TA-17278,C-0333,1
TA-17279,C-0333,1
TA-17280,C-1623,1
TA-17281,C-1623,1
TA-17282,C-1623,1
TA-17283,C-1623,1
TA-17284,C-1623,1
TA-17285,C-1640,1
TA-17286,C-1623,1
TA-17287,C-1623,1
TA-17288,C-1640,1
TA-17289,C-1640,1
TA-17290,C-1623,1
TA-17291,C-1623,1
TA-17293,C-1643,1
TA-17294,C-1626,1
TA-17295,C-1626,1
TA-17296,C-1626,1
TA-17297,C-1643,1
TA-17298,C-0122,1
TA-17299,C-0122,1
TA-17300,C-0122,1
TA-17301,C-0122,1
TA-17302,C-1203,1
TA-17303,C-0019,1
TA-17304,C-1845,2
TA-17305,C-1845,2
TA-17306,C-1745,3
TA-17307,C-1745,3
TA-17308,C-1535,1
TA-17309,C-1626,1
TA-17310,C-1708,1
TA-17311,C-1184,1
TA-17312,C-1184,2
TA-17313,C-1845,2
TA-17314,C-1625,2
TA-17315,C-1623,1
TA-17316,C-1623,1
TA-17317,C-1623,1
TA-17318,C-1623,1
TA-17319,C-1845,1
TA-17320,C-1624,2
TA-17321,C-1622,1
TA-17322,C-1624,1
TA-17323,C-1189,1
TA-17324,C-1845,2
TA-17325,C-1097,1
TA-17327,C-1622,1
TA-17328,C-1621,1
TA-17329,C-1622,1
TA-17330,C-1622,2
TA-17331,C-1622,1
TA-17332,C-1641,2
TA-17333,C-1622,2
TA-17334,C-1622,2
TA-17335,C-1622,2
TA-17336,C-1622,2
TA-17337,C-1622,2
TA-17338,C-1622,2
TA-17339,C-1622,2
TA-17340,C-1621,1
TA-17342,C-0423,1
TA-17343,C-0423,1
TA-17344,C-1845,1
TA-17345,C-1622,1
TA-17346,C-1845,1
TA-17349,C-1622,1
TA-17350,C-1625,2
TA-17351,C-0009,1
TA-17352,C-0009,1
TA-17353,C-1622,2
TA-17355,C-1638,2
TA-17356,C-1624,1
TA-17357,C-1621,2
TA-17359,C-1587,1
TA-17360,C-1587,1
TA-17361,C-1647,2
TA-17362,C-1641,2
TA-17363,C-1640,1
TA-17364,C-1622,2
TA-17365,C-1142,1
TA-17366,C-1624,2
TA-17367,C-1188,1
TA-17368,C-1620,2
TA-17369,C-1624,2
TA-17370,C-1646,1
TA-17371,C-1646,1
TA-17372,C-0710,1
TA-17375,C-0829,1
TA-17378,C-1243,2
TA-17381,C-1981,1
TA-17382,C-1243,1
TA-17384,C-1622,2
TA-17385,C-1622,2
TA-17386,C-1625,1
TA-17387,C-1624,2
TA-17388,C-1624,2
TA-17389,C-1621,1
TA-17391,C-1623,1
TA-17392,C-1845,1
TA-17393,C-1625,2
TA-17394,C-0004,1
TA-17395,C-1622,2
TA-17396,C-1187,1
TA-17397,C-1625,1
TA-17398,C-1625,1
TA-17399,C-1625,1
TA-17400,C-1624,1
TA-17401,C-1624,1
TA-17403,C-1776,1
TA-17404,C-1190,2
TA-17406,C-1624,2
TA-17407,C-1622,2
TA-17408,C-1623,1
TA-17409,C-1624,2
TA-17410,C-1624,2
TA-17411,C-1642,1
TA-17412,C-1625,1
TA-17413,C-1845,1
TA-17414,C-1845,1
TA-17415,C-1132,1
TA-17416,C-1160,1
TA-17417,C-1624,2
TA-17418,C-1845,1
TA-17419,C-1845,1
TA-17420,C-1624,2
TA-17421,C-1624,2
TA-17422,C-1191,1
TA-17427,C-0242,1
TA-17428,C-0295,1
TA-17430,C-1103,1
TA-17431,C-1649,1
TA-17432,C-1903,2
TA-17433,C-1903,1
TA-17434,C-1903,1
TA-17435,C-1903,1
TA-17436,C-1903,1
TA-17437,C-1649,1
TA-17438,C-1649,1
TA-17440,C-0830,1
TA-17445,C-0448,2
TA-17446,C-0988,1
TA-17447,C-0988,1
TA-17448,C-1243,1
TA-17449,C-1243,1
TA-17450,C-0448,2
TA-17451,C-0449,1
TA-17452,C-0823,2
TA-17453,C-1312,2
TA-17454,C-1229,2
TA-17455,C-1229,2
TA-17456,C-1312,2
TA-17457,C-1312,2
TA-17458,C-0823,1
TA-17459,C-1243,2
TA-17460,C-1243,2
TA-17461,C-1243,2
TA-17462,C-1243,2
TA-17463,C-1243,2
TA-17464,C-1243,2
TA-17465,C-1243,2
TA-17466,C-1312,2
TA-17467,C-1312,2
TA-17468,C-1312,2
TA-17469,C-1312,1
TA-17470,C-0448,1
TA-17471,C-2043,1
TA-17472,C-1246,1
TA-17473,C-1313,1
TA-17474,C-1312,1
TA-17475,C-1312,1
TA-17476,C-1312,1
TA-17477,C-1312,2
TA-17478,C-1243,2
TA-17479,C-1243,2
TA-17481,C-0448,1
TA-17482,C-1845,1
TA-17483,C-0007,1
TA-17484,C-1724,1
TA-17485,C-0448,1
TA-17486,C-1229,2
TA-17487,C-1312,1
TA-17488,C-1205,2
TA-17489,C-1435,2
TA-17490,C-1435,2
TA-17491,C-1435,2
TA-17492,C-1435,2
TA-17493,C-1435,2
TA-17494,C-1435,2
TA-17495,C-1435,2
TA-17496,C-0448,2
TA-17497,C-0448,2
TA-17498,C-0448,2
TA-17499,C-0448,2
TA-17500,C-1243,2
TA-17501,C-1312,2
TA-17502,C-1845,2
TA-17503,C-1845,2
TA-17504,C-1845,2
TA-17505,C-1845,2
TA-17506,C-1845,2
TA-17507,C-1229,2
TA-17508,C-1229,2
TA-17509,C-0002,2
TA-17510,C-1229,2
TA-17511,C-0823,2
TA-17512,C-1312,2
TA-17513,C-1312,2
TA-17514,C-1312,2
TA-17515,C-1312,2
TA-17516,C-1312,2
TA-17517,C-1312,2
TA-17518,C-1312,2
TA-17519,C-1312,2
TA-17520,C-1312,2
TA-17521,C-1312,2
TA-17522,C-1848,2
TA-17523,C-0448,2
TA-17524,C-0448,2
TA-17525,C-1243,2
TA-17526,C-0448,2
TA-17527,C-0448,2
TA-17528,C-1420,1
TA-17529,C-0448,1
TA-17530,C-0823,2
TA-17531,C-1243,2
TA-17532,C-1845,2
TA-17533,C-0448,2
TA-17534,C-1243,2
TA-17535,C-0002,2
TA-17536,C-1848,1
TA-17537,C-1252,1
TA-17538,C-1243,2
TA-17539,C-1243,2
TA-17540,C-1243,2
TA-17541,C-1845,2
TA-17542,C-1243,2
TA-17543,C-1845,2
TA-17544,C-0448,2
TA-17545,C-0448,2
TA-17546,C-0002,2
TA-17547,C-0823,2
TA-17548,C-1312,2
TA-17549,C-1312,2
TA-17550,C-1312,2
TA-17551,C-1312,2
TA-17552,C-1312,2
TA-17553,C-1229,2
TA-17554,C-1312,2
TA-17555,C-0444,1
TA-17556,C-1243,2
TA-17557,C-1243,2
TA-17558,C-1243,2
TA-17559,C-1243,2
TA-17560,C-1243,2
TA-17561,C-1243,2
TA-17562,C-1312,2
TA-17563,C-0823,2
TA-17564,C-1312,2
TA-17565,C-1312,2
TA-17566,C-0823,2
TA-17567,C-0444,2
TA-17568,C-1848,2
TA-17569,C-1312,2
TA-17570,C-1229,1
TA-17571,C-1312,2
TA-17572,C-1312,2
TA-17573,C-1243,2
TA-17574,C-1243,2
TA-17575,C-0002,2
TA-17576,C-1312,2
TA-17577,C-0448,2
TA-17578,C-0448,2
TA-17579,C-0448,2
TA-17581,C-1481,2
TA-17582,C-1547,1
TA-17583,C-1243,2
TA-17584,C-0454,1
TA-17585,C-0448,2
TA-17586,C-0448,2
TA-17587,C-0448,2
TA-17588,C-0448,2
TA-17589,C-0448,2
TA-17590,C-0448,2
TA-17591,C-0448,2
TA-17592,C-0448,2
TA-17593,C-0448,2
TA-17594,C-1845,2
TA-17595,C-1845,1
TA-17596,C-1640,2
TA-17597,C-1623,2
TA-17598,C-1624,2
TA-17599,C-1624,2
TA-17600,C-1622,2
TA-17601,C-1622,2
TA-17602,C-1622,2
TA-17603,C-1623,2
TA-17604,C-1623,1
TA-17605,C-1624,1
TA-17606,C-1624,1
TA-17607,C-1624,1
TA-17608,C-1623,2
TA-17609,C-1623,2
TA-17610,C-1640,2
TA-17611,C-0826,1
TA-17612,C-0826,1
TA-17613,C-1845,1
TA-17614,C-1243,1
TA-17615,C-1624,1
TA-17616,C-1624,1
TA-17617,C-1344,1
TA-17618,C-1344,1
TA-17619,C-1896,1
TA-17620,C-1641,1
TA-17621,C-1620,2
TA-17622,C-1433,1
TA-17623,C-1192,1
TA-17624,C-1193,1
TA-17625,C-1621,1
TA-17626,C-1621,2
TA-17627,C-1621,2
TA-17628,C-0461,1
TA-17629,C-1625,1
TA-17630,C-1620,1
TA-17631,C-1620,2
TA-17632,C-1620,2
TA-17633,C-1536,1
TA-17635,C-0817,1
TA-17636,C-0007,1
TA-17637,C-1257,1
TA-17639,C-1720,1
TA-17641,C-1243,1
TA-17642,C-1243,1
TA-17643,C-1243,1
TA-17644,C-1243,1
TA-17645,C-1243,1
TA-17646,C-1243,1
TA-17647,C-1641,2
TA-17648,C-1641,2
TA-17649,C-1098,1
TA-17650,C-1625,1
TA-17651,C-1625,1
TA-17652,C-1625,1
TA-17655,C-1475,2
TA-17656,C-1469,1
TA-17657,C-1468,1
TA-17658,C-1624,2
TA-17659,C-1624,1
TA-17660,C-1624,2
TA-17661,C-1624,1
TA-17662,C-1623,1
TA-17663,C-1624,1
TA-17664,C-1624,2
TA-17665,C-1624,2
TA-17666,C-1623,2
TA-17667,C-1624,2
TA-17668,C-1623,2
TA-17669,C-1623,2
TA-17671,C-1680,1
TA-17672,C-1889,2
TA-17673,C-1889,1
TA-17674,C-1889,1
TA-17675,C-0318,2
TA-17676,C-1903,2
TA-17677,C-1903,2
TA-17678,C-1889,2
TA-17679,C-1889,2
TA-17680,C-1889,2
TA-17681,C-1889,2
TA-17682,C-1646,2
TA-17683,C-1624,1
TA-17687,C-1622,2
TA-17691,C-1243,1
TA-17692,C-1243,1
TA-17693,C-1243,1
TA-17694,C-1243,1
TA-17695,C-1243,1
TA-17696,C-1243,1
TA-17697,C-1243,1
TA-17698,C-1848,2
TA-17702,C-1621,2
TA-17703,C-1621,2
TA-17704,C-1621,2
TA-17705,C-1621,2
TA-17706,C-1621,2
TA-17707,C-1621,2
TA-17708,C-1641,1
TA-17709,C-1650,1
TA-17710,C-1625,2
TA-17711,C-1641,2
TA-17712,C-1650,2
TA-17716,C-1640,2
TA-17717,C-1640,1
TA-17718,C-1640,2
TA-17719,C-1640,2
TA-17720,C-1640,1
TA-17721,C-1640,2
TA-17722,C-1621,1
TA-17723,C-1099,1
TA-17725,C-1623,1
TA-17728,C-1960,1
TA-17729,C-1621,1
TA-17730,C-1621,1
TA-17731,C-1132,1
TA-17732,C-1132,1
TA-17733,C-1132,1
TA-17735,C-1623,1
TA-17736,C-1624,2
TA-17737,C-1499,1
TA-17738,C-1499,1
TA-17739,C-1499,1
TA-17740,C-1243,1
TA-17741,C-1243,1
TA-17742,C-1243,1
TA-17743,C-1243,1
TA-17744,C-1243,1
TA-17745,C-1148,2
TA-17746,C-1713,1
TA-17747,C-2017,1
TA-17748,C-0460,1
TA-17749,C-1622,2
TA-17752,C-1621,1
TA-17753,C-1621,1
TA-17754,C-1621,1
TA-17755,C-1621,1
TA-17757,C-1621,1
TA-17758,C-1621,1
TA-17759,C-1312,2
TA-17760,C-1312,2
TA-17761,C-1623,1
TA-17762,C-1623,1
TA-17763,C-1623,1
TA-17764,C-1331,1
TA-17765,C-1331,1
TA-17766,C-1184,1
TA-17767,C-1180,1
TA-17768,C-1243,1
TA-17770,C-1243,1
TA-17771,C-1243,1
TA-17779,C-1624,1
TA-17780,C-1243,1
TA-17781,C-1243,1
TA-17782,C-1243,1
TA-17783,C-1098,1
TA-17784,C-1098,1
TA-17785,C-1630,1
TA-17786,C-1649,2
TA-17787,C-0448,2
TA-17789,C-1638,2
TA-17790,C-1499,1
TA-17791,C-1625,2
TA-17792,C-1625,2
TA-17794,C-1624,1
TA-17795,C-1243,1
TA-17797,C-1889,2
TA-17798,C-0354,1
TA-17799,C-1625,1
TA-17800,C-1536,1
TA-17801,C-1624,1
TA-17802,C-1312,2
TA-17803,C-1312,2
TA-17804,C-1312,2
TA-17805,C-1621,1
TA-17806,C-1621,1
TA-17807,C-1243,1
TA-17808,C-1243,1
TA-17809,C-1243,1
TA-17810,C-1243,1
TA-17811,C-1243,1
TA-17812,C-1243,1
TA-17813,C-1243,1
TA-17814,C-1243,1
TA-17815,C-1243,1
TA-17818,C-0009,1
TA-17819,C-1626,1
TA-17820,C-1772,1
TA-17821,C-1625,2
TA-17823,C-1174,1
TA-17824,C-1120,1
TA-17825,C-1845,2
TA-17826,C-1243,2
TA-17827,C-1621,2
TA-17828,C-1622,1
TA-17829,C-1621,2
TA-17830,C-1621,1
TA-17831,C-1622,2
TA-17832,C-1621,1
TA-17833,C-1621,2
TA-17834,C-1622,1
TA-17835,C-1641,2
TA-17836,C-1641,2
TA-17837,C-1624,2
TA-17838,C-1624,2
TA-17839,C-1641,2
TA-17840,C-1641,2
TA-17841,C-1624,2
TA-17843,C-1280,3
TA-17846,C-1273,1
TA-17850,C-1266,1
TA-17851,C-1845,1
TA-17852,C-1620,1
TA-17853,C-1623,2
TA-17854,C-1623,2
TA-17855,C-1630,2
TA-17856,C-1630,1
TA-17857,C-1630,2
TA-17858,C-1630,2
TA-17859,C-1630,2
TA-17860,C-1629,1
TA-17861,C-1621,1
TA-17862,C-1621,1
TA-17863,C-1585,1
TA-17864,C-1623,1
TA-17865,C-1623,1
TA-17867,C-1867,1
TA-17868,C-1621,2
TA-17869,C-1621,2
TA-17873,C-0004,1
TA-17874,C-0004,1
TA-17875,C-0004,1
TA-17876,C-0004,1
TA-17877,C-0004,1
TA-17878,C-0004,1
TA-17879,C-1622,2
TA-17880,C-1432,1
TA-17881,C-1449,1
TA-17882,C-1845,1
TA-17883,C-1845,1
TA-17886,C-1404,1
TA-17887,C-1404,1
TA-17888,C-1621,2
TA-17889,C-1623,1
TA-17890,C-1623,1
TA-17891,C-1625,1
TA-17892,C-1625,1
TA-17893,C-1621,2
TA-17894,C-1621,2
TA-17895,C-1625,1
TA-17896,C-1622,1
TA-17897,C-1404,1
TA-17898,C-1404,1
TA-17899,C-1243,1
TA-17900,C-1243,1
TA-17901,C-1243,1
TA-17902,C-1243,1
TA-17903,C-1243,1
TA-17904,C-0977,1
TA-17905,C-1491,1
TA-17906,C-1626,1
TA-17907,C-1866,1
TA-17908,C-1621,1
TA-17909,C-1638,2
TA-17910,C-1866,1
TA-17911,C-1866,1
TA-17912,C-1866,1
TA-17913,C-1866,1
TA-17914,C-1866,1
TA-17915,C-1866,1
TA-17916,C-1866,1
TA-17917,C-1866,1
TA-17918,C-1902,1
TA-17920,C-0132,1
TA-17923,C-0165,1
TA-17924,C-1625,1
TA-17925,C-1625,1
TA-17927,C-0444,2
TA-17928,C-0444,2
TA-17929,C-0444,2
TA-17930,C-0444,2
TA-17931,C-1848,2
TA-17932,C-0444,2
TA-17933,C-0444,2
TA-17934,C-1622,2
TA-17936,C-1621,2
TA-17938,C-1909,1
TA-17939,C-1909,1
TA-17940,C-1293,1
TA-17941,C-0824,1
TA-17942,C-1629,2
TA-17944,C-1639,2
TA-17945,C-1637,2
TA-17946,C-1639,2
TA-17947,C-1622,2
TA-17948,C-1209,1
TA-17949,C-1209,1
TA-17950,C-1620,1
TA-17951,C-1639,2
TA-17952,C-1620,1
TA-17953,C-1622,1
TA-17954,C-1620,2
TA-17955,C-1622,2
TA-17956,C-1620,1
TA-17957,C-1620,2
TA-17958,C-1637,2
TA-17959,C-1620,1
TA-17960,C-1620,1
TA-17961,C-1637,2
TA-17962,C-1620,1
TA-17963,C-1620,1
TA-17964,C-1620,2
TA-17965,C-1620,2
TA-17966,C-1620,1
TA-17967,C-1620,2
TA-17968,C-1624,2
TA-17969,C-1626,2
TA-17970,C-1622,1
TA-17972,C-0004,1
TA-17977,C-0004,1
TA-17978,C-1218,2
TA-17979,C-1218,2
TA-17980,C-1621,1
TA-17981,C-0448,2
TA-17984,C-1152,2
TA-17985,C-1642,2
TA-17986,C-1624,1
TA-17987,C-1624,1
TA-17989,C-1622,2
TA-17999,C-1275,1
TA-18000,C-1276,1
TA-18007,C-1867,1
TA-18008,C-1623,1
TA-18009,C-1623,1
TA-18010,C-1622,1
TA-18011,C-1622,2
TA-18012,C-1623,1
TA-18013,C-1642,1
TA-18014,C-1625,1
TA-18015,C-1625,1
TA-18016,C-1624,1
TA-18017,C-0370,1
TA-18020,C-1432,1
TA-18021,C-1833,1
TA-18022,C-1624,1
TA-18023,C-1624,1
TA-18024,C-1624,1
TA-18025,C-1623,1
TA-18026,C-1624,1
TA-18027,C-1629,2
TA-18029,C-1622,1
TA-18030,C-1624,2
TA-18031,C-1622,1
TA-18033,C-1624,2
TA-18034,C-1624,2
TA-18035,C-1624,2
TA-18036,C-1910,2
TA-18037,C-1624,1
TA-18040,C-0191,1
TA-18041,C-1632,2
TA-18042,C-1625,2
TA-18043,C-1625,2
TA-18044,C-1624,2
TA-18045,C-1624,2
TA-18046,C-1623,2
TA-18047,C-1623,2
TA-18048,C-1624,2
TA-18049,C-1624,2
TA-18050,C-1624,2
TA-18051,C-1623,2
TA-18052,C-1623,2
TA-18053,C-0678,1
TA-18058,C-1475,2
TA-18059,C-1468,1
TA-18060,C-1642,2
TA-18061,C-1624,1
TA-18062,C-1642,1
TA-18063,C-0444,2
TA-18064,C-1121,2
TA-18065,C-1278,1
TA-18066,C-1745,2
TA-18067,C-1625,1
TA-18068,C-1625,2
TA-18069,C-1624,2
TA-18071,C-1289,1
TA-18072,C-1641,2
TA-18074,C-1243,2
TA-18075,C-1621,2
TA-18076,C-1621,2
TA-18077,C-1621,2
TA-18078,C-1621,2
TA-18079,C-1243,2
TA-18080,C-1625,1
TA-18081,C-1625,1
TA-18082,C-1623,1
TA-18083,C-1625,1
TA-18084,C-1625,1
TA-18085,C-1642,2
TA-18086,C-1642,2
TA-18087,C-1642,2
TA-18088,C-1642,2
TA-18089,C-1625,1
TA-18090,C-1625,1
TA-18091,C-1622,1
TA-18092,C-1621,1
TA-18093,C-1639,2
TA-18101,C-1449,1
TA-18103,C-1625,1
TA-18104,C-1625,1
TA-18105,C-1889,2
TA-18106,C-1889,2
TA-18107,C-1889,2
TA-18108,C-1889,2
TA-18109,C-1903,2
TA-18110,C-1903,2
TA-18111,C-1622,1
TA-18112,C-1624,1
TA-18113,C-1624,2
TA-18114,C-1645,1
TA-18115,C-1645,1
TA-18116,C-1645,1
TA-18117,C-1645,1
TA-18118,C-1645,1
TA-18119,C-1645,1
TA-18120,C-1622,2
TA-18121,C-0348,1
TA-18128,C-1281,1
TA-18129,C-1119,1
TA-18130,C-0424,1
TA-18131,C-1120,1
TA-18132,C-0993,1
TA-18133,C-0993,1
TA-18134,C-1622,2
TA-18135,C-1305,1
TA-18136,C-1622,1
TA-18137,C-1622,1
TA-18138,C-1622,2
TA-18139,C-1622,2
TA-18140,C-1622,2
TA-18141,C-1622,1
TA-18142,C-1622,2
TA-18143,C-1622,2
TA-18144,C-1622,2
TA-18145,C-1622,2
TA-18146,C-1622,2
TA-18147,C-1622,2
TA-18148,C-1624,2
TA-18149,C-1622,2
TA-18150,C-1624,2
TA-18151,C-1621,2
TA-18152,C-1621,2
TA-18153,C-1621,1
TA-18154,C-1621,1
TA-18155,C-1621,1
TA-18156,C-1621,1
TA-18157,C-1625,2
TA-18158,C-1624,2
TA-18159,C-1622,2
TA-18160,C-1631,1
TA-18161,C-1640,2
TA-18162,C-1640,2
TA-18163,C-1625,2
TA-18164,C-1625,2
TA-18165,C-1622,1
TA-18166,C-1622,1
TA-18167,C-0636,1
TA-18168,C-0636,1
TA-18169,C-1242,1
TA-18170,C-1283,1
TA-18171,C-1283,1
TA-18172,C-1622,2
TA-18173,C-1622,2
TA-18174,C-1622,2
TA-18175,C-1622,2
TA-18176,C-1622,2
TA-18178,C-1624,2
TA-18179,C-1621,2
TA-18180,C-1621,2
TA-18181,C-1624,2
TA-18182,C-1624,2
TA-18183,C-1624,2
TA-18184,C-1624,2
TA-18185,C-1624,2
TA-18186,C-1622,2
TA-18187,C-1622,2
TA-18188,C-1622,2
TA-18189,C-1622,2
TA-18190,C-1307,1
TA-18193,C-1420,2
TA-18194,C-1631,1
TA-18195,C-1420,1
TA-18196,C-1420,2
TA-18197,C-1288,1
TA-18198,C-0165,1
TA-18199,C-0504,1
TA-18201,C-0504,1
TA-18202,C-0504,1
TA-18203,C-1624,1
TA-18204,C-1642,1
TA-18205,C-1312,2
TA-18206,C-1642,1
TA-18207,C-1624,1
TA-18208,C-0824,1
TA-18209,C-1243,1
TA-18210,C-1243,1
TA-18211,C-1243,1
TA-18212,C-1243,1
TA-18213,C-1243,1
TA-18214,C-1243,1
TA-18215,C-0993,1
TA-18217,C-1621,2
TA-18218,C-1621,2
TA-18219,C-1621,2
TA-18220,C-1621,2
TA-18221,C-0165,1
TA-18222,C-0165,1
TA-18223,C-0531,1
TA-18224,C-0244,1
TA-18225,C-1545,1
TA-18226,C-0054,1
TA-18227,C-0054,1
TA-18228,C-1859,1
TA-18229,C-0244,1
TA-18230,C-0244,1
TA-18231,C-0244,1
TA-18232,C-0054,1
TA-18233,C-1625,2
TA-18234,C-1622,1
TA-18235,C-1625,2
TA-18236,C-1625,2
TA-18237,C-1622,2
TA-18238,C-1622,2
TA-18239,C-1623,1
TA-18240,C-1312,2
TA-18241,C-1312,2
TA-18242,C-1218,1
TA-18243,C-1622,1
TA-18244,C-1623,1
TA-18245,C-1625,1
TA-18246,C-0448,2
TA-18247,C-1138,1
TA-18248,C-1625,1
TA-18249,C-1624,2
TA-18250,C-1624,2
TA-18251,C-1845,2
TA-18252,C-1640,1
TA-18253,C-1640,1
TA-18254,C-1622,1
TA-18255,C-1622,1
TA-18256,C-1639,2
TA-18257,C-1185,1
TA-18258,C-0444,2
TA-18259,C-0074,2
TA-18260,C-1218,1
TA-18261,C-1218,1
TA-18262,C-1218,1
TA-18263,C-1218,1
TA-18264,C-1701,1
TA-18265,C-1701,1
TA-18266,C-1639,2
TA-18267,C-1621,2
TA-18268,C-1621,2
TA-18269,C-1449,1
TA-18270,C-1640,2
TA-18271,C-1640,2
TA-18272,C-1625,1
TA-18273,C-1622,2
TA-18274,C-1622,2
TA-18275,C-1505,1
TA-18276,C-1622,1
TA-18277,C-1638,2
TA-18278,C-1621,2
TA-18279,C-1638,2
TA-18280,C-1621,1
TA-18281,C-1621,1
TA-18282,C-1621,1
TA-18283,C-1638,2
TA-18284,C-1638,2
TA-18285,C-1639,2
TA-18286,C-1639,2
TA-18287,C-1845,1
TA-18288,C-1623,1
TA-18289,C-1264,1
TA-18290,C-1621,2
TA-18291,C-1621,2
TA-18292,C-1135,1
TA-18293,C-1622,2
TA-18294,C-1622,2
TA-18295,C-1622,2
TA-18296,C-1622,2
TA-18297,C-1622,2
TA-18298,C-1622,2
TA-18299,C-1622,2
TA-18300,C-0370,1
TA-18301,C-1638,2
TA-18302,C-1621,1
TA-18303,C-1927,1
TA-18304,C-0009,1
TA-18305,C-1649,1
TA-18306,C-0370,1
TA-18307,C-1625,1
TA-18308,C-1625,1
TA-18309,C-1625,1
TA-18310,C-1625,1
TA-18311,C-1648,1
TA-18312,C-1639,1
TA-18313,C-1621,2
TA-18314,C-1624,1
TA-18315,C-1536,1
TA-18316,C-1624,1
TA-18317,C-1624,2
TA-18318,C-1624,1
TA-18319,C-1641,1
TA-18320,C-1668,1
TA-18321,C-1668,1
TA-18322,C-1620,2
TA-18323,C-1620,2
TA-18324,C-1620,2
TA-18325,C-1622,2
TA-18326,C-1620,1
TA-18327,C-1621,1
TA-18328,C-1621,1
TA-18329,C-1866,1
TA-18331,C-1621,2
TA-18332,C-1622,2
TA-18333,C-1626,1
TA-18334,C-0501,1
TA-18335,C-1344,1
TA-18336,C-1243,1
TA-18337,C-1243,1
TA-18338,C-1243,1
TA-18339,C-1243,1
TA-18340,C-1243,1
TA-18341,C-1243,1
TA-18342,C-1243,1
TA-18343,C-1778,1
TA-18344,C-1623,1
TA-18345,C-1315,1
TA-18346,C-1889,2
TA-18347,C-1889,2
TA-18348,C-1889,2
TA-18349,C-1889,2
TA-18350,C-1889,2
TA-18351,C-1420,2
TA-18352,C-1623,1
TA-18353,C-1624,1
TA-18354,C-1622,1
TA-18355,C-1622,1
TA-18356,C-1701,1
TA-18357,C-1701,1
TA-18358,C-0074,2
TA-18359,C-0074,2
TA-18360,C-1701,1
TA-18361,C-1701,1
TA-18362,C-0074,1
TA-18363,C-0074,1
TA-18364,C-1027,1
TA-18365,C-1625,1
TA-18366,C-0837,1
TA-18367,C-1622,1
TA-18368,C-1624,1
TA-18369,C-1619,2
TA-18370,C-1641,1
TA-18371,C-1623,1
TA-18372,C-1623,1
TA-18373,C-1622,1
TA-18374,C-1622,2
TA-18375,C-1622,2
TA-18376,C-1622,1
TA-18377,C-1622,1
TA-18378,C-1622,2
TA-18379,C-1622,2
TA-18380,C-0534,2
TA-18381,C-1620,2
TA-18382,C-1621,1
TA-18383,C-1638,2
TA-18384,C-1624,1
TA-18385,C-1624,1
TA-18386,C-1622,1
TA-18387,C-1622,1
TA-18388,C-1622,1
TA-18389,C-1621,1
TA-18390,C-1632,1
TA-18391,C-0941,1
TA-18392,C-1354,1
TA-18393,C-0242,1
TA-18394,C-1427,1
TA-18395,C-1649,2
TA-18396,C-1638,2
TA-18397,C-1638,2
TA-18398,C-1638,2
TA-18399,C-1642,2
TA-18400,C-1621,1
TA-18401,C-1621,1
TA-18402,C-1622,2
TA-18403,C-1642,2
TA-18404,C-1642,2
TA-18405,C-0179,1
TA-18406,C-1624,2
TA-18407,C-1624,2
TA-18408,C-1624,1
TA-18409,C-1622,1
TA-18410,C-1620,2
TA-18411,C-1620,2
TA-18412,C-1620,2
TA-18413,C-1622,2
TA-18414,C-1622,2
TA-18415,C-1620,2
TA-18416,C-1620,2
TA-18417,C-1620,2
TA-18418,C-1620,2
TA-18419,C-1622,2
TA-18420,C-1623,2
TA-18421,C-1623,2
TA-18422,C-1345,1
TA-18423,C-1622,1
TA-18424,C-1637,1
TA-18425,C-1637,1
TA-18426,C-1218,2
TA-18427,C-1218,2
TA-18428,C-1218,2
TA-18429,C-1218,2
TA-18430,C-1642,1
TA-18431,C-1641,1
TA-18432,C-1639,1
TA-18433,C-1640,1
TA-18434,C-1641,1
TA-18435,C-1622,2
TA-18436,C-1638,1
TA-18437,C-1622,1
TA-18438,C-1622,1
TA-18439,C-1622,1
TA-18440,C-1622,1
TA-18441,C-1649,2
TA-18442,C-1649,2
TA-18443,C-1622,1
TA-18444,C-1622,2
TA-18445,C-1622,2
TA-18446,C-1622,1
TA-18447,C-1624,1
TA-18448,C-1624,1
TA-18449,C-1312,2
TA-18450,C-1312,2
TA-18451,C-1638,2
TA-18452,C-1638,2
TA-18453,C-1638,2
TA-18454,C-1638,2
TA-18455,C-1638,2
TA-18456,C-1638,2
TA-18457,C-1638,2
TA-18458,C-1638,2
TA-18459,C-1638,2
TA-18460,C-1638,2
TA-18461,C-0412,1
TA-18462,C-1621,1
TA-18463,C-1624,2
TA-18464,C-1623,2
TA-18465,C-1619,1
TA-18466,C-1619,1
TA-18467,C-1619,1
TA-18468,C-1622,2
TA-18469,C-1622,2
TA-18470,C-1622,2
TA-18471,C-1622,2
TA-18472,C-1233,1
TA-18473,C-1622,2
TA-18474,C-1622,2
TA-18475,C-1623,1
TA-18476,C-1623,1
TA-18477,C-1625,2
TA-18478,C-1624,2
TA-18479,C-1625,2
TA-18480,C-1624,2
TA-18481,C-1622,1
TA-18482,C-1625,2
TA-18483,C-1624,2
TA-18484,C-1340,1
TA-18485,C-1848,2
TA-18486,C-1622,1
TA-18487,C-1621,2
TA-18488,C-1312,2
TA-18489,C-1758,1
TA-18490,C-1625,1
TA-18491,C-0009,1
TA-18492,C-0485,1
TA-18493,C-1624,1
TA-18499,C-0474,1
TA-18502,C-1626,1
TA-18503,C-1243,2
TA-18504,C-1622,2
TA-18505,C-1622,2
TA-18506,C-1622,2
TA-18507,C-1622,2
TA-18508,C-1625,2
TA-18509,C-0938,2
TA-18510,C-0949,2
TA-18511,C-0101,1
TA-18512,C-0101,1
TA-18513,C-0414,1
TA-18514,C-0414,1
TA-18515,C-0415,2
TA-18516,C-0415,2
TA-18517,C-0101,1
TA-18518,C-0101,1
TA-18519,C-0949,2
TA-18520,C-0949,2
TA-18521,C-1638,2
TA-18522,C-1622,1
TA-18523,C-1622,2
TA-18528,C-1621,1
TA-18529,C-1302,1
TA-18530,C-1625,1
TA-18531,C-1623,1
TA-18532,C-1622,1
TA-18533,C-1624,1
TA-18534,C-1624,1
TA-18535,C-1625,1
TA-18536,C-1187,1
TA-18537,C-0486,1
TA-18538,C-1301,1
TA-18539,C-1622,2
TA-18540,C-1187,1
TA-18541,C-1300,1
TA-18542,C-1187,1
TA-18543,C-1623,1
TA-18544,C-1646,2
TA-18545,C-1646,2
TA-18546,C-1622,2
TA-18547,C-1623,1
TA-18548,C-1623,1
TA-18549,C-1623,2
TA-18550,C-1625,2
TA-18551,C-1622,1
TA-18552,C-1622,1
TA-18553,C-1625,2
TA-18554,C-1412,1
TA-18555,C-0474,1
TA-18556,C-1243,1
TA-18557,C-1209,1
TA-18558,C-1209,1
TA-18559,C-1645,1
TA-18560,C-0448,1
TA-18561,C-1624,1
TA-18562,C-1641,2
TA-18563,C-0448,1
TA-18564,C-0534,2
TA-18565,C-1622,2
TA-18566,C-1624,2
TA-18567,C-1621,2
TA-18568,C-1626,1
TA-18569,C-1639,1
TA-18570,C-1622,2
TA-18571,C-1639,2
TA-18572,C-1622,1
TA-18573,C-1622,1
TA-18574,C-1622,1
TA-18575,C-1622,1
TA-18576,C-1623,1
TA-18577,C-1960,1
TA-18578,C-1963,1
TA-18579,C-1963,1
TA-18580,C-0993,1
TA-18581,C-0224,1
TA-18582,C-1866,1
TA-18583,C-1312,2
TA-18584,C-1312,2
TA-18585,C-1312,2
TA-18589,C-1622,1
TA-18590,C-2019,2
TA-18591,C-1625,2
TA-18592,C-1037,2
TA-18593,C-1625,2
TA-18594,C-1625,1
TA-18595,C-1621,1
TA-18596,C-1622,2
TA-18597,C-1622,2
TA-18598,C-1623,2
TA-18599,C-1624,2
TA-18600,C-1624,2
TA-18601,C-1623,1
TA-18602,C-1622,2
TA-18603,C-1623,2
TA-18604,C-1622,1
TA-18605,C-1622,2
TA-18606,C-1622,2
TA-18607,C-1622,2
TA-18608,C-1622,2
TA-18609,C-1243,2
TA-18612,C-1242,1
TA-18613,C-1621,2
TA-18614,C-1622,2
TA-18615,C-0354,1
TA-18616,C-1625,1
TA-18617,C-1641,2
TA-18618,C-1625,1
TA-18619,C-1638,2
TA-18620,C-1625,1
TA-18621,C-1625,1
TA-18622,C-0824,1
TA-18623,C-1621,2
TA-18624,C-1621,2
TA-18625,C-1621,2
TA-18626,C-1637,2
TA-18627,C-1637,2
TA-18628,C-1620,2
TA-18629,C-1625,1
TA-18630,C-1623,2
TA-18631,C-0678,1
TA-18632,C-1644,2
TA-18635,C-1621,1
TA-18636,C-1622,2
TA-18637,C-1642,2
TA-18638,C-1622,1
TA-18639,C-1623,1
TA-18640,C-1621,2
TA-18643,C-0448,2
TA-18644,C-1621,2
TA-18645,C-1621,2
TA-18646,C-1625,1
TA-18647,C-1625,1
TA-18648,C-1620,2
TA-18649,C-1621,2
TA-18650,C-1625,2
TA-18651,C-1625,1
TA-18652,C-1624,2
TA-18653,C-1713,1
TA-18654,C-1620,2
TA-18655,C-1621,2
TA-18656,C-1621,2
TA-18657,C-1625,2
TA-18658,C-1624,1
TA-18659,C-1536,1
TA-18660,C-1536,1
TA-18661,C-1625,1
TA-18662,C-1625,1
TA-18663,C-1621,1
TA-18664,C-1621,1
TA-18665,C-1476,1
TA-18666,C-1243,2
TA-18667,C-1624,1
TA-18668,C-1624,1
TA-18669,C-1624,1
TA-18670,C-1624,1
TA-18672,C-1313,2
TA-18673,C-1621,2
TA-18674,C-1621,2
TA-18675,C-1621,2
TA-18676,C-1621,2
TA-18677,C-1621,2
TA-18678,C-1622,2
TA-18679,C-1747,1
TA-18680,C-1624,1
TA-18681,C-1624,1
TA-18682,C-1616,1
TA-18683,C-1312,2
TA-18684,C-1312,2
TA-18685,C-1322,1
TA-18686,C-1736,2
TA-18687,C-1622,2
TA-18688,C-1622,1
TA-18689,C-1621,2
TA-18690,C-1586,2
TA-18691,C-1243,2
TA-18692,C-1620,2
TA-18693,C-1620,2
TA-18694,C-1621,2
TA-18695,C-1621,2
TA-18696,C-1621,2
TA-18697,C-1621,2
TA-18699,C-1623,2
TA-18700,C-1623,2
TA-18701,C-1547,1
TA-18702,C-1625,1
TA-18703,C-2003,1
TA-18704,C-1625,1
TA-18705,C-2003,1
TA-18706,C-1625,1
TA-18707,C-1908,1
TA-18708,C-1312,2
TA-18709,C-1312,2
TA-18710,C-1312,2
TA-18711,C-1333,1
TA-18712,C-1335,1
TA-18713,C-1768,1
TA-18714,C-1336,1
TA-18715,C-1776,2
TA-18716,C-1770,2
TA-18717,C-1312,2
TA-18718,C-1312,2
TA-18719,C-1312,2
TA-18720,C-1312,2
TA-18721,C-1312,2
TA-18722,C-1312,2
TA-18723,C-1312,2
TA-18724,C-1312,2
TA-18725,C-1243,2
TA-18726,C-0823,2
TA-18727,C-1243,2
TA-18728,C-1354,1
TA-18729,C-1312,2
TA-18730,C-1577,2
TA-18731,C-1360,1
TA-18732,C-1312,2
TA-18733,C-1312,2
TA-18734,C-1361,1
TA-18735,C-1312,2
TA-18736,C-1363,1
TA-18737,C-1312,2
TA-18740,C-1243,2
TA-18741,C-1243,2
TA-18742,C-1845,2
TA-18743,C-1420,2
TA-18744,C-1420,2
TA-18745,C-1420,2
TA-18746,C-1848,2
TA-18747,C-1848,2
TA-18748,C-0448,2
TA-18749,C-0444,2
TA-18754,C-1420,2
TA-18755,C-1420,2
TA-18756,C-1417,1
TA-18759,C-1848,2
TA-18760,C-1817,1
TA-18761,C-0448,2
TA-18762,C-1848,2
TA-18763,C-1848,2
TA-18764,C-1420,2
TA-18765,C-1621,1
TA-18766,C-1623,2
TA-18767,C-0441,1
TA-18770,C-1243,2
TA-18771,C-0442,1
TA-18773,C-1420,1
TA-18777,C-0448,2
TA-18778,C-0448,2
TA-18779,C-0853,1
TA-18780,C-1420,2
TA-18781,C-1420,2
TA-18785,C-1243,2
TA-18786,C-1233,1
TA-18787,C-0448,2
TA-18788,C-1555,1
TA-18789,C-1420,2
TA-18790,C-0444,1
TA-18791,C-0444,1
TA-18792,C-0444,2
TA-18793,C-1621,2
TA-18794,C-0441,1
TA-18795,C-1845,2
TA-18796,C-0444,1
TA-18797,C-0444,1
TA-18798,C-0444,1
TA-18799,C-1848,2
TA-18800,C-0444,2
TA-18801,C-1233,2
TA-18802,C-0448,2
TA-18803,C-1243,2
TA-18804,C-1555,1
TA-18805,C-0444,1
TA-18806,C-1368,1
TA-18807,C-1370,1
TA-18808,C-0825,1
TA-18809,C-1620,1
TA-18810,C-1371,1
TA-18811,C-1352,1
TA-18812,C-0448,2
TA-18813,C-1369,2
TA-18814,C-1369,2
TA-18815,C-1369,2
TA-18816,C-1369,2
TA-18817,C-1369,2
TA-18820,C-1817,1
TA-18821,C-1373,1
TA-18822,C-1373,1
TA-18823,C-1373,1
TA-18824,C-1373,1
TA-18825,C-1369,2
TA-18826,C-1369,2
TA-18827,C-1369,2
TA-18828,C-1369,2
TA-18829,C-1369,2
TA-18830,C-1369,2
TA-18831,C-1369,2
TA-18832,C-1369,2
TA-18833,C-1369,2
TA-18834,C-1369,2
TA-18835,C-1369,2
TA-18836,C-1369,2
TA-18837,C-1625,1
TA-18838,C-1376,1
TA-18839,C-1420,1
TA-18841,C-1420,1
TA-18842,C-0850,1
TA-18843,C-1577,2
TA-18844,C-1577,2
TA-18845,C-1577,2
TA-18846,C-1845,2
TA-18847,C-1845,2
TA-18848,C-0444,1
TA-18849,C-1377,1
TA-18850,C-0825,1
TA-18852,C-1369,2
TA-18853,C-1369,2
TA-18854,C-1369,2
TA-18855,C-1369,2
TA-18856,C-1369,2
TA-18857,C-0448,2
TA-18858,C-0448,2
TA-18859,C-0448,2
TA-18860,C-0448,2
TA-18861,C-0483,2
TA-18862,C-0448,2
TA-18864,C-1355,1
TA-18865,C-1848,2
TA-18866,C-0448,2
TA-18867,C-1848,2
TA-18868,C-0448,2
TA-18869,C-0483,2
TA-18870,C-1200,1
TA-18871,C-1739,1
TA-18872,C-1369,2
TA-18873,C-1369,2
TA-18874,C-1369,2
TA-18875,C-1369,2
TA-18876,C-0057,2
TA-18877,C-0057,2
TA-18878,C-0057,2
TA-18879,C-1620,1
TA-18880,C-1348,1
TA-18881,C-1230,2
TA-18882,C-0823,1
TA-18883,C-1229,2
TA-18884,C-1229,2
TA-18885,C-1229,2
TA-18886,C-1229,2
TA-18887,C-0823,2
TA-18888,C-0002,2
TA-18889,C-1243,2
TA-18890,C-1243,2
TA-18891,C-0448,2
TA-18892,C-0823,2
TA-18893,C-1845,2
TA-18894,C-1845,2
TA-18895,C-1312,2
TA-18896,C-1312,2
TA-18897,C-1243,2
TA-18898,C-1243,2
TA-18899,C-1243,2
TA-18900,C-1312,2
TA-18901,C-1312,2
TA-18902,C-1312,2
TA-18903,C-1312,2
TA-18904,C-1312,2
TA-18905,C-1312,2
TA-18906,C-1312,2
TA-18907,C-1312,2
TA-18908,C-0448,2
TA-18909,C-0002,2
TA-18910,C-0448,2
TA-18911,C-1435,2
TA-18912,C-1435,2
TA-18913,C-1229,2
TA-18914,C-1229,2
TA-18915,C-0444,1
TA-18916,C-1229,2
TA-18917,C-1229,2
TA-18918,C-1435,2
TA-18919,C-1435,2
TA-18920,C-1312,2
TA-18921,C-1312,2
TA-18922,C-1312,2
TA-18923,C-0448,2
TA-18924,C-0448,2
TA-18926,C-1243,2
TA-18927,C-1229,2
TA-18928,C-1229,2
TA-18929,C-1229,2
TA-18930,C-1313,2
TA-18931,C-1313,2
TA-18932,C-1313,2
TA-18933,C-1313,2
TA-18934,C-1313,2
TA-18935,C-1313,2
TA-18936,C-1313,2
TA-18937,C-1312,2
TA-18938,C-1229,2
TA-18939,C-0823,2
TA-18940,C-1313,2
TA-18941,C-1313,2
TA-18942,C-1313,2
TA-18943,C-1396,1
TA-18944,C-1395,1
TA-18945,C-1420,1
TA-18946,C-1229,2
TA-18947,C-1229,2
TA-18948,C-1229,2
TA-18949,C-1313,2
TA-18950,C-1312,2
TA-18951,C-0466,1
TA-18952,C-1230,2
TA-18953,C-1312,2
TA-18954,C-1229,2
TA-18955,C-1229,2
TA-18956,C-1845,2
TA-18957,C-1243,2
TA-18958,C-1313,2
TA-18959,C-1313,2
TA-18960,C-1313,2
TA-18961,C-1313,2
TA-18962,C-1313,2
TA-18963,C-1313,2
TA-18964,C-1313,2
TA-18965,C-0823,2
TA-18966,C-1229,2
TA-18967,C-0823,2
TA-18968,C-0002,2
TA-18969,C-0823,2
TA-18970,C-0448,2
TA-18971,C-1243,2
TA-18972,C-1312,2
TA-18973,C-1312,2
TA-18974,C-1312,2
TA-18975,C-1312,2
TA-18976,C-1312,2
TA-18977,C-1312,2
TA-18978,C-1312,2
TA-18979,C-1312,2
TA-18980,C-1312,2
TA-18981,C-1312,2
TA-18982,C-1312,2
TA-18983,C-1243,2
TA-18984,C-1243,2
TA-18985,C-1243,2
TA-18986,C-1243,2
TA-18987,C-1243,2
TA-18988,C-1243,2
TA-18989,C-1243,2
TA-18990,C-1243,2
TA-18991,C-0448,2
TA-18992,C-1420,2
TA-18993,C-0448,2
TA-18994,C-1845,2
TA-18995,C-1420,2
TA-18996,C-1845,2
TA-18997,C-1845,2
TA-18998,C-1845,2
TA-18999,C-1845,2
TA-19000,C-1845,2
TA-19001,C-1845,2
TA-19002,C-1845,2
TA-19003,C-1420,1
TA-19004,C-1641,1
TA-19005,C-1420,2
TA-19006,C-1845,2
TA-19007,C-0448,2
TA-19008,C-1845,2
TA-19009,C-1420,1
TA-19010,C-1420,1
TA-19013,C-0448,2
TA-19014,C-0448,2
TA-19015,C-0444,1
TA-19016,C-1420,2
TA-19017,C-0435,1
TA-19018,C-0436,1
TA-19019,C-1420,2
TA-19020,C-1845,2
TA-19021,C-1845,2
TA-19022,C-1845,2
TA-19023,C-1845,2
TA-19024,C-1845,2
TA-19025,C-1845,2
TA-19026,C-1845,2
TA-19027,C-1243,2
TA-19028,C-1845,2
TA-19029,C-1229,2
TA-19030,C-1229,2
TA-19031,C-1845,2
TA-19032,C-1845,2
TA-19033,C-1845,2
TA-19034,C-1845,2
TA-19035,C-1845,2
TA-19036,C-1845,2
TA-19037,C-1845,2
TA-19038,C-1845,2
TA-19039,C-1845,2
TA-19040,C-1243,2
TA-19041,C-0444,2
TA-19042,C-0444,2
TA-19043,C-1243,2
TA-19044,C-1243,2
TA-19045,C-1243,2
TA-19046,C-1848,2
TA-19047,C-1312,2
TA-19048,C-1243,2
TA-19049,C-1243,2
TA-19050,C-1243,2
TA-19051,C-1243,2
TA-19052,C-1399,1
TA-19053,C-1243,2
TA-19055,C-0823,2
TA-19056,C-1243,2
TA-19057,C-1621,2
TA-19058,C-1845,2
TA-19059,C-0448,1
TA-19060,C-1229,1
TA-19062,C-1549,1
TA-19063,C-1625,1
TA-19064,C-1622,2
TA-19065,C-1622,2
TA-19066,C-1622,2
TA-19067,C-1624,2
TA-19068,C-1622,1
TA-19069,C-0465,1
TA-19070,C-1312,2
TA-19071,C-1312,2
TA-19072,C-1312,2
TA-19073,C-1312,2
TA-19074,C-1312,2
TA-19075,C-1312,2
TA-19076,C-1312,2
TA-19077,C-1312,2
TA-19078,C-1312,2
TA-19079,C-1312,2
TA-19080,C-1768,1
TA-19081,C-1768,2
TA-19082,C-0823,2
TA-19083,C-0823,2
TA-19084,C-1312,2
TA-19085,C-0823,2
TA-19086,C-0823,2
TA-19087,C-0823,2
TA-19088,C-0823,2
TA-19089,C-0823,2
TA-19090,C-0823,2
TA-19091,C-0823,2
TA-19092,C-0823,2
TA-19093,C-0823,2
TA-19094,C-1312,2
TA-19095,C-0823,2
TA-19096,C-0823,2
TA-19097,C-1845,2
TA-19098,C-1312,1
TA-19099,C-1312,2
TA-19100,C-1243,2
TA-19101,C-1243,2
TA-19102,C-1845,2
TA-19103,C-1845,2
TA-19104,C-1845,2
TA-19108,C-1420,2
TA-19109,C-1312,2
TA-19110,C-0822,1
TA-19111,C-0823,2
TA-19112,C-0823,2
TA-19113,C-0823,2
TA-19114,C-0823,2
TA-19115,C-1435,2
TA-19116,C-1435,2
TA-19117,C-1845,2
TA-19118,C-1845,2
TA-19119,C-1623,2
TA-19120,C-1622,2
TA-19121,C-1229,2
TA-19122,C-1229,2
TA-19123,C-1389,1
TA-19124,C-1644,1
TA-19125,C-1644,1
TA-19126,C-1644,1
TA-19127,C-1312,2
TA-19128,C-1312,2
TA-19129,C-1313,2
TA-19130,C-1313,2
TA-19131,C-1313,2
TA-19132,C-1420,1
TA-19133,C-0448,2
TA-19134,C-0823,2
TA-19135,C-0823,2
TA-19136,C-1229,2
TA-19137,C-1685,1
TA-19138,C-1871,1
TA-19139,C-1243,2
TA-19140,C-1243,2
TA-19141,C-0444,1
TA-19142,C-1420,1
TA-19143,C-1420,1
TA-19144,C-1880,2
TA-19145,C-1313,2
TA-19146,C-1229,2
TA-19147,C-1623,2
TA-19149,C-1243,2
TA-19150,C-1243,2
TA-19151,C-1243,2
TA-19152,C-0444,1
TA-19153,C-1312,2
TA-19154,C-1312,2
TA-19155,C-1312,2
TA-19156,C-0002,2
TA-19157,C-0448,2
TA-19158,C-0444,1
TA-19159,C-0444,1
TA-19160,C-0448,2
TA-19161,C-0448,2
TA-19162,C-0448,2
TA-19163,C-0002,2
TA-19164,C-0002,2
TA-19165,C-1435,2
TA-19166,C-1435,2
TA-19167,C-0823,2
TA-19168,C-0823,2
TA-19169,C-0823,2
TA-19170,C-0823,2
TA-19171,C-1243,2
TA-19172,C-1312,2
TA-19173,C-1312,2
TA-19174,C-0823,2
TA-19175,C-0823,2
TA-19176,C-0823,2
TA-19177,C-0823,2
TA-19178,C-1435,2
TA-19179,C-1435,2
TA-19180,C-1435,2
TA-19181,C-1435,2
TA-19182,C-1435,2
TA-19183,C-1345,1
TA-19184,C-0002,2
TA-19185,C-0002,2
TA-19186,C-0002,2
TA-19187,C-1243,2
TA-19188,C-1243,2
TA-19189,C-1312,2
TA-19190,C-1312,2
TA-19191,C-1312,2
TA-19192,C-1845,2
TA-19193,C-0448,2
TA-19194,C-1243,2
TA-19195,C-1243,2
TA-19196,C-1243,2
TA-19197,C-1243,2
TA-19198,C-1848,2
TA-19199,C-1312,2
TA-19200,C-1672,2
TA-19201,C-1672,2
TA-19202,C-1672,2
TA-19203,C-1672,2
TA-19204,C-1672,2
TA-19205,C-1672,2
TA-19206,C-1710,1
TA-19207,C-1710,1
TA-19208,C-1438,1
TA-19209,C-1624,1
TA-19210,C-1319,1
TA-19211,C-1319,1
TA-19212,C-1391,1
TA-19213,C-1518,1
TA-19214,C-1620,2
TA-19215,C-1388,1
TA-19216,C-1521,1
TA-19217,C-1518,1
TA-19218,C-1229,2
TA-19219,C-1229,2
TA-19220,C-1243,2
TA-19221,C-1313,2
TA-19222,C-0823,2
TA-19223,C-0823,2
TA-19224,C-0823,2
TA-19225,C-0823,2
TA-19226,C-0823,2
TA-19227,C-0823,2
TA-19228,C-0823,2
TA-19229,C-0823,2
TA-19230,C-0823,2
TA-19231,C-0448,2
TA-19232,C-1420,2
TA-19233,C-0448,2
TA-19234,C-1434,1
TA-19235,C-1229,2
TA-19236,C-1229,2
TA-19237,C-0823,2
TA-19238,C-1374,1
TA-19239,C-1369,2
TA-19240,C-1369,2
TA-19241,C-1369,2
TA-19242,C-1369,2
TA-19243,C-1369,2
TA-19244,C-1369,2
TA-19245,C-1369,2
TA-19246,C-1369,2
TA-19247,C-1375,1
TA-19248,C-1375,1
TA-19249,C-1375,1
TA-19250,C-1420,1
TA-19251,C-1384,2
TA-19252,C-1848,2
TA-19253,C-0444,2
TA-19254,C-1243,2
TA-19255,C-1243,2
TA-19256,C-1420,2
TA-19257,C-1420,2
TA-19258,C-1420,2
TA-19259,C-1794,1
TA-19260,C-1369,2
TA-19261,C-1369,2
TA-19262,C-1369,2
TA-19263,C-1369,2
TA-19264,C-1369,2
TA-19265,C-1369,2
TA-19266,C-1369,2
TA-19267,C-1369,2
TA-19268,C-1369,2
TA-19269,C-1369,2
TA-19270,C-1369,2
TA-19271,C-1369,2
TA-19272,C-1369,2
TA-19273,C-1369,2
TA-19274,C-1369,2
TA-19275,C-1369,2
TA-19276,C-1970,1
TA-19277,C-1567,1
TA-19279,C-1970,1
TA-19280,C-1243,2
TA-19282,C-1620,2
TA-19283,C-1420,1
TA-19284,C-1420,1
TA-19285,C-2043,1
TA-19286,C-1243,2
TA-19287,C-1531,1
TA-19288,C-1531,1
TA-19289,C-0434,1
TA-19290,C-1243,1
TA-19291,C-0448,1
TA-19292,C-1243,1
TA-19293,C-0448,1
TA-19295,C-1845,2
TA-19296,C-1670,1
TA-19297,C-1621,2
TA-19298,C-1312,2
TA-19299,C-1312,2
TA-19300,C-1312,2
TA-19301,C-1312,2
TA-19302,C-1239,1
TA-19303,C-1624,1
TA-19304,C-1625,1
TA-19305,C-1435,2
TA-19306,C-1229,2
TA-19307,C-0823,2
TA-19308,C-1229,2
TA-19309,C-0823,2
TA-19310,C-0823,2
TA-19311,C-0823,2
TA-19312,C-0823,2
TA-19313,C-1312,2
TA-19314,C-0823,2
TA-19315,C-1312,2
TA-19317,C-0444,2
TA-19318,C-1312,2
TA-19319,C-1845,2
TA-19320,C-1312,2
TA-19321,C-1312,2
TA-19322,C-1312,2
TA-19323,C-0444,2
TA-19324,C-1312,2
TA-19325,C-1243,2
TA-19326,C-1243,2
TA-19327,C-1312,2
TA-19329,C-1243,2
TA-19330,C-0447,1
TA-19331,C-1312,2
TA-19332,C-1420,2
TA-19333,C-0448,1
TA-19334,C-1569,1
TA-19335,C-1313,2
TA-19336,C-1243,2
TA-19337,C-1435,2
TA-19338,C-1229,2
TA-19339,C-1312,2
TA-19340,C-1312,2
TA-19341,C-1312,2
TA-19342,C-1312,2
TA-19343,C-1845,2
TA-19344,C-1845,2
TA-19345,C-1312,2
TA-19346,C-1312,2
TA-19347,C-1577,2
TA-19348,C-1572,1
TA-19349,C-0444,1
TA-19350,C-1243,2
TA-19351,C-1243,2
TA-19352,C-1243,2
TA-19353,C-1312,2
TA-19354,C-1243,2
TA-19355,C-1312,1
TA-19356,C-1420,1
TA-19357,C-1312,1
TA-19358,C-1420,2
TA-19359,C-0823,2
TA-19360,C-0823,2
TA-19361,C-0448,2
TA-19362,C-0431,1
TA-19363,C-0428,1
TA-19364,C-1243,2
TA-19365,C-0459,1
TA-19367,C-0448,2
TA-19368,C-0448,2
TA-19370,C-1243,2
TA-19371,C-1845,2
TA-19372,C-0448,2
TA-19373,C-1748,1
TA-19374,C-1748,1
TA-19375,C-1622,1
TA-19376,C-1435,2
TA-19377,C-1243,1
TA-19378,C-1243,1
TA-19379,C-1848,1
TA-19380,C-1235,1
TA-19381,C-1235,1
TA-19382,C-1540,1
TA-19383,C-0448,2
TA-19384,C-1445,1
TA-19385,C-1445,1
TA-19386,C-1312,2
TA-19387,C-1312,2
TA-19388,C-1743,1
TA-19389,C-1313,2
TA-19390,C-1313,2
TA-19391,C-1313,2
TA-19392,C-1313,2
TA-19393,C-1229,2
TA-19394,C-1243,2
TA-19395,C-1845,2
TA-19396,C-1625,2
TA-19397,C-1625,2
TA-19398,C-1625,2
TA-19399,C-1625,2
TA-19400,C-0823,2
TA-19401,C-1435,2
TA-19402,C-1313,2
TA-19403,C-1313,2
TA-19404,C-1313,2
TA-19405,C-1456,1
TA-19406,C-1243,2
TA-19407,C-1435,2
TA-19408,C-1435,2
TA-19409,C-1435,2
TA-19410,C-0823,2
TA-19411,C-1243,2
TA-19412,C-1845,2
TA-19413,C-1229,2
TA-19414,C-1229,2
TA-19415,C-1229,2
TA-19416,C-1435,2
TA-19417,C-1848,1
TA-19418,C-1848,1
TA-19419,C-1446,1
TA-19420,C-1312,2
TA-19421,C-0462,1
TA-19422,C-0457,1
TA-19423,C-0461,1
TA-19424,C-1494,1
TA-19425,C-1431,1
TA-19426,C-1249,1
TA-19435,C-1248,1
TA-19436,C-1248,1
TA-19438,C-1624,1
TA-19439,C-1624,1
TA-19440,C-1620,2
TA-19441,C-1620,2
TA-19442,C-1620,2
TA-19443,C-1620,2
TA-19444,C-1637,1
TA-19445,C-1639,1
TA-19446,C-1620,1
TA-19447,C-1622,1
TA-19448,C-1639,1
TA-19449,C-1637,1
TA-19450,C-0823,1
TA-19451,C-1312,1
TA-19452,C-1624,2
TA-19453,C-1312,2
TA-19454,C-1670,1
TA-19455,C-1845,2
TA-19456,C-1845,2
TA-19457,C-1243,2
TA-19458,C-1845,2
TA-19459,C-1505,1
TA-19460,C-1420,2
TA-19461,C-1845,2
TA-19462,C-1845,2
TA-19463,C-1845,2
TA-19464,C-1845,2
TA-19465,C-0444,2
TA-19466,C-1817,1
TA-19467,C-1845,2
TA-19468,C-1845,2
TA-19469,C-1845,2
TA-19470,C-1845,2
TA-19471,C-1577,2
TA-19472,C-1243,2
TA-19473,C-1243,2
TA-19474,C-1678,1
TA-19475,C-1845,2
TA-19476,C-0424,1
TA-19479,C-1750,1
TA-19480,C-1621,1
TA-19481,C-1673,1
TA-19482,C-1845,2
TA-19483,C-1673,1
TA-19484,C-1845,2
TA-19485,C-1845,2
TA-19486,C-1845,2
TA-19487,C-0444,2
TA-19488,C-0444,2
TA-19489,C-1848,2
TA-19490,C-1848,2
TA-19492,C-1845,2
TA-19493,C-1243,2
TA-19495,C-0448,2
TA-19496,C-0448,2
TA-19497,C-0448,2
TA-19498,C-1312,1
TA-19499,C-1420,2
TA-19501,C-0448,2
TA-19502,C-0448,2
TA-19503,C-0448,2
TA-19504,C-0448,2
TA-19505,C-0448,2
TA-19506,C-1750,1
TA-19507,C-1243,2
TA-19508,C-1622,2
TA-19509,C-1622,2
TA-19510,C-0448,2
TA-19511,C-1420,2
TA-19512,C-0846,1
TA-19514,C-1845,2
TA-19519,C-1675,1
TA-19520,C-1676,1
TA-19521,C-1676,1
TA-19522,C-1676,1
TA-19523,C-1675,1
TA-19524,C-1845,2
TA-19525,C-0478,1
TA-19526,C-1622,2
TA-19527,C-1622,2
TA-19528,C-1622,2
TA-19529,C-1622,2
TA-19530,C-0448,2
TA-19531,C-0448,2
TA-19532,C-0448,2
TA-19533,C-1577,2
TA-19534,C-1577,2
TA-19535,C-1577,2
TA-19536,C-1555,1
TA-19537,C-1621,1
TA-19538,C-1750,1
TA-19539,C-1555,1
TA-19540,C-0830,2
TA-19541,C-0830,2
TA-19542,C-1312,2
TA-19543,C-1845,2
TA-19544,C-1845,2
TA-19545,C-0444,2
TA-19546,C-0444,2
TA-19547,C-0444,2
TA-19548,C-0444,2
TA-19549,C-0444,2
TA-19550,C-0444,2
TA-19552,C-1845,2
TA-19553,C-1752,1
TA-19554,C-1625,2
TA-19556,C-1243,2
TA-19557,C-1243,2
TA-19558,C-1845,2
TA-19559,C-1352,1
TA-19562,C-1243,2
TA-19563,C-0448,1
TA-19564,C-1485,1
TA-19565,C-1312,2
TA-19566,C-0448,2
TA-19567,C-1243,2
TA-19568,C-1243,2
TA-19569,C-0448,2
TA-19570,C-0426,1
TA-19571,C-1420,1
TA-19572,C-1420,1
TA-19573,C-1621,1
TA-19574,C-1750,1
TA-19576,C-0481,1
TA-19577,C-1365,1
TA-19578,C-0448,1
TA-19579,C-0479,1
TA-19580,C-1670,1
TA-19583,C-0448,2
TA-19584,C-2040,1
TA-19585,C-2040,1
TA-19586,C-2039,1
TA-19587,C-2041,1
TA-19588,C-0444,1
TA-19589,C-1420,2
TA-19590,C-1243,2
TA-19591,C-0444,2
TA-19592,C-1845,2
TA-19593,C-1680,1
TA-19594,C-1420,2
TA-19595,C-1420,2
TA-19596,C-1420,2
TA-19597,C-1243,2
TA-19598,C-1420,2
TA-19599,C-1420,2
TA-19600,C-1848,2
TA-19601,C-1845,2
TA-19602,C-1845,2
TA-19603,C-1621,2
TA-19604,C-1970,1
TA-19605,C-0444,1
TA-19606,C-1243,2
TA-19607,C-0444,2
TA-19608,C-1845,2
TA-19609,C-1845,2
TA-19610,C-1845,2
TA-19611,C-1845,2
TA-19612,C-1845,2
TA-19613,C-1845,2
TA-19614,C-0448,2
TA-19615,C-0448,2
TA-19617,C-1243,2
TA-19618,C-1845,2
TA-19619,C-0846,1
TA-19620,C-1689,1
TA-19622,C-1233,1
TA-19623,C-0444,2
TA-19625,C-1375,1
TA-19626,C-1622,2
TA-19627,C-1420,1
TA-19628,C-1420,1
TA-19629,C-0448,2
TA-19630,C-1534,1
TA-19631,C-1534,1
TA-19632,C-1243,1
TA-19634,C-0365,1
TA-19635,C-1561,2
TA-19637,C-1817,1
TA-19638,C-1417,1
TA-19640,C-1312,2
TA-19641,C-1352,1
TA-19642,C-1845,2
TA-19643,C-1845,2
TA-19644,C-1623,2
TA-19645,C-1621,1
TA-19646,C-1622,1
TA-19647,C-1420,2
TA-19648,C-1420,2
TA-19652,C-1620,1
TA-19653,C-1680,1
TA-19654,C-1538,1
TA-19655,C-1420,1
TA-19656,C-1420,1
TA-19657,C-0844,2
TA-19658,C-0444,1
TA-19659,C-0444,1
TA-19660,C-0444,1
TA-19661,C-1621,1
TA-19662,C-1621,1
TA-19663,C-1855,1
TA-19664,C-0823,2
TA-19665,C-1691,1
TA-19666,C-0448,1
TA-19667,C-1622,1
TA-19668,C-1622,2
TA-19669,C-1621,2
TA-19670,C-1624,2
TA-19671,C-1622,1
TA-19672,C-1624,2
TA-19673,C-1624,2
TA-19674,C-1622,2
TA-19675,C-1622,1
TA-19676,C-1623,1
TA-19680,C-1420,2
TA-19681,C-1420,2
TA-19682,C-1420,2
TA-19683,C-0444,1
TA-19684,C-1243,2
TA-19685,C-1845,2
TA-19686,C-1845,2
TA-19687,C-1848,2
TA-19688,C-1243,2
TA-19690,C-1420,1
TA-19691,C-0844,2
TA-19693,C-0448,1
TA-19694,C-2043,1
TA-19695,C-1621,2
TA-19696,C-1622,1
TA-19697,C-0444,2
TA-19698,C-0444,2
TA-19699,C-0444,2
TA-19700,C-0823,1
TA-19701,C-1312,1
TA-19702,C-0823,2
TA-19703,C-1205,2
TA-19704,C-1205,2
TA-19705,C-1312,2
TA-19706,C-0832,1
TA-19707,C-0448,1
TA-19708,C-0448,1
TA-19709,C-1695,1
TA-19710,C-1312,2
TA-19711,C-1312,2
TA-19712,C-1312,2
TA-19713,C-1312,2
TA-19714,C-1312,2
TA-19715,C-1312,2
TA-19716,C-1312,2
TA-19717,C-1845,2
TA-19718,C-1243,2
TA-19719,C-0823,2
TA-19720,C-1312,2
TA-19721,C-1312,2
TA-19722,C-0823,2
TA-19723,C-0823,2
TA-19724,C-0823,2
TA-19725,C-1312,2
TA-19726,C-1337,1
TA-19728,C-0823,2
TA-19729,C-1243,2
TA-19730,C-0823,2
TA-19732,C-1845,2
TA-19733,C-1845,2
TA-19734,C-1845,2
TA-19735,C-0448,2
TA-19736,C-1312,2
TA-19737,C-1312,2
TA-19738,C-1243,2
TA-19739,C-0823,2
TA-19740,C-1845,2
TA-19741,C-1229,2
TA-19742,C-1435,2
TA-19743,C-1845,2
TA-19744,C-1243,2
TA-19745,C-1845,2
TA-19746,C-1845,2
TA-19747,C-1845,2
TA-19748,C-0444,1
TA-19749,C-0444,1
TA-19750,C-0444,1
TA-19751,C-1435,2
TA-19752,C-1954,2
TA-19753,C-0444,2
TA-19754,C-1312,2
TA-19757,C-0823,2
TA-19758,C-0823,2
TA-19759,C-1845,2
TA-19760,C-1312,2
TA-19761,C-1718,1
TA-19764,C-1848,2
TA-19765,C-1848,2
TA-19766,C-1848,2
TA-19767,C-1848,2
TA-19768,C-1468,1
TA-19769,C-0448,2
TA-19770,C-0448,2
TA-19771,C-1718,1
TA-19772,C-1845,2
TA-19776,C-1312,2
TA-19777,C-1468,1
TA-19778,C-1469,1
TA-19779,C-1587,1
TA-19780,C-0823,2
TA-19781,C-0823,2
TA-19782,C-1746,1
TA-19783,C-1317,1
TA-19784,C-1845,2
TA-19786,C-1313,2
TA-19787,C-1313,2
TA-19788,C-1313,2
TA-19789,C-1313,2
TA-19790,C-1312,2
TA-19791,C-1848,2
TA-19792,C-0823,2
TA-19793,C-0823,2
TA-19794,C-1312,2
TA-19795,C-1312,2
TA-19796,C-1312,2
TA-19797,C-1312,2
TA-19798,C-1848,2
TA-19799,C-1312,2
TA-19800,C-1312,2
TA-19801,C-1229,2
TA-19802,C-1229,2
TA-19803,C-0823,2
TA-19804,C-0823,2
TA-19805,C-1243,2
TA-19806,C-0823,2
TA-19807,C-1229,2
TA-19808,C-1312,2
TA-19809,C-1229,2
TA-19810,C-1229,2
TA-19811,C-0823,2
TA-19812,C-0823,2
TA-19813,C-1435,2
TA-19814,C-1435,2
TA-19815,C-0823,2
TA-19816,C-1229,2
TA-19817,C-1243,2
TA-19818,C-1313,2
TA-19819,C-1313,2
TA-19820,C-1313,2
TA-19821,C-1312,2
TA-19822,C-1312,2
TA-19823,C-1229,2
TA-19824,C-1229,2
TA-19825,C-1229,2
TA-19826,C-1229,2
TA-19827,C-1313,2
TA-19828,C-1845,2
TA-19829,C-1243,2
TA-19830,C-1243,2
TA-19831,C-1243,2
TA-19832,C-0448,2
TA-19833,C-1243,2
TA-19834,C-1229,2
TA-19835,C-1312,2
TA-19836,C-1312,2
TA-19837,C-1312,2
TA-19838,C-0823,2
TA-19839,C-0823,2
TA-19840,C-0002,2
TA-19842,C-1621,2
TA-19843,C-1620,2
TA-19845,C-0444,2
TA-19846,C-1845,2
TA-19847,C-1420,2
TA-19848,C-0830,2
TA-19849,C-0444,2
TA-19850,C-0444,2
TA-19851,C-0444,2
TA-19852,C-0444,2
TA-19853,C-0444,2
TA-19854,C-0444,2
TA-19855,C-0444,2
TA-19856,C-0444,2
TA-19857,C-0828,1
TA-19858,C-1622,2
TA-19861,C-1243,2
TA-19862,C-1233,1
TA-19863,C-1845,2
TA-19864,C-0448,2
TA-19866,C-0844,2
TA-19868,C-1243,2
TA-19869,C-0846,1
TA-19871,C-1848,2
TA-19872,C-1565,1
TA-19873,C-1243,2
TA-19874,C-1845,2
TA-19875,C-1845,2
TA-19876,C-1845,2
TA-19877,C-1845,2
TA-19878,C-1312,2
TA-19879,C-1845,2
TA-19880,C-1243,2
TA-19882,C-1243,2
TA-19883,C-1739,1
TA-19884,C-1420,1
TA-19886,C-1845,2
TA-19887,C-1365,1
TA-19888,C-1621,2
TA-19891,C-1420,2
TA-19892,C-0448,2
TA-19893,C-1243,2
TA-19894,C-1420,2
TA-19895,C-0448,2
TA-19896,C-1845,2
TA-19897,C-1845,2
TA-19899,C-0448,1
TA-19900,C-1845,2
TA-19901,C-1845,2
TA-19903,C-1845,2
TA-19904,C-1845,2
TA-19905,C-1845,2
TA-19906,C-1845,2
TA-19907,C-1400,1
TA-19908,C-0823,2
TA-19909,C-1845,2
TA-19910,C-1312,2
TA-19911,C-1312,2
TA-19912,C-1312,2
TA-19913,C-1312,2
TA-19914,C-1312,2
TA-19915,C-1312,2
TA-19916,C-1781,1
TA-19917,C-1770,1
TA-19918,C-1312,2
TA-19919,C-1312,2
TA-19920,C-1312,2
TA-19921,C-1229,2
TA-19922,C-1229,2
TA-19923,C-1229,2
TA-19924,C-1229,2
TA-19925,C-0823,2
TA-19926,C-0823,2
TA-19927,C-0823,2
TA-19928,C-0823,2
TA-19929,C-0823,2
TA-19930,C-0823,2
TA-19931,C-1229,2
TA-19932,C-1229,2
TA-19933,C-1620,2
TA-19934,C-1668,1
TA-19935,C-1620,2
TA-19936,C-1620,2
TA-19937,C-1620,2
TA-19938,C-1668,1
TA-19939,C-1620,2
TA-19940,C-1620,2
TA-19941,C-1620,2
TA-19942,C-1668,1
TA-19943,C-1668,1
TA-19944,C-1668,1
TA-19946,C-1624,1
TA-19947,C-1624,1
TA-19948,C-1621,2
TA-19949,C-1621,2
TA-19950,C-1622,2
TA-19951,C-1622,1
TA-19952,C-1620,1
TA-19953,C-1622,2
TA-19954,C-1622,2
TA-19955,C-1622,2
TA-19956,C-1622,2
TA-19957,C-1622,2
TA-19958,C-1621,2
TA-19959,C-1621,2
TA-19960,C-1312,2
TA-19961,C-1312,2
TA-19962,C-1312,2
TA-19963,C-1312,2
TA-19964,C-1312,2
TA-19965,C-1312,2
TA-19966,C-1312,2
TA-19967,C-1312,2
TA-19968,C-1208,1
TA-19969,C-1621,2
TA-19970,C-1622,2
TA-19971,C-1621,2
TA-19972,C-1547,1
TA-19973,C-1547,1
TA-19974,C-1445,1
TA-19975,C-1445,1
TA-19976,C-1547,1
TA-19977,C-1547,1
TA-19978,C-1445,1
TA-19979,C-1445,1
TA-19980,C-1547,1
TA-19988,C-0448,2
TA-19990,C-1578,1
TA-19991,C-1578,1
TA-19992,C-1578,1
TA-19993,C-1715,1
TA-19994,C-0833,1
TA-19995,C-1848,2
TA-19999,C-1845,2
TA-20000,C-1547,1
TA-20001,C-1547,1
TA-20002,C-1547,1
TA-20003,C-1547,1
TA-20004,C-1624,2
TA-20005,C-1623,2
TA-20006,C-1624,2
TA-20007,C-1623,1
TA-20008,C-1624,2
TA-20009,C-1243,2
TA-20010,C-1845,2
TA-20012,C-1250,1
TA-20013,C-1547,1
TA-20014,C-1547,1
TA-20015,C-1547,1
TA-20016,C-1547,1
TA-20017,C-1547,1
TA-20018,C-0448,2
TA-20019,C-0448,2
TA-20020,C-0448,2
TA-20021,C-0448,2
TA-20022,C-1450,1
TA-20024,C-1620,2
TA-20025,C-1624,1
TA-20026,C-0448,2
TA-20027,C-0448,2
TA-20028,C-0448,2
TA-20029,C-1344,1
TA-20030,C-1344,1
TA-20031,C-1625,1
TA-20032,C-1625,2
TA-20033,C-1642,2
TA-20034,C-1625,2
TA-20035,C-1642,2
TA-20036,C-1625,1
TA-20037,C-1625,1
TA-20038,C-1625,1
TA-20039,C-1625,1
TA-20040,C-1623,2
TA-20041,C-1625,1
TA-20042,C-1621,2
TA-20043,C-1623,2
TA-20044,C-1625,1
TA-20045,C-1625,1
TA-20046,C-1625,1
TA-20047,C-1625,1
TA-20048,C-0448,2
TA-20049,C-0448,2
TA-20050,C-0823,2
TA-20051,C-0823,2
TA-20052,C-0823,2
TA-20053,C-0455,1
TA-20054,C-1243,2
TA-20055,C-1243,2
TA-20056,C-1243,2
TA-20057,C-1243,2
TA-20058,C-0448,2
TA-20059,C-1243,2
TA-20060,C-1243,2
TA-20061,C-1243,2
TA-20062,C-0448,2
TA-20063,C-1243,2
TA-20064,C-1243,2
TA-20065,C-0448,2
TA-20066,C-1312,2
TA-20067,C-1312,2
TA-20068,C-1845,2
TA-20069,C-0448,2
TA-20070,C-0448,2
TA-20071,C-1243,2
TA-20072,C-1243,2
TA-20073,C-1243,2
TA-20074,C-1243,2
TA-20075,C-0448,2
TA-20076,C-1243,2
TA-20077,C-1243,2
TA-20078,C-1229,2
TA-20079,C-0444,1
TA-20080,C-0444,1
TA-20081,C-1229,2
TA-20082,C-1243,2
TA-20084,C-1392,1
TA-20085,C-0422,2
TA-20086,C-0422,2
TA-20087,C-0422,2
TA-20088,C-0422,2
TA-20089,C-0422,2
TA-20090,C-0422,2
TA-20092,C-1845,2
TA-20093,C-0448,2
TA-20094,C-0422,2
TA-20095,C-0422,2
TA-20096,C-0422,2
TA-20097,C-0422,2
TA-20098,C-0422,2
TA-20099,C-0422,2
TA-20100,C-0422,2
TA-20101,C-0422,2
TA-20102,C-0422,2
TA-20103,C-0422,2
TA-20104,C-0422,2
TA-20105,C-0422,2
TA-20106,C-0422,2
TA-20107,C-0422,2
TA-20108,C-0422,2
TA-20109,C-0422,2
TA-20110,C-0422,2
TA-20111,C-0422,2
TA-20112,C-1312,1
TA-20113,C-0422,2
TA-20115,C-0444,1
TA-20116,C-1845,2
TA-20117,C-1845,2
TA-20118,C-1845,2
TA-20119,C-1420,2
TA-20120,C-1420,2
TA-20121,C-1420,2
TA-20123,C-1845,2
TA-20124,C-1845,2
TA-20125,C-1577,2
TA-20126,C-1577,2
TA-20127,C-1845,2
TA-20129,C-0823,2
TA-20130,C-0823,2
TA-20131,C-1420,2
TA-20132,C-1420,2
TA-20133,C-1845,2
TA-20134,C-1845,2
TA-20135,C-1845,2
TA-20136,C-1243,2
TA-20137,C-1420,2
TA-20138,C-1243,2
TA-20139,C-0444,1
TA-20140,C-0444,1
TA-20141,C-0444,1
TA-20142,C-0422,2
TA-20143,C-0422,2
TA-20144,C-0422,2
TA-20145,C-1312,2
TA-20146,C-0448,2
TA-20147,C-0448,2
TA-20148,C-0448,2
TA-20149,C-0448,2
TA-20150,C-1312,1
TA-20151,C-1243,2
TA-20152,C-1243,2
TA-20153,C-1243,2
TA-20154,C-1243,2
TA-20155,C-1229,2
TA-20156,C-1312,2
TA-20157,C-1243,2
TA-20158,C-1243,2
TA-20159,C-1243,2
TA-20160,C-1243,2
TA-20161,C-1243,2
TA-20162,C-1243,2
TA-20163,C-1243,2
TA-20164,C-1243,2
TA-20165,C-1243,2
TA-20166,C-1243,2
TA-20167,C-1435,2
TA-20168,C-0823,2
TA-20169,C-1229,2
TA-20170,C-0449,1
TA-20171,C-1312,2
TA-20172,C-1312,2
TA-20173,C-1621,2
TA-20174,C-1621,2
TA-20175,C-1621,2
TA-20176,C-1621,2
TA-20177,C-1621,2
TA-20178,C-1621,2
TA-20179,C-1621,2
TA-20180,C-1621,2
TA-20181,C-1621,2
TA-20182,C-1312,2
TA-20183,C-1312,2
TA-20184,C-1312,2
TA-20185,C-1312,2
TA-20186,C-1312,2
TA-20187,C-1312,2
TA-20188,C-1312,2
TA-20189,C-1312,2
TA-20190,C-1312,2
TA-20191,C-1313,2
TA-20192,C-1313,2
TA-20193,C-1621,2
TA-20194,C-1435,2
TA-20195,C-1312,2
TA-20196,C-1312,2
TA-20197,C-1312,2
TA-20198,C-1312,2
TA-20199,C-1312,2
TA-20200,C-1622,2
TA-20201,C-1621,2
TA-20202,C-1621,2
TA-20203,C-1621,2
TA-20204,C-1624,1
TA-20205,C-1624,2
TA-20206,C-1624,2
TA-20207,C-0823,2
TA-20208,C-1625,1
TA-20209,C-1621,2
TA-20210,C-1621,2
TA-20211,C-1621,1
TA-20212,C-1622,1
TA-20213,C-1621,2
TA-20214,C-1312,2
TA-20215,C-1312,2
TA-20216,C-1312,2
TA-20217,C-1621,2
TA-20218,C-1312,2
TA-20219,C-0823,2
TA-20220,C-0823,2
TA-20221,C-1622,2
TA-20222,C-1622,1
TA-20223,C-1625,1
TA-20224,C-1625,1
TA-20225,C-1312,2
TA-20226,C-1312,2
TA-20227,C-1312,2
TA-20228,C-1312,2
TA-20229,C-1312,2
TA-20230,C-1312,2
TA-20231,C-1243,2
TA-20232,C-1845,2
TA-20233,C-1243,2
TA-20234,C-1625,1
TA-20235,C-1621,2
TA-20236,C-1457,1
TA-20237,C-1457,1
TA-20238,C-1620,2
TA-20239,C-0823,2
TA-20240,C-0823,2
TA-20241,C-1450,1
TA-20242,C-1622,2
TA-20243,C-1243,2
TA-20244,C-1845,2
TA-20245,C-1243,2
TA-20246,C-0823,2
TA-20247,C-1229,2
TA-20248,C-1229,2
TA-20249,C-1624,1
TA-20250,C-1625,1
TA-20251,C-1624,1
TA-20253,C-1624,1
TA-20254,C-1889,1
TA-20255,C-1889,1
TA-20256,C-1637,2
TA-20257,C-1638,2
TA-20258,C-1624,1
TA-20259,C-1624,1
TA-20260,C-1621,2
TA-20261,C-1620,2
TA-20262,C-1845,2
TA-20263,C-1845,2
TA-20264,C-1243,2
TA-20265,C-1243,2
TA-20266,C-1243,2
TA-20267,C-1845,2
TA-20268,C-0002,2
TA-20269,C-1229,2
TA-20270,C-1547,1
TA-20271,C-1547,1
TA-20272,C-1420,1
TA-20273,C-1420,1
TA-20274,C-1420,1
TA-20275,C-1420,1
TA-20276,C-1547,1
TA-20277,C-1848,2
TA-20278,C-0444,1
TA-20279,C-1848,2
TA-20280,C-1848,2
TA-20281,C-1848,2
TA-20282,C-1716,1
TA-20283,C-1716,1
TA-20284,C-1230,2
TA-20285,C-1312,2
TA-20286,C-1312,2
TA-20287,C-1312,2
TA-20288,C-1312,2
TA-20289,C-1848,2
TA-20290,C-1312,2
TA-20291,C-1435,2
TA-20292,C-1845,2
TA-20293,C-1845,2
TA-20294,C-1845,2
TA-20295,C-1845,2
TA-20296,C-1237,1
TA-20297,C-1312,2
TA-20298,C-1312,2
TA-20299,C-1312,2
TA-20300,C-1312,2
TA-20301,C-1312,2
TA-20302,C-1312,2
TA-20303,C-1312,2
TA-20304,C-1312,2
TA-20305,C-1312,2
TA-20306,C-1312,2
TA-20307,C-1313,2
TA-20308,C-1313,2
TA-20309,C-1313,2
TA-20310,C-1313,2
TA-20311,C-1313,2
TA-20312,C-1313,2
TA-20313,C-0444,1
TA-20314,C-0444,1
TA-20315,C-0444,1
TA-20316,C-1593,1
TA-20317,C-0444,1
TA-20318,C-0444,1
TA-20319,C-0444,1
TA-20320,C-0444,2
TA-20321,C-1848,2
TA-20322,C-1848,2
TA-20323,C-1848,1
TA-20324,C-1848,1
TA-20325,C-1848,1
TA-20326,C-0823,2
TA-20327,C-1229,2
TA-20328,C-1229,2
TA-20329,C-0823,2
TA-20330,C-1435,2
TA-20331,C-1848,2
TA-20332,C-1848,2
TA-20333,C-1848,2
TA-20334,C-1848,2
TA-20335,C-0444,1
TA-20336,C-1845,2
TA-20337,C-0002,2
TA-20338,C-0002,2
TA-20339,C-1313,2
TA-20340,C-0823,2
TA-20341,C-1453,1
TA-20343,C-1622,1
TA-20344,C-1622,1
TA-20345,C-1622,1
TA-20346,C-1621,1
TA-20347,C-1622,1
TA-20348,C-1313,2
TA-20349,C-1622,2
TA-20350,C-1622,2
TA-20351,C-1622,2
TA-20352,C-1622,2
TA-20354,C-1623,1
TA-20355,C-1623,1
TA-20356,C-1236,1
TA-20357,C-1621,2
TA-20358,C-1621,2
TA-20359,C-1625,1
TA-20360,C-1625,1
TA-20361,C-1624,1
TA-20362,C-1624,1
TA-20363,C-0460,1
TA-20364,C-1623,2
TA-20365,C-1623,2
TA-20366,C-1621,2
TA-20367,C-1621,2
TA-20368,C-1686,1
TA-20369,C-1487,1
TA-20370,C-1623,1
TA-20371,C-1623,1
TA-20372,C-1623,2
TA-20373,C-1845,2
TA-20374,C-1420,2
TA-20375,C-1624,1
TA-20376,C-1625,1
TA-20377,C-1624,1
TA-20378,C-1625,1
TA-20379,C-1622,2
TA-20380,C-1622,2
TA-20381,C-1622,2
TA-20382,C-1622,2
TA-20383,C-1229,2
TA-20384,C-0823,2
TA-20385,C-0823,2
TA-20386,C-1919,2
TA-20387,C-1624,2
TA-20388,C-1622,2
TA-20389,C-1622,2
TA-20390,C-1622,2
TA-20391,C-1622,2
TA-20392,C-1622,2
TA-20393,C-1622,2
TA-20394,C-1621,2
TA-20395,C-1622,1
TA-20396,C-1505,1
TA-20397,C-1505,1
TA-20398,C-1622,2
TA-20399,C-1512,1
TA-20400,C-0424,2
TA-20402,C-1622,2
TA-20403,C-1622,2
TA-20404,C-1622,2
TA-20405,C-1229,2
TA-20406,C-1229,2
TA-20407,C-1229,2
TA-20408,C-1229,2
TA-20409,C-1229,2
TA-20410,C-1229,2
TA-20411,C-1622,1
TA-20412,C-1623,2
TA-20413,C-1623,2
TA-20414,C-1623,2
TA-20415,C-1623,2
TA-20416,C-1623,2
TA-20417,C-0816,1
TA-20418,C-1621,2
TA-20420,C-1625,2
TA-20422,C-1621,2
TA-20423,C-1621,2
TA-20424,C-1621,2
TA-20425,C-1622,2
TA-20426,C-1625,2
TA-20427,C-1625,2
TA-20428,C-1620,2
TA-20429,C-1623,2
TA-20430,C-1623,2
TA-20431,C-1623,2
TA-20432,C-1623,2
TA-20433,C-1414,1
TA-20435,C-1426,1
TA-20436,C-1621,2
TA-20437,C-1621,2
TA-20438,C-1621,2
TA-20439,C-1621,2
TA-20440,C-1621,2
TA-20441,C-1434,1
TA-20442,C-1625,1
TA-20443,C-1547,1
TA-20444,C-1625,1
TA-20445,C-1547,1
TA-20446,C-1621,2
TA-20447,C-1623,2
TA-20448,C-1623,2
TA-20449,C-1624,2
TA-20450,C-1624,2
TA-20451,C-1624,1
TA-20452,C-1229,2
TA-20453,C-1229,2
TA-20454,C-1623,2
TA-20455,C-1623,2
TA-20456,C-1624,1
TA-20457,C-1624,2
TA-20458,C-1624,1
TA-20459,C-1725,1
TA-20460,C-1625,1
TA-20461,C-1625,1
TA-20462,C-1229,2
TA-20463,C-1210,1
TA-20465,C-1623,1
TA-20466,C-1623,1
TA-20467,C-1623,1
TA-20468,C-1625,1
TA-20469,C-1625,1
TA-20470,C-1624,1
TA-20471,C-1624,1
TA-20472,C-1417,1
TA-20475,C-0466,1
TA-20476,C-0466,1
TA-20477,C-1418,1
TA-20478,C-1624,1
TA-20479,C-0459,1
TA-20480,C-1621,2
TA-20481,C-1229,2
TA-20482,C-1229,2
TA-20483,C-1229,2
TA-20484,C-1435,2
TA-20485,C-0823,2
TA-20486,C-1435,2
TA-20487,C-1229,2
TA-20488,C-1622,2
TA-20489,C-1536,1
TA-20490,C-1623,2
TA-20491,C-1623,2
TA-20492,C-1623,1
TA-20494,C-1823,1
TA-20495,C-1624,2
TA-20496,C-1624,2
TA-20497,C-1625,1
TA-20498,C-1621,2
TA-20499,C-1621,2
TA-20500,C-1637,2
TA-20501,C-1637,2
TA-20502,C-1624,2
TA-20503,C-1624,2
TA-20504,C-1621,2
TA-20505,C-1345,1
TA-20506,C-1621,1
TA-20507,C-1621,1
TA-20508,C-1624,1
TA-20509,C-1625,1
TA-20510,C-1625,1
TA-20511,C-1625,1
TA-20512,C-1621,2
TA-20513,C-1621,2
TA-20515,C-1638,2
TA-20516,C-1638,2
TA-20518,C-0448,2
TA-20519,C-0448,2
TA-20520,C-0448,2
TA-20521,C-0448,2
TA-20522,C-0448,2
TA-20523,C-0448,2
TA-20524,C-1578,1
TA-20525,C-1578,1
TA-20526,C-1848,2
TA-20527,C-1848,2
TA-20528,C-0444,1
TA-20529,C-1468,1
TA-20530,C-1217,1
TA-20531,C-1435,2
TA-20532,C-0823,2
TA-20533,C-1502,1
TA-20534,C-1243,2
TA-20535,C-1243,2
TA-20536,C-1243,2
TA-20537,C-1243,2
TA-20538,C-0823,2
TA-20539,C-0444,1
TA-20540,C-1641,1
TA-20541,C-2005,1
TA-20542,C-1624,1
TA-20543,C-1624,1
TA-20544,C-1620,1
TA-20545,C-1625,1
TA-20546,C-1625,1
TA-20547,C-1906,1
TA-20548,C-1625,1
TA-20549,C-2008,2
TA-20550,C-1623,1
TA-20551,C-1912,1
TA-20552,C-1620,1
TA-20553,C-1625,1
TA-20554,C-1243,2
TA-20555,C-1845,2
TA-20556,C-1243,2
TA-20559,C-1620,2
TA-20560,C-1620,2
TA-20561,C-1620,2
TA-20562,C-1620,1
TA-20563,C-1621,2
TA-20564,C-1624,1
TA-20565,C-1621,2
TA-20566,C-1624,1
TA-20567,C-1649,1
TA-20568,C-1649,1
TA-20569,C-1625,1
TA-20570,C-1621,2
TA-20571,C-1621,2
TA-20572,C-1622,2
TA-20573,C-1621,2
TA-20574,C-1621,2
TA-20575,C-1621,2
TA-20577,C-1435,2
TA-20578,C-1435,2
TA-20579,C-0823,2
TA-20580,C-1622,2
TA-20581,C-1620,2
TA-20582,C-1620,2
TA-20583,C-1622,2
TA-20584,C-1620,2
TA-20585,C-1624,1
TA-20586,C-1620,2
TA-20587,C-1624,2
TA-20588,C-1621,2
TA-20589,C-1621,2
TA-20590,C-1620,2
TA-20591,C-1620,2
TA-20592,C-1312,2
TA-20593,C-1312,2
TA-20594,C-1539,1
TA-20595,C-1624,1
TA-20596,C-1624,1
TA-20597,C-1312,2
TA-20598,C-1435,2
TA-20599,C-1931,1
TA-20600,C-1435,2
TA-20601,C-1623,1
TA-20602,C-1623,1
TA-20603,C-1623,1
TA-20604,C-1623,1
TA-20605,C-1797,1
TA-20606,C-1243,2
TA-20607,C-1624,1
TA-20608,C-1624,1
TA-20609,C-1243,2
TA-20610,C-1620,2
TA-20611,C-1621,2
TA-20612,C-1621,2
TA-20613,C-1343,1
TA-20614,C-1343,1
TA-20615,C-1624,2
TA-20616,C-1624,2
TA-20617,C-1625,1
TA-20618,C-1344,1
TA-20619,C-1344,1
TA-20622,C-1845,2
TA-20623,C-1230,2
TA-20624,C-1624,1
TA-20625,C-1312,2
TA-20626,C-1312,2
TA-20627,C-1312,2
TA-20628,C-1312,2
TA-20629,C-1471,1
TA-20630,C-1313,2
TA-20631,C-1313,2
TA-20632,C-1313,2
TA-20633,C-1313,2
TA-20634,C-1644,1
TA-20635,C-1644,1
TA-20636,C-0823,2
TA-20637,C-0823,2
TA-20638,C-0448,2
TA-20639,C-1538,1
TA-20640,C-0823,2
TA-20641,C-0823,2
TA-20642,C-1243,2
TA-20643,C-1243,2
TA-20644,C-1243,2
TA-20645,C-1312,2
TA-20646,C-1312,2
TA-20647,C-1312,2
TA-20648,C-1312,2
TA-20649,C-1312,2
TA-20650,C-1312,2
TA-20651,C-1312,2
TA-20652,C-1313,2
TA-20653,C-1313,2
TA-20654,C-1229,2
TA-20655,C-1229,2
TA-20656,C-1624,2
TA-20657,C-1624,2
TA-20658,C-1624,2
TA-20659,C-1621,2
TA-20660,C-1621,2
TA-20661,C-1622,2
TA-20662,C-1621,2
TA-20663,C-1621,2
TA-20664,C-1235,1
TA-20665,C-0459,2
TA-20666,C-1625,1
TA-20667,C-1625,2
TA-20668,C-1624,2
TA-20669,C-1621,2
TA-20670,C-1621,2
TA-20671,C-1621,2
TA-20672,C-1229,2
TA-20673,C-1229,2
TA-20674,C-1420,1
TA-20675,C-1229,2
TA-20676,C-1229,2
TA-20677,C-0448,2
TA-20678,C-0448,2
TA-20679,C-1845,2
TA-20680,C-1420,2
TA-20681,C-1420,2
TA-20682,C-1312,2
TA-20683,C-1243,2
TA-20684,C-1312,2
TA-20685,C-1312,2
TA-20686,C-0823,2
TA-20687,C-1312,1
TA-20688,C-1312,2
TA-20689,C-1312,2
TA-20690,C-1229,2
TA-20691,C-1312,2
TA-20692,C-1312,2
TA-20693,C-0823,2
TA-20694,C-1312,2
TA-20695,C-1229,2
TA-20696,C-1229,2
TA-20697,C-1229,2
TA-20698,C-1229,2
TA-20699,C-1312,2
TA-20700,C-1312,2
TA-20701,C-1435,1
TA-20703,C-1620,2
TA-20704,C-1435,1
TA-20705,C-1845,2
TA-20706,C-1229,2
TA-20707,C-1243,2
TA-20708,C-1312,2
TA-20709,C-1312,2
TA-20710,C-1845,2
TA-20711,C-1229,1
TA-20712,C-1624,1
TA-20713,C-1647,2
TA-20714,C-1647,2
TA-20715,C-1622,1
TA-20716,C-1622,1
TA-20717,C-1624,1
TA-20718,C-1623,1
TA-20719,C-1623,1
TA-20720,C-1647,2
TA-20721,C-1647,2
TA-20722,C-1623,1
TA-20723,C-1622,1
TA-20724,C-1622,1
TA-20725,C-1622,1
TA-20726,C-1845,1
TA-20727,C-1624,1
TA-20728,C-1624,1
TA-20729,C-1624,1
TA-20730,C-1623,1
TA-20731,C-1622,1
TA-20732,C-1622,1
TA-20733,C-1622,1
TA-20734,C-1622,1
TA-20735,C-1621,2
TA-20736,C-1621,2
TA-20737,C-1622,1
TA-20738,C-1623,1
TA-20739,C-1623,1
TA-20740,C-1623,1
TA-20741,C-1623,1
TA-20742,C-1624,2
TA-20743,C-1646,2
TA-20744,C-0011,1
TA-20745,C-1624,1
TA-20746,C-1624,1
TA-20747,C-1845,1
TA-20748,C-1623,1
TA-20749,C-1623,1
TA-20750,C-1624,1
TA-20751,C-1624,1
TA-20752,C-1624,1
TA-20753,C-1648,2
TA-20754,C-1648,2
TA-20755,C-1624,1
TA-20756,C-0457,1
TA-20757,C-0457,1
TA-20758,C-0457,1
TA-20759,C-1625,1
TA-20760,C-1647,2
TA-20761,C-1647,2
TA-20762,C-1649,2
TA-20763,C-1649,2
TA-20764,C-1622,1
TA-20765,C-1622,1
TA-20766,C-1475,1
TA-20767,C-1622,1
TA-20768,C-1646,2
TA-20769,C-1649,2
TA-20770,C-1640,1
TA-20771,C-1640,1
TA-20772,C-1648,2
TA-20773,C-1648,2
TA-20774,C-1625,1
TA-20775,C-1620,1
TA-20776,C-1620,1
TA-20777,C-1648,2
TA-20778,C-1648,2
TA-20779,C-1647,2
TA-20780,C-1624,1
TA-20781,C-1624,1
TA-20782,C-1624,1
TA-20783,C-1624,1
TA-20784,C-1624,1
TA-20785,C-1623,1
TA-20786,C-1623,1
TA-20787,C-1622,2
TA-20788,C-1648,2
TA-20789,C-1648,2
TA-20790,C-1625,1
TA-20791,C-1625,1
TA-20792,C-1620,2
TA-20793,C-1620,2
TA-20794,C-1620,2
TA-20795,C-1624,1
TA-20796,C-1647,2
TA-20797,C-1647,2
TA-20798,C-1623,1
TA-20799,C-1623,1
TA-20800,C-1623,1
TA-20801,C-1621,1
TA-20802,C-1622,1
TA-20803,C-1622,1
TA-20804,C-1622,1
TA-20805,C-1622,1
TA-20806,C-1622,1
TA-20807,C-1622,1
TA-20808,C-1620,1
TA-20809,C-1620,1
TA-20810,C-1623,1
TA-20811,C-1623,1
TA-20812,C-1623,1
TA-20813,C-1623,1
TA-20814,C-1623,1
TA-20815,C-1623,1
TA-20816,C-1621,1
TA-20817,C-1579,1
TA-20818,C-1579,1
TA-20819,C-1620,1
TA-20820,C-1620,1
TA-20821,C-1624,1
TA-20822,C-1624,1
TA-20823,C-1624,1
TA-20824,C-1624,1
TA-20825,C-1623,1
TA-20826,C-1623,1
TA-20827,C-1647,2
TA-20828,C-1647,2
TA-20829,C-1625,1
TA-20830,C-1625,1
TA-20831,C-1647,2
TA-20832,C-1624,1
TA-20833,C-1218,1
TA-20834,C-1649,1
TA-20835,C-1622,1
TA-20836,C-1622,1
TA-20837,C-1647,2
TA-20838,C-1647,2
TA-20839,C-1621,2
TA-20840,C-1621,2
TA-20841,C-1622,2
TA-20842,C-1622,2
TA-20843,C-1623,1
TA-20844,C-1623,2
TA-20845,C-1623,2
TA-20846,C-1620,2
TA-20847,C-1218,1
TA-20848,C-1647,2
TA-20849,C-1624,1
TA-20850,C-1624,1
TA-20851,C-1621,1
TA-20852,C-1623,2
TA-20853,C-1623,2
TA-20854,C-1621,2
TA-20855,C-1621,2
TA-20856,C-1622,2
TA-20857,C-1622,2
TA-20858,C-1622,2
TA-20859,C-1621,2
TA-20860,C-1621,2
TA-20861,C-1621,2
TA-20862,C-1621,2
TA-20863,C-1622,2
TA-20864,C-1621,2
TA-20865,C-1639,2
TA-20866,C-1622,2
TA-20867,C-1621,2
TA-20868,C-1621,1
TA-20869,C-1231,1
TA-20870,C-1312,2
TA-20871,C-1312,2
TA-20872,C-1312,2
TA-20873,C-1312,2
TA-20874,C-1312,2
TA-20875,C-1312,2
TA-20876,C-1312,2
TA-20877,C-1312,2
TA-20878,C-1312,2
TA-20879,C-1312,2
TA-20880,C-1312,2
TA-20881,C-1312,2
TA-20882,C-1312,2
TA-20883,C-1312,2
TA-20884,C-1312,2
TA-20885,C-0823,2
TA-20886,C-1621,1
TA-20887,C-1621,2
TA-20888,C-0829,1
TA-20889,C-1624,2
TA-20890,C-1624,2
TA-20891,C-1312,2
TA-20892,C-1312,2
TA-20893,C-1624,2
TA-20894,C-0823,2
TA-20895,C-0823,2
TA-20896,C-0823,2
TA-20897,C-1243,1
TA-20898,C-1243,1
TA-20899,C-1312,2
TA-20900,C-1312,2
TA-20901,C-1312,2
TA-20902,C-1312,2
TA-20903,C-1312,2
TA-20904,C-1312,2
TA-20905,C-1312,2
TA-20906,C-1621,2
TA-20907,C-1312,2
TA-20908,C-1313,2
TA-20909,C-1313,2
TA-20910,C-1313,2
TA-20911,C-1312,2
TA-20912,C-1312,2
TA-20913,C-1621,2
TA-20914,C-1622,2
TA-20915,C-1621,2
TA-20916,C-1622,2
TA-20917,C-0823,2
TA-20918,C-1620,1
TA-20919,C-1622,1
TA-20920,C-1222,1
TA-20921,C-1222,1
TA-20922,C-1848,2
TA-20923,C-1312,2
TA-20924,C-1312,2
TA-20925,C-1312,2
TA-20926,C-1312,2
TA-20927,C-1312,2
TA-20928,C-1312,2
TA-20929,C-1312,2
TA-20930,C-1312,2
TA-20931,C-1312,2
TA-20932,C-1312,2
TA-20933,C-1312,2
TA-20934,C-1312,2
TA-20935,C-1312,2
TA-20936,C-1312,2
TA-20937,C-1312,2
TA-20938,C-1312,2
TA-20939,C-1312,2
TA-20940,C-1312,2
TA-20941,C-1312,2
TA-20942,C-1312,2
TA-20943,C-1312,2
TA-20944,C-1312,2
TA-20945,C-1476,1
TA-20946,C-1621,2
TA-20947,C-1622,2
TA-20948,C-1623,1
TA-20949,C-1623,1
TA-20950,C-1621,2
TA-20951,C-1621,2
TA-20952,C-1625,1
TA-20953,C-1627,1
TA-20954,C-1795,2
TA-20955,C-1623,2
TA-20956,C-1625,2
TA-20957,C-1625,2
TA-20958,C-1476,1
TA-20959,C-1637,2
TA-20960,C-1639,1
TA-20961,C-0822,1
TA-20962,C-0822,1
TA-20963,C-1428,2
TA-20964,C-1428,2
TA-20965,C-0826,1
TA-20966,C-1625,1
TA-20967,C-0461,1
TA-20968,C-1625,1
TA-20969,C-0461,1
TA-20970,C-1428,2
TA-20971,C-1428,2
TA-20972,C-1621,2
TA-20974,C-1313,2
TA-20975,C-1313,2
TA-20976,C-1229,2
TA-20977,C-1229,2
TA-20978,C-1435,2
TA-20979,C-0002,2
TA-20980,C-1313,2
TA-20981,C-1347,1
TA-20982,C-1312,2
TA-20983,C-1312,2
TA-20984,C-1312,2
TA-20985,C-1312,2
TA-20986,C-1312,2
TA-20987,C-1312,2
TA-20988,C-1312,2
TA-20989,C-1845,2
TA-20990,C-1845,2
TA-20991,C-1845,2
TA-20992,C-1230,2
TA-20994,C-1229,2
TA-20995,C-1313,2
TA-20996,C-0448,2
TA-20997,C-1848,2
TA-20998,C-1848,2
TA-20999,C-0823,2
TA-21000,C-1313,2
TA-21001,C-1848,1
TA-21002,C-1848,1
TA-21003,C-1848,1
TA-21004,C-1312,2
TA-21005,C-1312,2
TA-21006,C-1312,2
TA-21007,C-1312,2
TA-21008,C-1312,2
TA-21009,C-1312,2
TA-21010,C-1312,2
TA-21011,C-1312,2
TA-21012,C-1312,2
TA-21013,C-1312,2
TA-21014,C-1312,2
TA-21015,C-1312,2
TA-21016,C-1312,2
TA-21017,C-1312,2
TA-21018,C-1312,2
TA-21019,C-1243,2
TA-21020,C-1312,2
TA-21021,C-1312,2
TA-21022,C-1313,2
TA-21023,C-1313,2
TA-21024,C-1313,2
TA-21025,C-1313,2
TA-21026,C-1312,2
TA-21027,C-1312,2
TA-21028,C-1312,2
TA-21029,C-1312,2
TA-21030,C-1312,2
TA-21031,C-1312,2
TA-21032,C-1312,2
TA-21035,C-1848,1
TA-21036,C-1229,2
TA-21037,C-1229,2
TA-21038,C-1243,2
TA-21039,C-1243,2
TA-21040,C-1243,2
TA-21041,C-1243,2
TA-21042,C-0448,2
TA-21043,C-1243,2
TA-21044,C-1243,2
TA-21045,C-0448,2
TA-21046,C-0448,2
TA-21047,C-1848,2
TA-21048,C-1435,2
TA-21049,C-0448,2
TA-21050,C-0002,2
TA-21051,C-1243,2
TA-21052,C-1243,2
TA-21053,C-0444,1
TA-21054,C-0444,1
TA-21055,C-1312,2
TA-21056,C-1312,2
TA-21057,C-1451,1
TA-21058,C-1623,2
TA-21059,C-1620,2
TA-21060,C-1622,2
TA-21061,C-1623,2
TA-21062,C-1622,2
TA-21066,C-1428,2
TA-21067,C-1428,2
TA-21068,C-1428,2
TA-21069,C-1428,2
TA-21070,C-0823,2
TA-21071,C-1312,2
TA-21072,C-1312,1
TA-21073,C-1886,2
TA-21074,C-0823,1
TA-21075,C-0823,2
TA-21076,C-1639,2
TA-21078,C-1624,2
TA-21080,C-1224,1
TA-21081,C-1224,1
TA-21082,C-1848,2
TA-21083,C-1312,1
TA-21084,C-0823,1
TA-21087,C-0422,2
TA-21088,C-0422,2
TA-21089,C-0422,2
TA-21090,C-0422,2
TA-21091,C-0422,2
TA-21092,C-0422,2
TA-21093,C-0422,2
TA-21094,C-0422,2
TA-21095,C-0422,2
TA-21096,C-1420,2
TA-21097,C-1420,2
TA-21099,C-1555,1
TA-21100,C-1555,1
TA-21101,C-1420,1
TA-21102,C-1420,1
TA-21103,C-1672,2
TA-21104,C-1672,2
TA-21105,C-1672,2
TA-21106,C-1672,2
TA-21107,C-1672,2
TA-21108,C-1672,2
TA-21109,C-0441,1
TA-21110,C-0427,1
TA-21112,C-0432,1
TA-21113,C-1200,1
TA-21115,C-1233,1
TA-21116,C-0448,2
TA-21117,C-0444,2
TA-21118,C-1398,2
TA-21119,C-1437,2
TA-21120,C-1243,2
TA-21121,C-1312,1
TA-21122,C-0448,1
TA-21123,C-0448,1
TA-21124,C-0446,1
TA-21125,C-0446,1
TA-21127,C-0432,1
TA-21129,C-1420,2
TA-21130,C-1845,2
TA-21131,C-1312,2
TA-21132,C-1577,2
TA-21133,C-0442,1
TA-21134,C-1642,1
TA-21135,C-1845,2
TA-21136,C-1670,1
TA-21137,C-0442,1
TA-21138,C-0448,1
TA-21139,C-2043,1
TA-21140,C-0448,1
TA-21141,C-1817,1
TA-21143,9999,1
TA-21144,9999,1
TA-21145,C-0830,2
TA-21146,C-1420,2
TA-21147,C-1417,1
TA-21149,C-1243,2
TA-21150,C-1621,2
TA-21151,C-1621,2
TA-21157,C-1917,2
TA-21158,C-1817,1
TA-21159,C-1243,2
TA-21160,C-0444,1
TA-21161,C-0444,2
TA-21162,C-1845,2
TA-21163,C-1420,2
TA-21164,C-2044,1
TA-21165,C-1917,2
TA-21166,C-2044,1
TA-21167,C-1534,1
TA-21169,C-0467,1
TA-21170,C-1243,2
TA-21173,C-1817,1
TA-21176,C-1845,2
TA-21177,C-1243,2
TA-21178,C-0448,1
TA-21180,C-1420,1
TA-21181,C-1420,1
TA-21182,C-1845,2
TA-21183,C-1243,2
TA-21184,C-1750,1
TA-21185,C-1694,2
TA-21186,C-1694,2
TA-21187,C-1692,1
TA-21188,C-1622,1
TA-21189,C-0448,1
TA-21190,C-1420,1
TA-21191,C-1420,1
TA-21192,C-1373,1
TA-21193,C-1420,1
TA-21194,C-1420,1
TA-21195,C-1373,1
TA-21196,C-1364,1
TA-21197,C-1733,1
TA-00001,C-1629,2
TA-00005,C-1631,1
TA-00006,C-1631,1
TA-00007,C-1629,2
TA-00009,C-1632,2
TA-00014,C-1629,2
TA-00015,C-0449,2
TA-00016,C-1934,1
TA-00017,C-1933,1
TA-00020,C-1374,2
TA-00021,C-1374,2
TA-00027,C-1846,2
TA-00029,C-1421,1
TA-00030,C-1628,2
TA-00031,C-1628,2
TA-00035,C-1421,1
TA-00036,C-1628,2
TA-00037,C-1244,1
TA-00038,C-1628,1
TA-00039,C-1627,2
TA-00040,C-1622,1
TA-00041,C-1421,1
TA-00042,C-1421,2
TA-00043,C-0023,1
TA-00045,C-0025,1
TA-00047,C-0449,2
TA-00048,C-0445,2
TA-00049,C-0445,1
TA-00050,C-1244,2
TA-00052,C-1625,1
TA-00053,C-1628,2
TA-00054,C-1628,2
TA-00055,C-1630,1
TA-00056,C-1630,1
TA-00057,C-1632,1
TA-00059,C-0013,1
TA-00062,C-1628,2
TA-00063,C-1628,2
TA-00066,C-1724,1
TA-00069,C-1369,2
TA-00072,C-1502,1
TA-00097,C-1628,2
TA-00098,C-1625,1
TA-00100,C-1628,2
TA-00102,C-1846,2
TA-00103,C-1831,4
TA-00104,C-1629,2
TA-00107,C-1420,1
TA-00108,C-1632,1
TA-00109,C-1632,1
TA-00111,C-1598,1
TA-00112,C-0056,5
TA-00113,C-1627,2
TA-00114,C-1846,2
TA-00115,C-1846,2
TA-00116,C-1846,2
TA-00117,C-1421,2
TA-00118,C-1629,2
TA-00119,C-1628,2
TA-00120,C-1628,2
TA-00121,C-1628,2
TA-00122,C-1628,2
TA-00123,C-1631,1
TA-00125,C-1632,1
TA-00126,C-1631,2
TA-00127,C-1628,2
TA-00129,C-1627,2
TA-00130,C-1627,2
TA-00131,C-1632,2
TA-00132,C-1631,1
TA-00133,C-1631,1
TA-00134,C-1631,1
TA-00136,C-1628,2
TA-00141,C-1474,1
TA-00142,C-1481,1
TA-00144,C-2016,1
TA-00153,C-1628,2
TA-00154,C-1635,1
TA-00155,C-1635,1
TA-00156,C-1846,2
TA-00157,C-1909,1
TA-00159,C-1632,1
TA-00161,C-1628,2
TA-00163,C-1244,2
TA-00164,C-1244,1
TA-00165,C-1563,1
TA-00167,C-0445,2
TA-00168,C-1596,1
TA-00169,C-1846,2
TA-00170,C-1647,1
TA-00171,C-1908,1
TA-00172,C-1908,1
TA-00173,C-1647,1
TA-00174,C-1632,1
TA-00175,C-0449,1
TA-00176,C-0449,1
TA-00178,C-1421,1
TA-00179,C-1627,2
TA-00180,C-1645,1
TA-00181,C-1480,1
TA-00182,C-1476,1
TA-00183,C-1483,1
TA-00184,C-1630,1
TA-00185,C-1630,1
TA-00186,C-1846,2
TA-00187,C-1627,2
TA-00193,C-1628,1
TA-00198,C-1502,1
TA-00199,C-1846,2
TA-00200,C-0449,2
TA-00201,C-0445,2
TA-00202,C-0445,2
TA-00203,C-1628,1
TA-00204,C-1630,1
TA-00205,C-1632,1
TA-00206,C-1421,2
TA-00207,C-1421,2
TA-00208,C-1421,2
TA-00209,C-0449,2
TA-00210,C-1421,2
TA-00211,C-1421,2
TA-00212,C-1421,2
TA-00213,C-1421,2
TA-00214,C-1421,2
TA-00215,C-0449,2
TA-00216,C-1421,2
TA-00217,C-2018,1
TA-00218,C-1846,2
TA-00219,C-1846,2
TA-00220,C-1476,1
TA-00221,C-1630,2
TA-00222,C-1628,2
TA-00223,C-1630,1
TA-00224,C-1628,2
TA-00226,C-1629,2
TA-00227,C-1624,1
TA-00228,C-0449,2
TA-00230,C-0449,2
TA-00231,C-1632,1
TA-00233,C-1629,2
TA-00234,C-1628,2
TA-00235,C-1629,2
TA-00236,C-1632,1
TA-00237,C-1630,1
TA-00238,C-1421,2
TA-00239,C-1421,2
TA-00241,C-1244,1
TA-00242,C-1244,1
TA-00243,C-1244,1
TA-00244,C-1244,1
TA-00245,C-1621,1
TA-00246,C-1627,1
TA-00247,C-1244,1
TA-00248,C-1628,2
TA-00249,C-1642,1
TA-00251,C-0445,2
TA-00252,C-1429,1
TA-00253,C-1429,1
TA-00254,C-1421,2
TA-00270,C-1630,1
TA-00271,C-1630,1
TA-00272,C-1627,2
TA-00273,C-1629,2
TA-00274,C-1629,2
TA-00275,C-1735,1
TA-00276,C-1846,2
TA-00279,C-1628,2
TA-00282,C-1421,2
TA-00283,C-1244,2
TA-00284,C-1846,2
TA-00292,C-1628,2
TA-00293,C-1628,1
TA-00294,C-1628,1
TA-00295,C-1628,1
TA-00296,C-1628,2
TA-00297,C-1628,2
TA-00298,C-1628,2
TA-00299,C-1628,2
TA-00301,C-1631,2
TA-00302,C-1631,2
TA-00303,C-1421,1
TA-00306,C-0445,1
TA-00308,C-1631,2
TA-00310,C-1628,2
TA-00312,C-1628,2
TA-00313,C-1628,2
TA-00314,C-1628,1
TA-00315,C-1628,1
TA-00316,C-1846,2
TA-00317,C-1629,1
TA-00318,C-1629,1
TA-00319,C-1628,2
TA-00320,C-1635,1
TA-00321,C-1635,1
TA-00323,C-1628,2
TA-00324,C-1846,2
TA-00325,C-1846,2
TA-00326,C-1846,2
TA-00327,C-1421,1
TA-00328,C-0445,2
TA-00329,C-0449,1
TA-00333,C-1632,1
TA-00334,C-1629,2
TA-00335,C-1629,2
TA-00336,C-1629,2
TA-00337,C-1628,2
TA-00338,C-1628,2
TA-00339,C-1629,2
TA-00340,C-1421,2
TA-00341,C-1244,2
TA-00342,C-1846,2
TA-00345,C-0072,1
TA-00346,C-0072,1
TA-00348,C-1632,2
TA-00349,C-1632,2
TA-00350,C-1626,2
TA-00351,C-1631,1
TA-00352,C-1628,2
TA-00353,C-1628,2
TA-00354,C-1421,2
TA-00355,C-1848,1
TA-00356,C-1421,1
TA-00357,C-1421,1
TA-00358,C-1421,2
TA-00359,C-1639,1
TA-00360,C-1639,1
TA-00361,C-1639,1
TA-00367,C-1628,2
TA-00368,C-1628,2
TA-00369,C-1628,2
TA-00370,C-1846,2
TA-00371,C-1846,2
TA-00375,C-0449,1
TA-00378,C-1208,1
TA-00379,C-1629,2
TA-00380,C-1629,2
TA-00381,C-1632,1
TA-00382,C-1633,1
TA-00383,C-1647,1
TA-00384,C-1632,1
TA-00385,C-1633,1
TA-00386,C-1627,2
TA-00387,C-1628,2
TA-00390,C-0062,1
TA-00392,C-0062,1
TA-00393,C-0062,1
TA-00395,C-1632,1
TA-00396,C-1629,2
TA-00397,C-1629,2
TA-00398,C-1421,2
TA-00399,C-1421,2
TA-00400,C-1421,2
TA-00408,C-1627,2
TA-00409,C-1244,2
TA-00410,C-1846,2
TA-00411,C-1421,2
TA-00413,C-0449,1
TA-00414,C-1421,2
TA-00416,C-0001,2
TA-00417,C-0001,2
TA-00418,C-1375,1
TA-00419,C-1375,1
TA-00420,C-1375,1
TA-00421,C-1375,1
TA-00422,C-1375,1
TA-00423,C-1375,1
TA-00424,C-1375,1
TA-00425,C-1375,1
TA-00426,C-1375,1
TA-00427,C-1375,1
TA-00428,C-1375,1
TA-00429,C-1375,1
TA-00430,C-1679,1
TA-00432,C-0062,1
TA-00433,C-0062,1
TA-00434,C-0445,1
TA-00436,C-0445,2
TA-00437,C-1631,2
TA-00438,C-1631,2
TA-00439,C-1631,2
TA-00440,C-1632,1
TA-00441,C-1632,2
TA-00442,C-1630,1
TA-00443,C-1632,1
TA-00445,C-1632,2
TA-00446,C-1421,2
TA-00447,C-1421,2
TA-00448,C-1421,2
TA-00449,C-1421,2
TA-00452,C-1421,2
TA-00458,C-1632,1
TA-00459,C-1632,1
TA-00460,C-1632,1
TA-00461,C-1632,1
TA-00467,C-1244,2
TA-00468,C-1244,2
TA-00470,C-1627,2
TA-00471,C-1628,2
TA-00472,C-1628,2
TA-00474,C-1627,2
TA-00475,C-1627,2
TA-00478,C-1632,1
TA-00479,C-1629,1
TA-00480,C-1629,1
TA-00481,C-1624,1
TA-00482,C-1627,1
TA-00483,C-1627,1
TA-00485,C-1629,1
TA-00487,C-1421,2
TA-00488,C-1630,1
TA-00489,C-1630,1
TA-00490,C-1630,1
TA-00491,C-1630,1
TA-00492,C-1630,1
TA-00493,C-1630,1
TA-00494,C-1630,1
TA-00495,C-1630,1
TA-00498,C-1630,1
TA-00499,C-1630,1
TA-00500,C-1630,1
TA-00501,C-1421,2
TA-00502,C-1421,2
TA-00503,C-1421,2
TA-00504,C-1421,2
TA-00505,C-0449,2
TA-00506,C-0449,2
TA-00510,C-1631,1
TA-00511,C-1629,2
TA-00512,C-1630,2
TA-00514,C-1630,2
TA-00516,C-1630,1
TA-00522,C-1571,1
TA-00523,C-1628,1
TA-00524,C-1628,1
TA-00525,C-1628,2
TA-00526,C-1628,2
TA-00527,C-1244,2
TA-00528,C-1244,2
TA-00529,C-0449,2
TA-00531,C-0449,1
TA-00532,C-1625,1
TA-00533,C-0449,1
TA-00535,C-1639,1
TA-00536,C-1631,2
TA-00537,C-1631,2
TA-00538,C-1632,1
TA-00539,C-1632,1
TA-00540,C-1598,1
TA-00541,C-1846,2
TA-00542,C-1846,2
TA-00544,C-1627,2
TA-00547,C-1421,2
TA-00548,C-1629,2
TA-00550,C-1631,2
TA-00551,C-1631,2
TA-00552,C-1631,1
TA-00553,C-1631,1
TA-00554,C-0449,1
TA-00556,C-1628,2
TA-00557,C-1632,1
TA-00558,C-1631,1
TA-00559,C-1631,1
TA-00560,C-1629,1
TA-00561,C-1629,1
TA-00562,C-1244,2
TA-00563,C-1244,1
TA-00564,C-1624,1
TA-00565,C-1624,1
TA-00567,C-1846,2
TA-00568,C-1631,1
TA-00569,C-1631,1
TA-00570,C-1631,1
TA-00571,C-1632,1
TA-00572,C-0449,2
TA-00573,C-1631,1
TA-00574,C-1631,1
TA-00575,C-1630,2
TA-00576,C-1630,2
TA-00577,C-1630,1
TA-00578,C-1631,1
TA-00579,C-1631,1
TA-00580,C-1631,2
TA-00581,C-1631,2
TA-00582,C-1629,2
TA-00583,C-1629,2
TA-00584,C-1629,2
TA-00585,C-1629,2
TA-00586,C-1628,2
TA-00587,C-1623,1
TA-00589,C-1631,1
TA-00595,C-1627,2
TA-00597,C-1624,1
TA-00598,C-1624,1
TA-00602,C-0001,2
TA-00603,C-1633,1
TA-00606,C-1421,2
TA-00607,C-1421,2
TA-00610,C-1244,2
TA-00611,C-1244,2
TA-00612,C-1642,1
TA-00613,C-1625,1
TA-00614,C-1628,2
TA-00620,C-1628,2
TA-00621,C-1629,2
TA-00622,C-1629,2
TA-00623,C-1629,2
TA-00624,C-1629,2
TA-00625,C-1629,2
TA-00626,C-1629,2
TA-00627,C-1629,1
TA-00628,C-1625,1
TA-00629,C-1631,2
TA-00630,C-1631,2
TA-00633,C-1628,2
TA-00634,C-1628,2
TA-00635,C-1628,2
TA-00636,C-1628,2
TA-00639,C-1628,2
TA-00640,C-1628,2
TA-00641,C-1629,2
TA-00642,C-1629,2
TA-00643,C-1628,2
TA-00644,C-1622,1
TA-00645,C-1622,1
TA-00646,C-1484,1
TA-00647,C-1725,1
TA-00648,C-1630,1
TA-00649,C-1630,1
TA-00650,C-1627,2
TA-00654,C-1421,2
TA-00659,C-1631,1
TA-00660,C-1631,1
TA-00661,C-1630,1
TA-00662,C-1630,1
TA-00663,C-1244,2
TA-00664,C-1244,2
TA-00665,C-1244,2
TA-00666,C-1421,2
TA-00667,C-1244,2
TA-00668,C-1421,2
TA-00669,C-1244,2
TA-00676,C-1658,2
TA-00677,C-1632,2
TA-00678,C-1631,1
TA-00679,C-1630,1
TA-00680,C-1630,1
TA-00681,C-1630,1
TA-00682,C-1630,1
TA-00683,C-1781,1
TA-00684,C-1631,2
TA-00685,C-1631,2
TA-00686,C-1630,1
TA-00687,C-1630,1
TA-00689,C-1629,1
TA-00691,C-1244,2
TA-00692,C-1571,1
TA-00693,C-0100,1
TA-00697,C-2005,1
TA-00698,C-1628,1
TA-00699,C-1628,2
TA-00700,C-1628,2
TA-00704,C-1421,2
TA-00709,C-1630,2
TA-00710,C-1629,2
TA-00711,C-1783,1
TA-00712,C-1781,1
TA-00713,C-1632,2
TA-00714,C-1632,2
TA-00715,C-1632,1
TA-00716,C-1632,1
TA-00717,C-1629,1
TA-00718,C-1631,1
TA-00719,C-1631,1
TA-00721,C-1481,1
TA-00723,C-1630,1
TA-00724,C-1630,1
TA-00725,C-1630,1
TA-00726,C-1630,1
TA-00727,C-1629,2
TA-00728,C-1629,1
TA-00730,C-1244,2
TA-00731,C-1629,1
TA-00733,C-1628,2
TA-00734,C-2019,1
TA-00735,C-1631,2
TA-00736,C-1631,1
TA-00737,C-1631,1
TA-00739,C-2032,1
TA-00740,C-1630,2
TA-00741,C-1630,2
TA-00742,C-1630,2
TA-00743,C-1632,2
TA-00744,C-1631,1
TA-00746,C-1208,1
TA-00747,C-1208,1
TA-00748,C-1630,1
TA-00749,C-1628,2
TA-00750,C-1630,2
TA-00751,C-1630,2
TA-00752,C-1640,1
TA-00759,C-1629,2
TA-00760,C-1629,2
TA-00761,C-1629,1
TA-00762,C-1630,2
TA-00763,C-1629,1
TA-00764,C-1630,2
TA-00765,C-1629,1
TA-00766,C-1629,2
TA-00768,C-1629,1
TA-00769,C-1629,1
TA-00770,C-1632,2
TA-00771,C-1627,2
TA-00772,C-1627,2
TA-00773,C-1627,2
TA-00774,C-1629,1
TA-00775,C-1629,1
TA-00776,C-1628,2
TA-00777,C-1628,2
TA-00779,C-1632,1
TA-00781,C-1625,1
TA-00782,C-1632,1
TA-00783,C-1632,1
TA-00784,C-1632,1
TA-00786,C-1629,2
TA-00787,C-1846,2
TA-00788,C-1630,2
TA-00789,C-1632,1
TA-00790,C-1632,1
TA-00792,C-1630,2
TA-00797,C-0098,1
TA-00798,C-1421,2
TA-00799,C-1421,2
TA-00800,C-1421,2
TA-00802,C-1421,1
TA-00803,C-1421,2
TA-00804,C-0001,2
TA-00808,C-1907,1
TA-00809,C-1629,1
TA-00810,C-1646,1
TA-00811,C-1628,1
TA-00812,C-1625,1
TA-00813,C-1628,2
TA-00814,C-1630,1
TA-00815,C-1630,1
TA-00816,C-1421,2
TA-00817,C-1421,2
TA-00818,C-1421,2
TA-00819,C-1421,2
TA-00821,C-1244,2
TA-00822,C-1244,2
TA-00824,C-1421,2
TA-00826,C-1790,1
TA-00827,C-1627,2
TA-00828,C-1998,1
TA-00829,C-1628,2
TA-00830,C-1628,2
TA-00831,C-1628,1
TA-00834,C-1631,1
TA-00835,C-1631,1
TA-00836,C-1421,2
TA-00837,C-1628,2
TA-00838,C-1630,2
TA-00839,C-1630,2
TA-00840,C-1421,2
TA-00844,C-1631,1
TA-00845,C-1998,1
TA-00846,C-1631,2
TA-00847,C-1632,2
TA-00848,C-1623,1
TA-00849,C-1632,2
TA-00850,C-1628,2
TA-00851,C-1628,1
TA-00853,C-1495,1
TA-00854,C-1495,2
TA-00855,C-1628,2
TA-00858,C-1846,2
TA-00859,C-1630,1
TA-00860,C-0449,2
TA-00863,C-1598,1
TA-00864,C-1625,2
TA-00865,C-1628,2
TA-00866,C-1630,1
TA-00867,C-1978,2
TA-00868,C-1490,1
TA-00871,C-0445,2
TA-00872,C-0449,2
TA-00873,C-2005,1
TA-00874,C-2032,1
TA-00876,C-1630,1
TA-00877,C-1630,1
TA-00878,C-1630,1
TA-00879,C-1630,1
TA-00880,C-1628,2
TA-00881,C-1628,2
TA-00882,C-1628,2
TA-00883,C-1244,2
TA-00884,C-1244,2
TA-00885,C-1625,2
TA-00886,C-1625,2
TA-00887,C-1631,2
TA-00888,C-1631,2
TA-00889,C-1631,2
TA-00890,C-1631,2
TA-00891,C-1631,2
TA-00892,C-1628,2
TA-00893,C-1628,2
TA-00894,C-1628,2
TA-00895,C-1630,1
TA-00896,C-1627,2
TA-00897,C-1627,2
TA-00898,C-1629,2
TA-00899,C-1628,2
TA-00900,C-0449,2
TA-00901,C-0449,2
TA-00902,C-0449,2
TA-00903,C-1421,2
TA-00904,C-1421,2
TA-00905,C-1421,2
TA-00908,C-1628,2
TA-00909,C-1621,1
TA-00913,C-1629,1
TA-00916,C-1631,2
TA-00917,C-1244,2
TA-00918,C-1244,2
TA-00919,C-1244,2
TA-00921,C-1631,1
TA-00925,C-1421,2
TA-00926,C-1421,2
TA-00929,C-1632,1
TA-00930,C-1628,2
TA-00932,C-1629,2
TA-00933,C-1623,1
TA-00934,C-1623,1
TA-00937,C-1628,2
TA-00938,C-1629,2
TA-00939,C-0131,1
TA-00940,C-0131,1
TA-00943,C-1421,2
TA-00944,C-1959,1
TA-00945,C-1628,2
TA-00946,C-1628,2
TA-00947,C-1632,2
TA-00950,C-1866,1
TA-00951,C-1628,2
TA-00952,C-1621,1
TA-00955,C-1421,2
TA-00957,C-1661,2
TA-00958,C-1420,1
TA-00959,C-1625,1
TA-00961,C-0449,2
TA-00963,C-1629,1
TA-00964,C-1632,1
TA-00966,C-1421,2
TA-00967,C-1421,2
TA-00969,C-1421,2
TA-00970,C-1914,1
TA-00971,C-1628,2
TA-00972,C-1628,2
TA-00973,C-1628,2
TA-00974,C-1629,2
TA-00975,C-1629,2
TA-00976,C-1244,1
TA-00977,C-1629,2
TA-00978,C-1628,2
TA-00979,C-1244,2
TA-00981,C-1629,1
TA-00982,C-1629,1
TA-00983,C-1631,1
TA-00984,C-1632,2
TA-00985,C-1628,2
TA-00986,C-1631,1
TA-00987,C-1631,1
TA-00988,C-1632,2
TA-00989,C-1632,2
TA-00990,C-1631,1
TA-00991,C-1631,1
TA-00992,C-1631,1
TA-00993,C-1631,1
TA-00994,C-1629,2
TA-00995,C-1629,2
TA-00996,C-1627,2
TA-00997,C-1631,1
TA-00998,C-1631,2
TA-01000,C-1476,1
TA-01001,C-1477,1
TA-01004,C-1630,1
TA-01005,C-1630,1
TA-01006,C-1628,1
TA-01007,C-1628,2
TA-01008,C-1628,1
TA-01010,C-1244,2
TA-01011,C-1244,2
TA-01012,C-1846,2
TA-01013,C-1846,2
TA-01014,C-1628,2
TA-01016,C-0119,1
TA-01019,C-0449,1
TA-01021,C-0445,2
TA-01022,C-0445,2
TA-01024,C-1630,1
TA-01027,C-1628,2
TA-01028,C-1628,2
TA-01029,C-1628,2
TA-01030,C-1628,2
TA-01031,C-1628,2
TA-01032,C-1628,2
TA-01033,C-1629,1
TA-01034,C-1628,2
TA-01035,C-1628,2
TA-01036,C-1846,2
TA-01038,C-1635,1
TA-01039,C-1632,1
TA-01040,C-1632,1
TA-01041,C-1628,2
TA-01042,C-1628,2
TA-01043,C-1628,2
TA-01044,C-1628,2
TA-01045,C-1630,1
TA-01046,C-1630,1
TA-01047,C-1630,2
TA-01048,C-1630,2
TA-01049,C-1421,2
TA-01050,C-0122,1
TA-01052,C-1631,2
TA-01053,C-1631,2
TA-01054,C-1632,2
TA-01055,C-1628,2
TA-01056,C-1628,2
TA-01057,C-1624,1
TA-01058,C-1624,1
TA-01061,C-1632,1
TA-01062,C-1632,1
TA-01066,C-1629,2
TA-01067,C-0445,2
TA-01068,C-1627,2
TA-01069,C-1725,1
TA-01071,C-1631,1
TA-01072,C-1631,1
TA-01073,C-1631,1
TA-01074,C-1631,1
TA-01075,C-1421,2
TA-01076,C-1421,1
TA-01077,C-1421,2
TA-01078,C-1421,2
TA-01079,C-1421,2
TA-01080,C-1421,2
TA-01081,C-1421,2
TA-01082,C-1679,1
TA-01088,C-1629,2
TA-01089,C-1629,2
TA-01090,C-1629,2
TA-01091,C-0449,2
TA-01093,C-1630,1
TA-01094,C-1630,1
TA-01095,C-1421,2
TA-01096,C-1421,2
TA-01097,C-0449,2
TA-01099,C-1628,2
TA-01104,C-0449,2
TA-01115,C-0445,2
TA-01116,C-1632,1
TA-01117,C-1782,1
TA-01118,C-1630,2
TA-01121,C-1630,2
TA-01122,C-1630,2
TA-01123,C-1628,1
TA-01124,C-1628,2
TA-01125,C-1632,2
TA-01126,C-1628,2
TA-01128,C-1846,2
TA-01129,C-1632,2
TA-01130,C-1630,1
TA-01131,C-1374,1
TA-01132,C-1374,1
TA-01134,C-1631,1
TA-01135,C-1632,1
TA-01136,C-1374,2
TA-01137,C-1374,2
TA-01141,C-0449,2
TA-01142,C-0019,1
TA-01143,C-1625,1
TA-01148,C-1628,1
TA-01149,C-0132,1
TA-01150,C-0130,1
TA-01152,C-1631,2
TA-01155,C-0137,1
TA-01162,C-1846,2
TA-01165,C-1244,2
TA-01166,C-1407,1
TA-01167,C-1631,2
TA-01168,C-1846,2
TA-01169,C-1641,1
TA-01170,C-1629,2
TA-01171,C-1631,2
TA-01172,C-1628,2
TA-01177,C-1628,2
TA-01178,C-1628,2
TA-01187,C-1629,2
TA-01188,C-1629,2
TA-01189,C-1629,2
TA-01190,C-1629,2
TA-01195,C-1628,2
TA-01197,C-0449,2
TA-01198,C-0449,2
TA-01199,C-1631,2
TA-01200,C-1629,2
TA-01201,C-1631,2
TA-01202,C-1631,2
TA-01203,C-1631,2
TA-01206,C-1629,1
TA-01207,C-1629,1
TA-01208,C-1846,1
TA-01209,C-1244,1
TA-01210,C-1631,2
TA-01211,C-1628,2
TA-01212,C-1628,2
TA-01213,C-0449,2
TA-01214,C-1421,2
TA-01216,C-0019,1
TA-01217,C-1846,2
TA-01218,C-1846,2
TA-01220,C-1630,2
TA-01221,C-1630,2
TA-01224,C-1638,1
TA-01225,C-1632,1
TA-01227,C-1629,2
TA-01228,C-1846,2
TA-01231,C-1421,1
TA-01233,C-1629,2
TA-01234,C-1629,2
TA-01235,C-1629,2
TA-01236,C-1629,2
TA-01242,C-1632,1
TA-01244,C-1632,1
TA-01246,C-1628,2
TA-01247,C-1244,2
TA-01248,C-1244,2
TA-01249,C-1846,2
TA-01250,C-1846,2
TA-01251,C-1846,2
TA-01252,C-1846,2
TA-01253,C-1624,1
TA-01254,C-1629,1
TA-01257,C-1630,1
TA-01259,C-1629,1
TA-01261,C-1846,2
TA-01262,C-1846,2
TA-01263,C-1846,2
TA-01264,C-1846,2
TA-01270,C-1373,1
TA-01271,C-1628,2
TA-01272,C-1629,1
TA-01274,C-1628,2
TA-01275,C-1627,2
TA-01276,C-1627,2
TA-01277,C-1627,1
TA-01279,C-0001,2
TA-01280,C-1627,2
TA-01291,C-1745,1
TA-01292,C-1629,2
TA-01293,C-1421,1
TA-01294,C-1630,1
TA-01295,C-1480,1
TA-01296,C-1421,1
TA-01298,C-1632,1
TA-01299,C-1632,1
TA-01300,C-1633,1
TA-01301,C-1632,2
TA-01302,C-1631,1
TA-01303,C-1631,1
TA-01304,C-1631,2
TA-01305,C-1629,2
TA-01306,C-1628,2
TA-01308,C-1629,2
TA-01309,C-1625,1
TA-01310,C-1632,1
TA-01311,C-1598,1
TA-01312,C-1632,1
TA-01313,C-1632,1
TA-01314,C-1846,2
TA-01317,C-0194,1
TA-01318,C-0194,1
TA-01319,C-0194,1
TA-01320,C-0001,2
TA-01321,C-0001,2
TA-01322,C-0001,2
TA-01323,C-0001,2
TA-01324,C-1629,1
TA-01329,C-1632,2
TA-01337,C-1629,2
TA-01338,C-1630,1
TA-01342,C-1647,1
TA-01359,C-1630,1
TA-01360,C-1630,1
TA-01361,C-1630,1
TA-01362,C-1654,1
TA-01363,C-1654,1
TA-01365,C-1421,1
TA-01370,C-1628,2
TA-01372,C-1625,2
TA-01373,C-1631,2
TA-01374,C-1628,2
TA-01375,C-1628,2
TA-01376,C-1628,2
TA-01377,C-1652,2
TA-01378,C-1846,2
TA-01379,C-1846,2
TA-01380,C-1846,2
TA-01381,C-1846,2
TA-01382,C-1846,2
TA-01383,C-1846,2
TA-01385,C-1570,1
TA-01386,C-1945,2
TA-01387,C-1852,1
TA-01388,C-0445,1
TA-01390,C-1647,1
TA-01393,C-1632,1
TA-01394,C-1421,1
TA-01395,C-1846,2
TA-01396,C-1846,2
TA-01399,C-1628,2
TA-01400,C-1628,2
TA-01401,C-1628,2
TA-01402,C-1628,2
TA-01403,C-1628,2
TA-01404,C-1628,2
TA-01405,C-1628,2
TA-01406,C-1628,2
TA-01407,C-1631,2
TA-01408,C-1631,2
TA-01409,C-0172,1
TA-01414,C-1483,1
TA-01417,C-1628,2
TA-01418,C-0001,2
TA-01419,C-0001,2
TA-01420,C-0001,2
TA-01421,C-0001,2
TA-01422,C-0001,2
TA-01423,C-0449,2
TA-01424,C-0449,2
TA-01425,C-1630,1
TA-01426,C-1421,1
TA-01427,C-1421,2
TA-01429,C-1628,2
TA-01430,C-1629,2
TA-01431,C-1629,2
TA-01432,C-1629,2
TA-01435,C-1629,1
TA-01436,C-1629,1
TA-01437,C-1629,1
TA-01438,C-1629,1
TA-01439,C-1629,1
TA-01441,C-1628,2
TA-01442,C-1628,2
TA-01443,C-1628,2
TA-01444,C-1628,2
TA-01452,C-1630,1
TA-01454,C-0449,2
TA-01457,C-1630,1
TA-01458,C-1630,1
TA-01461,C-1846,2
TA-01464,C-1627,2
TA-01465,C-1627,2
TA-01468,C-1629,1
TA-01470,C-1628,2
TA-01471,C-1628,2
TA-01472,C-1586,2
TA-01473,C-1846,2
TA-01474,C-1846,2
TA-01475,C-1846,2
TA-01476,C-1846,2
TA-01478,C-1629,1
TA-01479,C-1631,1
TA-01480,C-1629,1
TA-01481,C-1628,2
TA-01482,C-1244,2
TA-01483,C-1244,2
TA-01489,C-1628,1
TA-01490,C-1628,2
TA-01494,C-1846,2
TA-01495,C-1846,2
TA-01496,C-1846,2
TA-01497,C-1846,2
TA-01498,C-1624,1
TA-01499,C-1631,1
TA-01500,C-1631,1
TA-01501,C-1631,2
TA-01502,C-1631,2
TA-01503,C-1628,2
TA-01504,C-1628,2
TA-01505,C-1628,2
TA-01506,C-1628,2
TA-01507,C-1628,2
TA-01508,C-1628,2
TA-01509,C-1628,2
TA-01511,C-1628,2
TA-01512,C-1574,1
TA-01517,C-1628,2
TA-01518,C-1628,2
TA-01519,C-1628,2
TA-01520,C-1669,1
TA-01521,C-1669,1
TA-01522,C-1669,1
TA-01523,C-1669,1
TA-01524,C-1628,2
TA-01525,C-1628,2
TA-01526,C-1629,2
TA-01527,C-1629,2
TA-01528,C-1628,2
TA-01529,C-1628,2
TA-01530,C-1631,2
TA-01531,C-1630,1
TA-01532,C-1846,2
TA-01533,C-1846,2
TA-01534,C-1630,1
TA-01535,C-1630,1
TA-01537,C-1244,2
TA-01538,C-1631,2
TA-01539,C-1631,2
TA-01540,C-1631,2
TA-01541,C-1629,2
TA-01542,C-1631,2
TA-01543,C-1631,2
TA-01544,C-1629,2
TA-01547,C-1421,1
TA-01548,C-1421,1
TA-01550,C-0449,2
TA-01553,C-1629,1
TA-01554,C-1632,1
TA-01555,C-1632,1
TA-01556,C-2001,1
TA-01557,C-2001,1
TA-01560,C-1628,2
TA-01561,C-1627,2
TA-01562,C-1627,2
TA-01563,C-1627,2
TA-01566,C-1629,1
TA-01567,C-1629,1
TA-01568,C-1846,2
TA-01569,C-0449,2
TA-01570,C-1846,2
TA-01571,C-1630,1
TA-01572,C-1630,1
TA-01573,C-1628,1
TA-01574,C-1628,1
TA-01575,C-1631,1
TA-01576,C-1631,1
TA-01577,C-1631,1
TA-01578,C-1631,1
TA-01579,C-1631,1
TA-01580,C-1631,1
TA-01581,C-1421,1
TA-01582,C-1846,2
TA-01583,C-1846,2
TA-01584,C-0012,1
TA-01585,C-1846,2
TA-01586,C-1751,1
TA-01587,C-1628,2
TA-01589,C-1628,1
TA-01590,C-1630,1
TA-01595,C-1846,2
TA-01596,C-1626,1
TA-01597,C-1628,2
TA-01598,C-1628,2
TA-01599,C-1421,1
TA-01600,C-1421,1
TA-01601,C-1359,1
TA-01604,C-0162,1
TA-01606,C-0073,1
TA-01607,C-0001,2
TA-01608,C-0001,2
TA-01609,C-1846,2
TA-01611,C-1631,2
TA-01612,C-1631,2
TA-01613,C-1629,1
TA-01614,C-1624,1
TA-01615,C-1647,1
TA-01618,C-1647,1
TA-01619,C-0222,1
TA-01620,C-1769,1
TA-01622,C-0449,1
TA-01623,C-1630,1
TA-01626,C-1978,2
TA-01628,C-1483,1
TA-01630,C-0449,2
TA-01631,C-1846,2
TA-01634,C-0449,2
TA-01635,C-1628,2
TA-01637,C-0252,2
TA-01638,C-0252,2
TA-01639,C-1846,2
TA-01640,C-1846,2
TA-01641,C-1846,2
TA-01642,C-1846,2
TA-01643,C-1628,1
TA-01644,C-1628,1
TA-01645,C-1628,2
TA-01646,C-1629,2
TA-01647,C-1628,2
TA-01648,C-1631,2
TA-01649,C-1631,2
TA-01650,C-1625,1
TA-01651,C-1625,1
TA-01652,C-1630,2
TA-01653,C-1630,2
TA-01654,C-1631,2
TA-01655,C-1631,2
TA-01656,C-1625,1
TA-01659,C-1628,2
TA-01660,C-0445,1
TA-01661,C-1858,1
TA-01662,C-1647,1
TA-01667,C-1629,2
TA-01668,C-1631,2
TA-01671,C-1628,1
TA-01672,C-1621,1
TA-01674,C-1629,1
TA-01675,C-1629,1
TA-01676,C-1626,2
TA-01677,C-1630,1
TA-01693,C-0050,2
TA-01694,C-1628,2
TA-01695,C-1628,2
TA-01696,C-1628,2
TA-01699,C-1628,2
TA-01700,C-1629,2
TA-01701,C-1628,2
TA-01703,C-1481,1
TA-01704,C-1628,2
TA-01705,C-1628,2
TA-01706,C-1628,2
TA-01707,C-1628,2
TA-01708,C-1632,1
TA-01710,C-0449,2
TA-01711,C-1630,2
TA-01715,C-1632,2
TA-01716,C-1632,2
TA-01718,C-1632,1
TA-01719,C-1632,1
TA-01723,C-1632,2
TA-01724,C-1632,2
TA-01725,C-1627,2
TA-01726,C-1632,1
TA-01728,C-1631,1
TA-01729,C-1629,2
TA-01730,C-1629,2
TA-01731,C-1629,2
TA-01732,C-1629,2
TA-01733,C-1629,2
TA-01734,C-1629,2
TA-01735,C-1629,2
TA-01736,C-1629,2
TA-01737,C-1631,2
TA-01738,C-1631,2
TA-01740,C-1628,2
TA-01741,C-1632,1
TA-01742,C-1630,2
TA-01743,C-1628,2
TA-01744,C-1631,2
TA-01745,C-1631,1
TA-01746,C-1631,2
TA-01747,C-1631,2
TA-01751,C-1628,2
TA-01752,C-1819,1
TA-01753,C-1819,1
TA-01754,C-1548,1
TA-01755,C-1548,1
TA-01756,C-1629,2
TA-01758,C-1627,2
TA-01761,C-1421,2
TA-01762,C-1628,1
TA-01763,C-2027,2
TA-01765,C-1846,2
TA-01766,C-1629,2
TA-01767,C-1629,2
TA-01768,C-1629,2
TA-01769,C-1629,2
TA-01770,C-1629,2
TA-01771,C-1629,2
TA-01772,C-1628,2
TA-01773,C-1628,2
TA-01774,C-1628,2
TA-01775,C-1628,2
TA-01776,C-1785,1
TA-01777,C-0449,1
TA-01778,C-0448,1
TA-01781,C-1628,2
TA-01783,C-1632,1
TA-01784,C-1631,1
TA-01785,C-0449,2
TA-01786,C-1629,1
TA-01787,C-1628,2
TA-01788,C-1628,2
TA-01798,C-0445,1
TA-01801,C-1421,2
TA-01802,C-1421,2
TA-01803,C-1421,2
TA-01805,C-1628,1
TA-01806,C-1628,1
TA-01807,C-0449,2
TA-01808,C-1628,2
TA-01809,C-1628,2
TA-01810,C-1628,2
TA-01811,C-1628,2
TA-01812,C-0449,2
TA-01814,C-1628,1
TA-01815,C-1631,2
TA-01816,C-1631,2
TA-01817,C-1631,2
TA-01818,C-1846,2
TA-01819,C-1846,2
TA-01820,C-1846,2
TA-01821,C-1846,2
TA-01822,C-1846,2
TA-01823,C-1846,2
TA-01824,C-1846,2
TA-01825,C-0449,1
TA-01827,C-1628,2
TA-01828,C-1632,2
TA-01829,C-1628,2
TA-01831,C-1628,2
TA-01832,C-1628,2
TA-01834,C-1632,1
TA-01835,C-1628,2
TA-01836,C-1628,1
TA-01837,C-1628,1
TA-01839,C-1846,2
TA-01840,C-1846,2
TA-01841,C-1846,2
TA-01842,C-1846,2
TA-01843,C-1630,1
TA-01844,C-1647,1
TA-01845,C-1647,1
TA-01846,C-1630,1
TA-01847,C-1630,2
TA-01848,C-1630,2
TA-01849,C-1630,1
TA-01850,C-1629,1
TA-01851,C-1629,1
TA-01854,C-1421,2
TA-01855,C-1421,2
TA-01856,C-1590,1
TA-01857,C-1642,1
TA-01863,C-1846,2
TA-01865,C-1629,2
TA-01867,C-1631,2
TA-01868,C-0042,1
TA-01869,C-1630,1
TA-01889,C-1846,2
TA-01890,C-1846,2
TA-01891,C-0475,1
TA-01893,C-1846,2
TA-01894,C-1846,2
TA-01895,C-1846,2
TA-01896,C-1846,2
TA-01897,C-1421,1
TA-01898,C-1465,1
TA-01900,C-0191,1
TA-01901,C-1625,1
TA-01903,C-1846,2
TA-01904,C-1628,2
TA-01905,C-1628,2
TA-01910,C-1628,1
TA-01911,C-1628,2
TA-01915,C-1846,2
TA-01916,C-1846,2
TA-01917,C-1846,2
TA-01918,C-1846,2
TA-01919,C-1846,2
TA-01920,C-1631,2
TA-01921,C-1586,1
TA-01922,C-1846,2
TA-01923,C-1846,2
TA-01924,C-1628,1
TA-01925,C-2007,1
TA-01926,C-2007,1
TA-01928,C-1631,2
TA-01929,C-1928,1
TA-01930,C-1244,2
TA-01931,C-1244,2
TA-01932,C-0449,2
TA-01933,C-0449,2
TA-01934,C-1244,2
TA-01937,C-1631,2
TA-01938,C-1632,2
TA-01939,C-1632,2
TA-01940,C-0323,1
TA-01941,C-0323,1
TA-01943,C-1631,1
TA-01944,C-0239,1
TA-01945,C-1630,1
TA-01946,C-1630,1
TA-01949,C-0239,1
TA-01950,C-1994,1
TA-01951,C-1630,2
TA-01952,C-1745,1
TA-01954,C-1631,1
TA-01955,C-1631,1
TA-01956,C-1630,1
TA-01957,C-1630,1
TA-01958,C-1630,1
TA-01959,C-1421,1
TA-01960,C-1630,1
TA-01961,C-1629,2
TA-01962,C-1629,2
TA-01963,C-1629,2
TA-01964,C-1629,2
TA-01966,C-1628,2
TA-01967,C-1628,2
TA-01971,C-1631,1
TA-01972,C-1661,2
TA-01973,C-1629,1
TA-01974,C-1629,1
TA-01975,C-1629,1
TA-01976,C-1481,1
TA-01977,C-1628,2
TA-01978,C-1628,2
TA-01979,C-1628,2
TA-01981,C-0449,2
TA-01982,C-0449,2
TA-01985,C-1631,2
TA-01986,C-1629,2
TA-01990,C-1846,2
TA-01991,C-1628,2
TA-01992,C-0066,1
TA-01993,C-1630,1
TA-01995,C-2032,1
TA-01996,C-1632,1
TA-01997,C-1632,1
TA-01998,C-1629,1
TA-01999,C-1629,1
TA-02000,C-0073,1
TA-02002,C-0205,1
TA-02004,C-1766,1
TA-02005,C-1630,2
TA-02006,C-1630,2
TA-02013,C-2004,1
TA-02020,C-1631,2
TA-02022,C-1628,2
TA-02023,C-1628,2
TA-02024,C-1628,2
TA-02025,C-1621,1
TA-02026,C-0211,1
TA-02027,C-1630,1
TA-02028,C-1630,1
TA-02029,C-1630,1
TA-02030,C-1630,1
TA-02031,C-1624,1
TA-02032,C-1630,1
TA-02033,C-1623,1
TA-02034,C-0216,1
TA-02035,C-0218,1
TA-02036,C-0218,1
TA-02037,C-1630,1
TA-02038,C-1630,1
TA-02039,C-1630,1
TA-02040,C-1631,1
TA-02041,C-1631,1
TA-02042,C-1630,1
TA-02043,C-1630,1
TA-02044,C-1630,1
TA-02045,C-1628,2
TA-02046,C-1628,2
TA-02047,C-1629,1
TA-02048,C-0217,1
TA-02049,C-1629,1
TA-02050,C-1629,1
TA-02052,C-1628,2
TA-02053,C-1628,2
TA-02054,C-1628,2
TA-02055,C-1628,2
TA-02056,C-1628,2
TA-02057,C-1628,2
TA-02058,C-1628,2
TA-02060,C-1631,2
TA-02061,C-1943,1
TA-02063,C-1628,2
TA-02064,C-1628,2
TA-02065,C-1628,2
TA-02066,C-1632,2
TA-02067,C-1630,2
TA-02068,C-1630,2
TA-02069,C-1631,2
TA-02070,C-1631,2
TA-02071,C-0002,1
TA-02072,C-1628,2
TA-02073,C-1628,2
TA-02074,C-1628,2
TA-02075,C-1625,1
TA-02076,C-1632,1
TA-02077,C-0449,2
TA-02078,C-0449,2
TA-02079,C-1632,2
TA-02080,C-1483,1
TA-02081,C-1481,1
TA-02083,C-1623,1
TA-02084,C-1628,2
TA-02086,C-1846,1
TA-02087,C-1846,1
TA-02088,C-1846,1
TA-02089,C-1846,2
TA-02090,C-1628,2
TA-02091,C-1628,2
TA-02092,C-1629,2
TA-02093,C-1629,2
TA-02094,C-1627,2
TA-02095,C-1627,2
TA-02096,C-1631,2
TA-02097,C-1994,1
TA-02098,C-0445,2
TA-02099,C-0445,2
TA-02100,C-1630,1
TA-02103,C-0152,1
TA-02108,C-0001,2
TA-02109,C-0001,2
TA-02110,C-0449,2
TA-02111,C-0001,2
TA-02112,C-0001,2
TA-02113,C-0449,2
TA-02114,C-1421,2
TA-02115,C-1631,1
TA-02116,C-1631,1
TA-02117,C-1641,1
TA-02118,C-1622,1
TA-02119,C-1846,2
TA-02120,C-1244,2
TA-02121,C-1846,2
TA-02123,C-1628,2
TA-02124,C-1630,1
TA-02125,C-1630,1
TA-02126,C-1630,1
TA-02127,C-1846,2
TA-02132,C-0226,2
TA-02133,C-0226,2
TA-02134,C-0228,2
TA-02135,C-0228,2
TA-02136,C-0228,2
TA-02137,C-0228,2
TA-02138,C-0228,2
TA-02140,C-0226,2
TA-02141,C-0226,2
TA-02148,C-0230,1
TA-02150,C-1627,2
TA-02151,C-1846,2
TA-02152,C-1628,2
TA-02153,C-1631,1
TA-02154,C-1631,1
TA-02155,C-0445,2
TA-02158,C-1630,1
TA-02159,C-1630,1
TA-02160,C-1630,1
TA-02161,C-1630,1
TA-02162,C-1629,2
TA-02163,C-1629,2
TA-02165,C-1628,2
TA-02166,C-0449,2
TA-02167,C-0449,2
TA-02168,C-0449,2
TA-02169,C-1630,2
TA-02170,C-1629,2
TA-02172,C-1629,2
TA-02173,C-1628,2
TA-02174,C-1628,2
TA-02175,C-1846,2
TA-02176,C-1846,2
TA-02177,C-1846,2
TA-02178,C-1846,2
TA-02179,C-1846,2
TA-02180,C-1846,2
TA-02181,C-1846,2
TA-02182,C-1630,2
TA-02183,C-1630,1
TA-02184,C-1869,1
TA-02185,C-0449,1
TA-02188,C-1374,2
TA-02189,C-1374,2
TA-02190,C-1374,2
TA-02191,C-0281,1
TA-02193,C-1629,1
TA-02194,C-1629,1
TA-02195,C-1629,1
TA-02196,C-1629,1
TA-02197,C-0263,1
TA-02198,C-0263,1
TA-02200,C-1629,2
TA-02201,C-1629,2
TA-02203,C-2027,2
TA-02204,C-1628,2
TA-02205,C-1244,2
TA-02206,C-0449,2
TA-02207,C-0449,2
TA-02208,C-1244,2
TA-02209,C-1628,2
TA-02212,C-1628,1
TA-02213,C-1846,2
TA-02214,C-1846,2
TA-02215,C-1846,2
TA-02216,C-1846,2
TA-02217,C-1846,2
TA-02218,C-1846,2
TA-02219,C-1846,2
TA-02220,C-1628,2
TA-02221,C-1628,2
TA-02223,C-0449,2
TA-02224,C-1629,2
TA-02227,C-1628,2
TA-02228,C-1632,1
TA-02229,C-1632,1
TA-02232,C-1629,2
TA-02233,C-1629,1
TA-02234,C-1629,2
TA-02235,C-1631,1
TA-02236,C-2005,1
TA-02240,C-1846,2
TA-02241,C-1846,2
TA-02242,C-1846,2
TA-02243,C-1628,2
TA-02244,C-1628,2
TA-02246,C-1782,1
TA-02252,C-0235,1
TA-02255,C-1630,1
TA-02257,C-1628,1
TA-02259,C-0445,2
TA-02261,C-1629,1
TA-02262,C-1846,2
TA-02267,C-1629,2
TA-02268,C-1629,2
TA-02270,C-1631,1
TA-02271,C-1631,1
TA-02272,C-0445,2
TA-02274,C-1628,2
TA-02275,C-1629,2
TA-02276,C-0449,2
TA-02277,C-1628,2
TA-02278,C-2028,2
TA-02281,C-1888,1
TA-02282,C-1628,1
TA-02283,C-1994,1
TA-02284,C-2004,1
TA-02285,C-1994,1
TA-02286,C-1977,1
TA-02287,C-1631,2
TA-02288,C-1631,2
TA-02289,C-1631,2
TA-02290,C-1631,2
TA-02291,C-1631,2
TA-02292,C-1631,2
TA-02293,C-1629,2
TA-02294,C-1629,2
TA-02295,C-1629,2
TA-02296,C-1629,2
TA-02297,C-1629,2
TA-02298,C-1629,2
TA-02299,C-1631,2
TA-02300,C-1631,2
TA-02301,C-1631,2
TA-02302,C-1631,2
TA-02303,C-1632,1
TA-02304,C-1628,2
TA-02305,C-1628,2
TA-02306,C-0001,2
TA-02307,C-0001,2
TA-02308,C-1628,2
TA-02312,C-1631,1
TA-02313,C-1631,1
TA-02314,C-1628,2
TA-02315,C-1661,2
TA-02316,C-1630,1
TA-02317,C-1625,1
TA-02319,C-1629,2
TA-02320,C-1629,2
TA-02321,C-1629,2
TA-02322,C-1628,2
TA-02323,C-1629,2
TA-02324,C-1631,1
TA-02325,C-1631,1
TA-02326,C-1631,1
TA-02327,C-1631,1
TA-02328,C-1631,2
TA-02329,C-1421,1
TA-02330,C-1628,2
TA-02331,C-1646,1
TA-02332,C-1622,1
TA-02336,C-2004,1
TA-02337,C-1621,1
TA-02338,C-1629,1
TA-02339,C-1630,2
TA-02341,C-1629,2
TA-02342,C-1629,2
TA-02343,C-1632,1
TA-02344,C-1629,1
TA-02345,C-1629,1
TA-02346,C-1629,1
TA-02347,C-1629,1
TA-02348,C-1629,2
TA-02349,C-1777,1
TA-02350,C-0253,1
TA-02351,C-1781,1
TA-02352,C-0074,1
TA-02354,C-1631,1
TA-02355,C-1628,2
TA-02356,C-1628,2
TA-02364,C-1630,2
TA-02365,C-1630,2
TA-02366,C-1961,1
TA-02368,C-2004,1
TA-02369,C-2004,1
TA-02370,C-1629,1
TA-02372,C-1629,1
TA-02374,C-1629,1
TA-02376,C-1629,1
TA-02378,C-1629,1
TA-02380,C-1629,1
TA-02381,C-1629,1
TA-02382,C-1629,1
TA-02383,C-1629,1
TA-02384,C-1631,1
TA-02385,C-1627,1
TA-02386,C-1627,1
TA-02387,C-1631,2
TA-02388,C-1628,1
TA-02389,C-1621,1
TA-02390,C-0445,2
TA-02391,C-0445,2
TA-02392,C-0071,1
TA-02393,C-0071,1
TA-02394,C-0248,1
TA-02395,C-0001,2
TA-02396,C-0001,2
TA-02399,C-1630,2
TA-02400,C-1649,1
TA-02401,C-1649,1
TA-02402,C-0034,1
TA-02403,C-1630,1
TA-02404,C-1781,1
TA-02405,C-1629,1
TA-02406,C-1629,1
TA-02408,C-1994,1
TA-02409,C-2004,1
TA-02410,C-1994,1
TA-02412,C-1421,2
TA-02413,C-0445,2
TA-02414,C-0445,2
TA-02416,C-0445,2
TA-02417,C-1628,2
TA-02418,C-1628,2
TA-02419,C-1629,2
TA-02420,C-1629,2
TA-02422,C-0074,1
TA-02423,C-2007,1
TA-02424,C-2007,1
TA-02425,C-1646,1
TA-02426,C-1761,1
TA-02427,C-1629,1
TA-02428,C-1629,1
TA-02429,C-1628,1
TA-02430,C-1629,1
TA-02431,C-1629,1
TA-02432,C-1629,1
TA-02433,C-1629,1
TA-02434,C-1628,1
TA-02435,C-1623,1
TA-02436,C-1623,1
TA-02437,C-1623,1
TA-02438,C-1623,1
TA-02439,C-0074,1
TA-02440,C-0267,1
TA-02441,C-0074,1
TA-02442,C-0267,1
TA-02445,C-1835,1
TA-02446,C-1628,2
TA-02447,C-1628,2
TA-02449,C-2004,1
TA-02451,C-2004,1
TA-02452,C-1630,1
TA-02453,C-1630,1
TA-02454,C-1628,2
TA-02455,C-1622,1
TA-02456,C-1622,1
TA-02457,C-1628,2
TA-02458,C-1633,2
TA-02459,C-1631,1
TA-02460,C-1244,2
TA-02461,C-1631,1
TA-02464,C-1642,1
TA-02465,C-1642,1
TA-02466,C-1628,1
TA-02467,C-1629,2
TA-02468,C-1629,2
TA-02469,C-1629,2
TA-02470,C-1929,2
TA-02473,C-1630,2
TA-02474,C-1630,2
TA-02475,C-1630,1
TA-02476,C-1630,1
TA-02478,C-0257,1
TA-02481,C-0258,1
TA-02483,C-1631,1
TA-02484,C-1632,1
TA-02485,C-1631,1
TA-02486,C-1632,1
TA-02491,C-1628,1
TA-02492,C-1630,2
TA-02493,C-1630,2
TA-02494,C-1630,2
TA-02495,C-2004,1
TA-02496,C-1628,2
TA-02498,C-1628,2
TA-02499,C-1628,2
TA-02500,C-2028,2
TA-02504,C-1631,2
TA-02505,C-1631,2
TA-02506,C-1631,2
TA-02507,C-1631,2
TA-02508,C-1632,2
TA-02509,C-1632,2
TA-02510,C-1632,1
TA-02511,C-1632,1
TA-02512,C-1846,2
TA-02516,C-1623,1
TA-02517,C-1629,2
TA-02518,C-1629,2
TA-02519,C-1629,2
TA-02520,C-1629,2
TA-02521,C-1421,1
TA-02523,C-1629,1
TA-02525,C-1632,1
TA-02526,C-1632,1
TA-02529,C-1421,2
TA-02530,C-1421,2
TA-02531,C-0449,1
TA-02532,C-1628,1
TA-02536,C-1628,2
TA-02537,C-1901,1
TA-02538,C-1901,1
TA-02539,C-1901,1
TA-02540,C-1901,1
TA-02541,C-1846,2
TA-02542,C-1846,2
TA-02543,C-1846,2
TA-02544,C-1846,2
TA-02545,C-1421,2
TA-02546,C-1421,2
TA-02547,C-1244,2
TA-02548,C-1421,2
TA-02549,C-1421,2
TA-02552,C-1846,2
TA-02556,C-0265,1
TA-02557,C-1630,2
TA-02559,C-1846,2
TA-02560,C-1632,1
TA-02561,C-1647,1
TA-02562,C-1846,2
TA-02564,C-1421,2
TA-02565,C-1421,2
TA-02566,C-1421,2
TA-02567,C-1421,2
TA-02568,C-1421,2
TA-02569,C-1421,2
TA-02571,C-1846,2
TA-02572,C-0449,1
TA-02574,C-1629,2
TA-02575,C-1629,2
TA-02577,C-1629,2
TA-02578,C-1642,1
TA-02579,C-1629,1
TA-02580,C-1628,2
TA-02581,C-1628,2
TA-02582,C-1628,2
TA-02584,C-1631,1
TA-02585,C-1630,2
TA-02586,C-1846,2
TA-02587,C-1846,2
TA-02588,C-1846,2
TA-02589,C-1632,1
TA-02591,C-1631,1
TA-02592,C-1631,1
TA-02593,C-1630,1
TA-02594,C-1630,1
TA-02595,C-1630,1
TA-02596,C-1631,1
TA-02598,C-1630,1
TA-02599,C-1623,1
TA-02600,C-1623,1
TA-02601,C-1631,1
TA-02602,C-1631,1
TA-02603,C-1641,1
TA-02604,C-1641,1
TA-02605,C-1641,1
TA-02606,C-1641,1
TA-02607,C-1628,2
TA-02608,C-1629,1
TA-02609,C-1846,2
TA-02610,C-1629,2
TA-02611,C-1627,2
TA-02612,C-1782,1
TA-02613,C-1846,2
TA-02614,C-1629,2
TA-02615,C-1629,2
TA-02616,C-1629,2
TA-02617,C-0266,1
TA-02619,C-0001,2
TA-02620,C-1421,2
TA-02621,C-1421,2
TA-02622,C-0449,2
TA-02624,C-1630,2
TA-02625,C-1630,2
TA-02626,C-1622,1
TA-02628,C-1631,1
TA-02629,C-1244,2
TA-02630,C-1629,1
TA-02632,C-1632,2
TA-02633,C-1628,2
TA-02634,C-1628,2
TA-02635,C-1632,1
TA-02636,C-0449,1
TA-02639,C-0449,1
TA-02640,C-0294,1
TA-02641,C-0294,1
TA-02643,C-1632,2
TA-02644,C-1632,2
TA-02645,C-1630,1
TA-02646,C-1630,1
TA-02647,C-1630,1
TA-02648,C-1630,1
TA-02649,C-1846,2
TA-02651,C-1846,2
TA-02652,C-1846,2
TA-02653,C-1846,2
TA-02655,C-1652,2
TA-02656,C-1632,2
TA-02658,C-1781,1
TA-02659,C-1628,2
TA-02660,C-1629,2
TA-02661,C-1846,2
TA-02662,C-1846,2
TA-02663,C-1846,2
TA-02664,C-1846,2
TA-02665,C-1790,1
TA-02666,C-1846,2
TA-02667,C-1846,2
TA-02668,C-1846,2
TA-02669,C-1846,2
TA-02670,C-1846,2
TA-02671,C-1846,2
TA-02672,C-1421,1
TA-02673,C-1587,1
TA-02674,C-1610,2
TA-02675,C-1630,2
TA-02676,C-1628,2
TA-02677,C-2023,1
TA-02679,C-1443,1
TA-02680,C-0271,1
TA-02693,C-1630,2
TA-02694,C-1630,2
TA-02695,C-1254,1
TA-02700,C-1631,2
TA-02701,C-1624,1
TA-02702,C-0044,1
TA-02705,C-1846,2
TA-02706,C-1846,2
TA-02707,C-1628,2
TA-02708,C-1629,2
TA-02710,C-1886,1
TA-02711,C-1886,1
TA-02712,C-1631,1
TA-02713,C-1631,1
TA-02714,C-1628,2
TA-02715,C-1628,2
TA-02717,C-1420,1
TA-02718,C-0445,1
TA-02719,C-1624,1
TA-02722,C-1629,2
TA-02723,C-1630,1
TA-02724,C-1630,1
TA-02728,C-1630,1
TA-02729,C-1630,1
TA-02730,C-1630,1
TA-02731,C-1630,1
TA-02732,C-1630,1
TA-02733,C-1628,2
TA-02735,C-1846,2
TA-02736,C-1846,2
TA-02738,C-0001,2
TA-02739,C-0001,2
TA-02740,C-1846,2
TA-02741,C-1846,2
TA-02742,C-1846,2
TA-02743,C-1244,2
TA-02744,C-1244,2
TA-02745,C-1628,2
TA-02746,C-1628,2
TA-02747,C-1631,2
TA-02752,C-0283,1
TA-02753,C-0291,1
TA-02754,C-0290,1
TA-02755,C-0445,2
TA-02756,C-0445,2
TA-02757,C-1629,2
TA-02758,C-0003,2
TA-02759,C-0003,2
TA-02760,C-0003,2
TA-02765,C-1629,1
TA-02766,C-1629,1
TA-02767,C-1629,1
TA-02768,C-1631,1
TA-02769,C-1631,1
TA-02770,C-1631,1
TA-02772,C-1628,2
TA-02773,C-0445,2
TA-02774,C-0445,2
TA-02778,C-1629,1
TA-02779,C-1629,1
TA-02780,C-1630,2
TA-02781,C-1630,2
TA-02782,C-0211,1
TA-02783,C-1630,2
TA-02784,C-1630,1
TA-02785,C-1624,1
TA-02787,C-1629,1
TA-02788,C-0071,1
TA-02789,C-1985,1
TA-02790,C-1632,1
TA-02792,C-1630,1
TA-02793,C-1630,1
TA-02795,C-1630,2
TA-02796,C-1630,2
TA-02799,C-1647,1
TA-02800,C-1647,1
TA-02801,C-1647,1
TA-02802,C-1647,1
TA-02804,C-1628,2
TA-02805,C-1628,2
TA-02809,C-1630,1
TA-02810,C-1630,1
TA-02812,C-1629,1
TA-02814,C-1628,2
TA-02815,C-1622,1
TA-02816,C-1629,2
TA-02817,C-1994,1
TA-02818,C-1632,1
TA-02819,C-1846,2
TA-02820,C-1846,2
TA-02821,C-1901,1
TA-02823,C-1846,2
TA-02824,C-1846,2
TA-02825,C-1244,2
TA-02828,C-1635,1
TA-02829,C-1630,1
TA-02833,C-1661,1
TA-02834,C-1421,2
TA-02835,C-1421,2
TA-02837,C-1629,2
TA-02838,C-1629,2
TA-02839,C-1629,2
TA-02840,C-1629,2
TA-02841,C-1629,2
TA-02842,C-1629,2
TA-02843,C-1629,2
TA-02844,C-1629,2
TA-02845,C-1629,2
TA-02846,C-1629,2
TA-02847,C-1629,2
TA-02848,C-1629,2
TA-02849,C-1647,1
TA-02851,C-1628,1
TA-02852,C-1628,1
TA-02853,C-1244,2
TA-02855,C-1846,2
TA-02856,C-1919,2
TA-02859,C-1629,1
TA-02860,C-1629,2
TA-02861,C-1629,2
TA-02862,C-1630,2
TA-02863,C-1631,2
TA-02864,C-0449,1
TA-02866,C-1629,2
TA-02867,C-1625,1
TA-02868,C-1628,1
TA-02869,C-0208,1
TA-02870,C-1628,1
TA-02874,C-1421,2
TA-02875,C-1421,1
TA-02876,C-1639,1
TA-02877,C-1629,1
TA-02878,C-0449,1
TA-02880,C-1496,1
TA-02882,C-1628,2
TA-02883,C-1631,1
TA-02885,C-1826,1
TA-02886,C-1425,1
TA-02887,C-1629,2
TA-02888,C-1629,2
TA-02889,C-1629,2
TA-02890,C-1628,2
TA-02891,C-1630,1
TA-02892,C-1630,1
TA-02895,C-1631,2
TA-02896,C-0083,1
TA-02897,C-1628,2
TA-02898,C-1628,2
TA-02899,C-1628,2
TA-02900,C-1628,2
TA-02901,C-1631,1
TA-02902,C-1631,1
TA-02906,C-0245,1
TA-02920,C-1631,1
TA-02921,C-1633,2
TA-02922,C-1628,2
TA-02923,C-1632,1
TA-02924,C-0298,1
TA-02925,C-0299,1
TA-02926,C-1642,1
TA-02927,C-1421,2
TA-02928,C-1244,2
TA-02929,C-0449,1
TA-02931,C-1632,2
TA-02932,C-1633,1
TA-02936,C-1630,1
TA-02937,C-1630,1
TA-02938,C-1630,1
TA-02939,C-1630,1
TA-02940,C-1632,2
TA-02944,C-1628,2
TA-02946,C-1629,1
TA-02947,C-1629,1
TA-02948,C-1629,2
TA-02953,C-1421,1
TA-02955,C-1629,2
TA-02956,C-1629,2
TA-02960,C-1629,2
TA-02961,C-1606,1
TA-02962,C-1606,1
TA-02963,C-1628,2
TA-02964,C-1628,2
TA-02965,C-1628,2
TA-02968,C-1254,1
TA-02969,C-1254,1
TA-02970,C-1826,1
TA-02971,C-1624,1
TA-02972,C-1631,1
TA-02974,C-1629,2
TA-02975,C-1628,2
TA-02976,C-1632,2
TA-02977,C-1943,1
TA-02978,C-1622,1
TA-02979,C-1631,2
TA-02981,C-1629,2
TA-02982,C-1629,2
TA-02983,C-1628,2
TA-02984,C-1628,1
TA-02986,C-1628,1
TA-02987,C-1627,1
TA-02988,C-1631,2
TA-02989,C-1631,2
TA-02992,C-0313,1
TA-02993,C-0313,1
TA-02995,C-0311,1
TA-02996,C-0309,1
TA-02997,C-0309,1
TA-02998,C-1421,2
TA-02999,C-1421,2
TA-03000,C-0001,2
TA-03001,C-1421,2
TA-03002,C-1421,2
TA-03003,C-1421,2
TA-03004,C-1421,2
TA-03005,C-1421,2
TA-03006,C-1631,1
TA-03007,C-1631,1
TA-03009,C-1954,1
TA-03010,C-1631,2
TA-03011,C-1631,2
TA-03012,C-1628,2
TA-03013,C-1628,2
TA-03016,C-1628,2
TA-03017,C-1628,2
TA-03018,C-1628,2
TA-03019,C-1628,2
TA-03020,C-1628,2
TA-03021,C-1628,2
TA-03025,C-1627,2
TA-03026,C-1627,2
TA-03027,C-0449,2
TA-03028,C-1630,1
TA-03029,C-1630,1
TA-03030,C-0001,2
TA-03031,C-1624,1
TA-03036,C-1646,1
TA-03037,C-1628,2
TA-03038,C-1628,2
TA-03039,C-1628,2
TA-03040,C-1628,2
TA-03041,C-1628,2
TA-03043,C-1630,1
TA-03044,C-1630,1
TA-03047,C-1628,1
TA-03048,C-1631,2
TA-03049,C-1631,2
TA-03050,C-1629,2
TA-03054,C-1631,1
TA-03055,C-1631,1
TA-03056,C-1941,1
TA-03057,C-1628,1
TA-03060,C-1629,2
TA-03061,C-1628,2
TA-03062,C-1631,2
TA-03063,C-1631,2
TA-03064,C-1631,2
TA-03065,C-1631,2
TA-03066,C-1244,2
TA-03067,C-1502,1
TA-03069,C-1628,2
TA-03070,C-1628,2
TA-03071,C-1628,2
TA-03072,C-1628,2
TA-03073,C-1628,2
TA-03074,C-1632,2
TA-03076,C-1630,2
TA-03077,C-0325,1
TA-03078,C-0449,2
TA-03079,C-0449,2
TA-03080,C-0831,2
TA-03081,C-0831,2
TA-03082,C-0445,2
TA-03083,C-1628,2
TA-03090,C-1630,1
TA-03091,C-1630,1
TA-03092,C-1630,1
TA-03093,C-1630,1
TA-03094,C-1630,1
TA-03095,C-1630,1
TA-03097,C-1630,1
TA-03099,C-0223,1
TA-03100,C-0223,1
TA-03101,C-1629,2
TA-03102,C-1630,2
TA-03103,C-1994,1
TA-03105,C-1846,2
TA-03106,C-1846,2
TA-03107,C-1846,2
TA-03108,C-1846,2
TA-03109,C-1846,2
TA-03110,C-1846,2
TA-03111,C-1846,2
TA-03112,C-1846,2
TA-03113,C-1587,1
TA-03115,C-1846,2
TA-03116,C-1846,2
TA-03117,C-1846,2
TA-03118,C-1846,2
TA-03119,C-1846,2
TA-03123,C-0373,1
TA-03124,C-2019,1
TA-03126,C-1630,2
TA-03127,C-1630,2
TA-03128,C-1630,2
TA-03129,C-1630,2
TA-03130,C-1630,2
TA-03131,C-1630,2
TA-03132,C-1630,2
TA-03133,C-1630,2
TA-03134,C-1630,2
TA-03135,C-1630,2
TA-03136,C-1630,2
TA-03137,C-1630,2
TA-03138,C-1635,2
TA-03139,C-1635,2
TA-03140,C-1627,2
TA-03141,C-1627,2
TA-03142,C-1627,2
TA-03143,C-1627,2
TA-03144,C-1627,2
TA-03145,C-1627,2
TA-03146,C-1627,2
TA-03147,C-1627,2
TA-03148,C-1627,2
TA-03149,C-1627,4
TA-03150,C-1629,2
TA-03151,C-0449,2
TA-03152,C-0199,2
TA-03153,C-1632,1
TA-03154,C-1628,1
TA-03155,C-1628,1
TA-03157,C-1846,2
TA-03158,C-0342,1
TA-03159,C-0342,1
TA-03161,C-1630,2
TA-03162,C-1630,2
TA-03163,C-1630,1
TA-03164,C-1630,1
TA-03165,C-1421,2
TA-03166,C-1421,2
TA-03167,C-1421,2
TA-03168,C-1421,2
TA-03169,C-1630,2
TA-03171,C-1421,2
TA-03172,C-1421,2
TA-03176,C-1421,2
TA-03179,C-0001,2
TA-03181,C-0449,2
TA-03182,C-1421,2
TA-03183,C-1629,2
TA-03184,C-0001,2
TA-03185,C-1628,2
TA-03186,C-1628,2
TA-03187,C-0449,2
TA-03188,C-0449,2
TA-03189,C-0449,2
TA-03190,C-0449,2
TA-03191,C-0449,2
TA-03192,C-1628,2
TA-03193,C-1628,2
TA-03194,C-1628,2
TA-03195,C-1628,2
TA-03196,C-1628,1
TA-03198,C-1878,4
TA-03199,C-1629,1
TA-03200,C-1628,1
TA-03201,C-1652,1
TA-03205,C-1909,1
TA-03206,C-1629,2
TA-03207,C-1244,2
TA-03208,C-1244,2
TA-03209,C-0445,1
TA-03210,C-0001,2
TA-03211,C-1647,1
TA-03212,C-1647,1
TA-03213,C-0104,1
TA-03214,C-1846,2
TA-03215,C-1846,2
TA-03219,C-0449,2
TA-03220,C-1846,2
TA-03222,C-1631,2
TA-03223,C-1631,2
TA-03224,C-1622,1
TA-03225,C-1622,1
TA-03227,C-1421,1
TA-03228,C-0172,1
TA-03230,C-1628,1
TA-03233,C-1631,1
TA-03235,C-0449,2
TA-03236,C-0001,2
TA-03237,C-0001,2
TA-03238,C-0449,2
TA-03239,C-0449,2
TA-03241,C-0449,2
TA-03243,C-1631,1
TA-03244,C-1630,1
TA-03245,C-1630,1
TA-03246,C-1632,1
TA-03247,C-1624,1
TA-03248,C-1624,1
TA-03249,C-1630,2
TA-03250,C-1632,1
TA-03251,C-1632,1
TA-03252,C-1623,1
TA-03253,C-0218,1
TA-03254,C-1632,2
TA-03258,C-1629,1
TA-03259,C-1244,2
TA-03260,C-0339,1
TA-03261,C-1632,2
TA-03262,C-1655,2
TA-03263,C-1624,1
TA-03264,C-1625,1
TA-03266,C-1631,2
TA-03267,C-1631,2
TA-03268,C-1628,2
TA-03269,C-1628,2
TA-03270,C-1628,2
TA-03271,C-1628,2
TA-03272,C-1628,2
TA-03273,C-1628,2
TA-03274,C-1628,2
TA-03275,C-1628,2
TA-03276,C-1421,2
TA-03277,C-1629,2
TA-03278,C-1629,1
TA-03279,C-1624,1
TA-03280,C-1628,2
TA-03281,C-1628,2
TA-03282,C-1628,2
TA-03283,C-1631,1
TA-03284,C-1631,1
TA-03285,C-1629,1
TA-03286,C-1629,1
TA-03288,C-1629,2
TA-03289,C-1629,2
TA-03290,C-1630,2
TA-03292,C-1631,2
TA-03293,C-1631,1
TA-03295,C-1631,1
TA-03296,C-1629,2
TA-03297,C-1631,1
TA-03298,C-1629,2
TA-03299,C-1629,2
TA-03300,C-1629,2
TA-03301,C-1630,1
TA-03302,C-0218,1
TA-03303,C-0216,1
TA-03304,C-1630,2
TA-03305,C-1632,2
TA-03306,C-1629,2
TA-03307,C-0449,1
TA-03308,C-0448,1
TA-03309,C-1846,2
TA-03310,C-1846,2
TA-03311,C-1846,2
TA-03312,C-1627,2
TA-03313,C-1630,1
TA-03314,C-1632,2
TA-03316,C-1622,1
TA-03317,C-1629,2
TA-03318,C-1629,2
TA-03319,C-1627,2
TA-03320,C-1627,2
TA-03321,C-1630,1
TA-03323,C-1631,1
TA-03324,C-1631,1
TA-03325,C-1631,1
TA-03326,C-1631,1
TA-03327,C-1628,1
TA-03328,C-1421,2
TA-03339,C-1632,2
TA-03340,C-1629,2
TA-03341,C-1631,1
TA-03342,C-1627,2
TA-03346,C-1828,1
TA-03347,C-1629,1
TA-03348,C-1629,1
TA-03349,C-1631,2
TA-03350,C-1628,2
TA-03352,C-1629,1
TA-03353,C-0041,1
TA-03354,C-1630,2
TA-03355,C-1629,2
TA-03356,C-1628,2
TA-03358,C-1632,2
TA-03359,C-1632,1
TA-03360,C-1631,1
TA-03362,C-1628,2
TA-03365,C-0001,2
TA-03367,C-1629,2
TA-03368,C-0449,2
TA-03369,C-0040,1
TA-03374,C-0275,1
TA-03375,C-0344,1
TA-03377,C-1421,2
TA-03378,C-1629,2
TA-03379,C-1631,2
TA-03380,C-1341,1
TA-03381,C-1627,1
TA-03382,C-1627,1
TA-03383,C-1627,1
TA-03384,C-1627,1
TA-03385,C-1627,2
TA-03386,C-1627,2
TA-03389,C-1629,2
TA-03390,C-1631,2
TA-03391,C-1631,1
TA-03392,C-1631,1
TA-03393,C-1630,1
TA-03394,C-1630,1
TA-03395,C-1630,1
TA-03396,C-1628,2
TA-03397,C-1627,2
TA-03398,C-0449,2
TA-03401,C-0449,2
TA-03402,C-1631,1
TA-03403,C-1846,2
TA-03404,C-0445,2
TA-03405,C-1630,2
TA-03406,C-1630,2
TA-03408,C-1631,1
TA-03410,C-1627,2
TA-03411,C-1627,2
TA-03412,C-1631,1
TA-03413,C-1317,1
TA-03414,C-1630,2
TA-03415,C-1629,2
TA-03416,C-1629,2
TA-03417,C-1630,2
TA-03418,C-1629,2
TA-03419,C-1629,2
TA-03420,C-1628,2
TA-03422,C-1631,1
TA-03424,C-0449,1
TA-03425,C-1628,2
TA-03426,C-1631,1
TA-03427,C-1631,1
TA-03428,C-1629,1
TA-03429,C-1629,1
TA-03430,C-1629,1
TA-03431,C-1628,2
TA-03432,C-1628,2
TA-03433,C-1631,2
TA-03434,C-1628,2
TA-03435,C-1628,2
TA-03436,C-1628,2
TA-03437,C-1628,2
TA-03438,C-1628,2
TA-03439,C-1628,2
TA-03440,C-1628,2
TA-03441,C-1628,2
TA-03442,C-1628,2
TA-03443,C-1628,2
TA-03444,C-1628,2
TA-03445,C-1628,2
TA-03446,C-1628,2
TA-03447,C-1628,2
TA-03448,C-1628,2
TA-03449,C-1628,2
TA-03450,C-1628,2
TA-03451,C-1628,2
TA-03452,C-1628,2
TA-03453,C-1628,2
TA-03454,C-1629,2
TA-03455,C-1629,2
TA-03456,C-1628,2
TA-03457,C-1628,2
TA-03458,C-1628,2
TA-03459,C-1628,2
TA-03460,C-1628,2
TA-03461,C-1628,2
TA-03462,C-1631,1
TA-03463,C-1846,2
TA-03464,C-1421,2
TA-03465,C-1421,2
TA-03466,C-1421,2
TA-03468,C-1622,1
TA-03469,C-1628,2
TA-03470,C-0349,1
TA-03471,C-1629,2
TA-03472,C-1629,2
TA-03473,C-1846,2
TA-03474,C-1846,2
TA-03475,C-1846,2
TA-03477,C-1629,2
TA-03478,C-1629,2
TA-03479,C-1421,2
TA-03480,C-1631,2
TA-03481,C-1846,2
TA-03482,C-1846,2
TA-03483,C-1627,2
TA-03485,C-1495,1
TA-03486,C-1495,1
TA-03487,C-0449,2
TA-03488,C-0449,2
TA-03489,C-1635,1
TA-03490,C-0449,2
TA-03491,C-1627,2
TA-03492,C-1627,2
TA-03494,C-1627,1
TA-03495,C-1627,1
TA-03496,C-1627,1
TA-03497,C-1627,2
TA-03498,C-1627,1
TA-03499,C-1627,1
TA-03500,C-1627,2
TA-03501,C-1627,2
TA-03502,C-1628,1
TA-03504,C-1628,1
TA-03505,C-1628,2
TA-03507,C-1632,1
TA-03509,C-1629,2
TA-03510,C-1629,2
TA-03511,C-1629,2
TA-03512,C-1629,2
TA-03513,C-1629,2
TA-03517,C-1698,1
TA-03519,C-1633,1
TA-03520,C-1627,2
TA-03521,C-1631,1
TA-03523,C-1632,2
TA-03525,C-0361,1
TA-03526,C-1632,2
TA-03527,C-1421,2
TA-03528,C-1421,2
TA-03530,C-1627,2
TA-03532,C-1629,2
TA-03533,C-1630,2
TA-03534,C-1630,2
TA-03535,C-1629,1
TA-03536,C-1628,2
TA-03537,C-2021,1
TA-03538,C-1621,1
TA-03539,C-1632,1
TA-03542,C-1635,1
TA-03543,C-1630,1
TA-03544,C-1628,2
TA-03545,C-1628,2
TA-03546,C-1627,2
TA-03549,C-1632,2
TA-03550,C-1630,2
TA-03552,C-1628,2
TA-03554,C-1640,1
TA-03555,C-0372,1
TA-03556,C-1846,2
TA-03557,C-1846,2
TA-03558,C-1846,2
TA-03559,C-1846,2
TA-03560,C-1846,2
TA-03561,C-1846,2
TA-03562,C-1846,2
TA-03563,C-1421,2
TA-03564,C-1421,2
TA-03565,C-1421,2
TA-03566,C-1846,2
TA-03567,C-1846,2
TA-03569,C-1633,1
TA-03570,C-1421,2
TA-03571,C-1629,2
TA-03572,C-0449,2
TA-03575,C-1783,1
TA-03576,C-1846,2
TA-03577,C-1846,2
TA-03578,C-1846,2
TA-03581,C-1627,1
TA-03582,C-1627,1
TA-03584,C-0134,2
TA-03585,C-1623,1
TA-03586,C-1623,1
TA-03587,C-1629,2
TA-03588,C-1628,2
TA-03589,C-1622,1
TA-03590,C-1629,1
TA-03591,C-1627,2
TA-03592,C-1627,2
TA-03593,C-1630,2
TA-03594,C-1631,1
TA-03595,C-1631,1
TA-03598,C-0445,1
TA-03599,C-1631,1
TA-03600,C-0050,1
TA-03603,C-1628,2
TA-03604,C-1630,1
TA-03607,C-1627,2
TA-03608,C-0449,2
TA-03609,C-0449,2
TA-03611,C-1629,2
TA-03612,C-1628,2
TA-03613,C-1628,2
TA-03614,C-1629,2
TA-03615,C-1629,2
TA-03616,C-1629,2
TA-03617,C-1632,1
TA-03618,C-1629,2
TA-03619,C-1628,2
TA-03621,C-1846,2
TA-03622,C-1631,2
TA-03623,C-1630,2
TA-03624,C-0368,1
TA-03625,C-1627,1
TA-03626,C-1629,1
TA-03627,C-1628,2
TA-03628,C-0449,2
TA-03629,C-1629,2
TA-03630,C-1628,2
TA-03632,C-1632,1
TA-03633,C-0449,2
TA-03636,C-1627,2
TA-03637,C-1627,2
TA-03638,C-1622,1
TA-03639,C-0445,2
TA-03640,C-0445,2
TA-03641,C-1631,1
TA-03642,C-1496,1
TA-03644,C-1628,1
TA-03645,C-1628,2
TA-03646,C-1628,2
TA-03649,C-1627,2
TA-03650,C-1627,2
TA-03651,C-1630,1
TA-03652,C-1627,2
TA-03653,C-1627,1
TA-03654,C-1627,2
TA-03655,C-1627,1
TA-03656,C-1627,2
TA-03657,C-1627,1
TA-03658,C-1421,1
TA-03659,C-1421,1
TA-03661,C-1629,1
TA-03662,C-1629,1
TA-03664,C-1244,2
TA-03665,C-1425,1
TA-03666,C-1627,2
TA-03667,C-1627,2
TA-03668,C-1622,1
TA-03669,C-1629,1
TA-03670,C-1628,1
TA-03671,C-1629,1
TA-03672,C-1628,2
TA-03673,C-1628,2
TA-03674,C-1628,2
TA-03675,C-1631,2
TA-03676,C-1628,2
TA-03677,C-0576,1
TA-03678,C-1627,2
TA-03679,C-1627,2
TA-03680,C-1627,2
TA-03681,C-1627,2
TA-03682,C-1627,2
TA-03683,C-1630,2
TA-03686,C-1632,2
TA-03687,C-1421,1
TA-03688,C-1627,2
TA-03689,C-1846,2
TA-03690,C-1244,2
TA-03691,C-1627,2
TA-03692,C-1627,1
TA-03693,C-1629,1
TA-03694,C-1631,2
TA-03695,C-1628,2
TA-03696,C-1628,2
TA-03697,C-1846,2
TA-03698,C-0449,2
TA-03699,C-1846,2
TA-03700,C-1629,1
TA-03702,C-0522,1
TA-03703,C-1632,2
TA-03704,C-1632,2
TA-03705,C-1505,1
TA-03706,C-1629,2
TA-03707,C-1629,2
TA-03708,C-1628,1
TA-03709,C-1629,2
TA-03710,C-1629,2
TA-03711,C-1629,2
TA-03712,C-1629,1
TA-03713,C-1846,2
TA-03714,C-1881,1
TA-03718,C-1641,1
TA-03720,C-1631,1
TA-03721,C-1631,1
TA-03722,C-1628,2
TA-03723,C-1244,2
TA-03724,C-1582,1
TA-03725,C-1621,1
TA-03726,C-1317,1
TA-03729,C-1629,1
TA-03730,C-1629,2
TA-03731,C-1629,2
TA-03732,C-1629,2
TA-03733,C-1629,2
TA-03735,C-1889,1
TA-03736,C-1889,1
TA-03737,C-1889,1
TA-03738,C-1889,1
TA-03764,C-1629,1
TA-03765,C-1628,2
TA-03766,C-1628,2
TA-03767,C-1625,1
TA-03768,C-1419,1
TA-03769,C-1427,1
TA-03770,C-1846,2
TA-03771,C-1846,2
TA-03772,C-1846,2
TA-03773,C-1846,2
TA-03774,C-1846,2
TA-03775,C-1846,2
TA-03776,C-1846,2
TA-03778,C-1628,2
TA-03779,C-1244,2
TA-03780,C-1244,2
TA-03781,C-0449,1
TA-03782,C-0449,1
TA-03783,C-0449,1
TA-03784,C-0449,1
TA-03788,C-0050,2
TA-03789,C-1628,1
TA-03790,C-1628,2
TA-03791,C-1628,2
TA-03792,C-1628,2
TA-03793,C-1628,2
TA-03794,C-1630,1
TA-03795,C-1802,2
TA-03796,C-1629,2
TA-03797,C-1629,2
TA-03799,C-1846,2
TA-03802,C-1421,1
TA-03803,C-1846,1
TA-03805,C-1421,2
TA-03806,C-1629,2
TA-03807,C-1846,2
TA-03808,C-1846,2
TA-03810,C-1630,2
TA-03811,C-1630,2
TA-03812,C-1640,1
TA-03813,C-1630,1
TA-03818,C-1629,2
TA-03819,C-1629,2
TA-03820,C-1629,2
TA-03821,C-1628,2
TA-03822,C-0449,2
TA-03823,C-1627,1
TA-03828,C-0239,1
TA-03830,C-1846,2
TA-03831,C-1846,2
TA-03832,C-1846,2
TA-03833,C-2030,2
TA-03837,C-0323,1
TA-03841,C-1629,2
TA-03842,C-1421,2
TA-03843,C-0445,2
TA-03844,C-1630,2
TA-03846,C-1629,2
TA-03847,C-1629,2
TA-03848,C-1629,2
TA-03849,C-1629,1
TA-03850,C-1846,2
TA-03851,C-1628,2
TA-03852,C-1782,1
TA-03853,C-1631,2
TA-03854,C-1629,2
TA-03855,C-1629,1
TA-03856,C-1629,1
TA-03857,C-1782,1
TA-03858,C-1629,1
TA-03859,C-1629,1
TA-03860,C-1628,2
TA-03861,C-1628,2
TA-03862,C-1628,2
TA-03863,C-1628,2
TA-03864,C-1632,2
TA-03865,C-1926,1
TA-03866,C-1629,2
TA-03867,C-1629,2
TA-03868,C-1846,2
TA-03869,C-1846,2
TA-03872,C-1781,1
TA-03873,C-1781,1
TA-03874,C-1629,2
TA-03877,C-1980,2
TA-03878,C-1421,2
TA-03879,C-1631,1
TA-03881,C-1632,2
TA-03882,C-1632,2
TA-03883,C-1628,2
TA-03884,C-1629,1
TA-03885,C-1629,1
TA-03886,C-1629,1
TA-03887,C-1629,1
TA-03888,C-1629,1
TA-03889,C-1629,1
TA-03890,C-1629,2
TA-03891,C-1629,2
TA-03892,C-1629,2
TA-03893,C-1629,2
TA-03895,C-2023,1
TA-03896,C-1671,1
TA-03897,C-1629,2
TA-03898,C-1629,2
TA-03899,C-1629,2
TA-03900,C-1629,2
TA-03901,C-1629,2
TA-03902,C-1629,2
TA-03903,C-1629,2
TA-03904,C-1629,2
TA-03905,C-1628,2
TA-03906,C-1628,2
TA-03907,C-1629,2
TA-03908,C-1244,2
TA-03910,C-1629,2
TA-03911,C-1629,1
TA-03912,C-1630,1
TA-03913,C-1629,2
TA-03915,C-1846,2
TA-03916,C-0319,1
TA-03919,C-0097,4
TA-03924,C-0180,1
TA-03925,C-0180,1
TA-03926,C-0180,1
TA-03929,C-0074,1
TA-03930,C-1628,2
TA-03934,C-0228,2
TA-03935,C-0228,2
TA-03936,C-0228,2
TA-03937,C-0228,2
TA-03938,C-0228,2
TA-03941,C-0228,2
TA-03942,C-0228,2
TA-03943,C-0391,2
TA-03944,C-0391,2
TA-03945,C-0391,2
TA-03946,C-1386,2
TA-03947,C-1386,2
TA-03948,C-1386,2
TA-03954,C-0228,2
TA-03956,C-1745,1
TA-03957,C-1630,1
TA-03958,C-0074,1
TA-03959,C-0074,1
TA-03960,C-0001,1
TA-03961,C-0001,2
TA-03964,C-1635,2
TA-03965,C-1628,2
TA-03966,C-1628,2
TA-03969,C-1421,2
TA-03970,C-1421,2
TA-03973,C-1421,2
TA-03974,C-1421,2
TA-03975,C-1421,2
TA-03976,C-1421,2
TA-03977,C-1421,2
TA-03978,C-1628,2
TA-03979,C-1421,2
TA-03980,C-1631,1
TA-03981,C-1642,1
TA-03983,C-1781,1
TA-03984,C-1421,2
TA-03985,C-1421,2
TA-03987,C-1421,2
TA-03988,C-1421,2
TA-03989,C-0001,2
TA-03991,C-1628,2
TA-03992,C-1628,2
TA-03993,C-1628,2
TA-03994,C-1628,2
TA-03995,C-1846,2
TA-03997,C-1846,2
TA-04000,C-0449,2
TA-04001,C-1633,1
TA-04002,C-1633,1
TA-04003,C-0223,1
TA-04004,C-0223,1
TA-04006,C-1629,2
TA-04007,C-1629,2
TA-04008,C-1629,2
TA-04009,C-1631,1
TA-04012,C-1630,1
TA-04013,C-1630,1
TA-04016,C-0449,2
TA-04017,C-1629,2
TA-04018,C-1629,2
TA-04019,C-1628,2
TA-04020,C-0392,1
TA-04021,C-1627,2
TA-04022,C-1954,1
TA-04023,C-0445,1
TA-04024,C-1632,1
TA-04025,C-1628,2
TA-04026,C-1630,1
TA-04027,C-1630,1
TA-04028,C-1630,1
TA-04029,C-1630,1
TA-04030,C-1647,1
TA-04031,C-1647,1
TA-04032,C-1632,1
TA-04033,C-1909,1
TA-04034,C-1627,2
TA-04035,C-1421,2
TA-04036,C-1421,2
TA-04037,C-1421,2
TA-04038,C-1421,2
TA-04039,C-1629,2
TA-04041,C-1629,1
TA-04042,C-1785,1
TA-04043,C-1628,1
TA-04044,C-1628,2
TA-04045,C-1628,2
TA-04047,C-1781,1
TA-04049,C-1629,1
TA-04050,C-1628,2
TA-04054,C-1421,2
TA-04055,C-1421,2
TA-04056,C-1421,2
TA-04057,C-1244,2
TA-04062,C-1244,2
TA-04063,C-1244,2
TA-04065,C-1632,1
TA-04066,C-0001,2
TA-04067,C-0001,2
TA-04068,C-0001,2
TA-04069,C-0001,2
TA-04070,C-1421,2
TA-04071,C-0449,2
TA-04072,C-0106,1
TA-04079,C-0102,2
TA-04080,C-0102,1
TA-04081,C-0415,1
TA-04082,C-0415,1
TA-04083,C-0102,1
TA-04084,C-0102,1
TA-04085,C-0102,1
TA-04086,C-0102,1
TA-04087,C-0415,1
TA-04088,C-0415,1
TA-04089,C-0102,1
TA-04090,C-0102,1
TA-04092,C-1421,2
TA-04093,C-0445,2
TA-04094,C-1625,1
TA-04095,C-0003,2
TA-04096,C-1421,1
TA-04097,C-1421,2
TA-04098,C-1244,2
TA-04099,C-1632,2
TA-04100,C-1632,2
TA-04101,C-1628,2
TA-04102,C-0268,1
TA-04103,C-0449,2
TA-04104,C-0449,2
TA-04105,C-1623,1
TA-04106,C-1914,1
TA-04109,C-1629,1
TA-04112,C-1629,2
TA-04113,C-1629,2
TA-04115,C-1631,1
TA-04116,C-1629,2
TA-04117,C-1629,2
TA-04118,C-1628,2
TA-04119,C-1628,2
TA-04120,C-1781,1
TA-04121,C-0367,1
TA-04124,C-1628,2
TA-04125,C-1628,2
TA-04126,C-1628,2
TA-04127,C-1628,2
TA-04132,C-1631,1
TA-04133,C-1628,1
TA-04145,C-1628,2
TA-04154,C-1629,1
TA-04157,C-1627,2
TA-04158,C-1627,2
TA-04159,C-1628,2
TA-04160,C-1628,2
TA-04161,C-1628,2
TA-04162,C-1628,2
TA-04163,C-1628,2
TA-04164,C-1629,2
TA-04165,C-1627,2
TA-04170,C-1628,2
TA-04171,C-1627,2
TA-04172,C-1630,1
TA-04173,C-1630,1
TA-04174,C-1632,2
TA-04175,C-1628,2
TA-04177,C-1631,1
TA-04178,C-2019,1
TA-04179,C-1846,2
TA-04180,C-1632,2
TA-04181,C-1632,2
TA-04182,C-1632,2
TA-04183,C-1632,1
TA-04189,C-0828,1
TA-04190,C-1631,2
TA-04191,C-1627,2
TA-04192,C-1627,2
TA-04193,C-0445,2
TA-04195,C-1631,1
TA-04196,C-1631,1
TA-04197,C-1244,1
TA-04198,C-1632,1
TA-04199,C-1632,1
TA-04200,C-1631,1
TA-04201,C-1631,1
TA-04204,C-1629,2
TA-04205,C-1629,1
TA-04206,C-1629,2
TA-04207,C-1632,1
TA-04208,C-1628,2
TA-04211,C-1628,2
TA-04215,C-0211,1
TA-04216,C-1630,2
TA-04217,C-1630,2
TA-04218,C-1630,2
TA-04219,C-1630,2
TA-04220,C-1630,2
TA-04221,C-1628,2
TA-04222,C-1630,1
TA-04223,C-1630,1
TA-04224,C-1628,2
TA-04225,C-1630,2
TA-04226,C-1630,2
TA-04227,C-1630,1
TA-04228,C-1630,1
TA-04229,C-1628,1
TA-04230,C-1244,2
TA-04231,C-1244,2
TA-04232,C-0449,2
TA-04233,C-1244,1
TA-04234,C-1244,2
TA-04235,C-1641,1
TA-04236,C-1641,1
TA-04237,C-1641,1
TA-04238,C-1632,2
TA-04239,C-1632,2
TA-04245,C-1630,2
TA-04246,C-1630,2
TA-04247,C-1630,2
TA-04249,C-1631,1
TA-04251,C-1629,1
TA-04252,C-1631,1
TA-04253,C-1628,2
TA-04254,C-1628,2
TA-04255,C-1627,2
TA-04260,C-1632,1
TA-04261,C-1233,1
TA-04262,C-1631,1
TA-04263,C-1631,1
TA-04264,C-1632,2
TA-04265,C-1628,2
TA-04266,C-1846,2
TA-04267,C-1628,2
TA-04269,C-1244,2
TA-04270,C-0057,2
TA-04271,C-0057,2
TA-04272,C-0057,2
TA-04273,C-0057,2
TA-04274,C-0057,2
TA-04275,C-0057,2
TA-04276,C-1628,2
TA-04277,C-1628,2
TA-04278,C-0449,2
TA-04279,C-0449,2
TA-04280,C-0449,2
TA-04281,C-0449,2
TA-04282,C-0449,3
TA-04283,C-1632,1
TA-04284,C-1632,1
TA-04286,C-2034,1
TA-04287,C-0404,1
TA-04288,C-1632,2
TA-04289,C-1632,2
TA-04290,C-1628,2
TA-04291,C-1628,2
TA-04292,C-1627,2
TA-04293,C-1627,2
TA-04295,C-0001,2
TA-04296,C-0001,1
TA-04297,C-0001,2
TA-04298,C-0001,1
TA-04300,C-2029,2
TA-04301,C-1630,1
TA-04302,C-1630,1
TA-04303,C-1630,1
TA-04304,C-1627,2
TA-04305,C-2023,1
TA-04306,C-0514,1
TA-04308,C-0258,1
TA-04309,C-0248,1
TA-04310,C-0071,1
TA-04311,C-0071,1
TA-04312,C-1629,1
TA-04313,C-0449,1
TA-04320,C-1622,1
TA-04321,C-1622,1
TA-04323,C-1629,1
TA-04327,C-2008,1
TA-04328,C-2008,1
TA-04329,C-2032,1
TA-04330,C-1631,1
TA-04331,C-1631,4
TA-04333,C-1421,2
TA-04335,C-1421,2
TA-04336,C-1421,2
TA-04337,C-1628,1
TA-04338,C-1628,1
TA-04339,C-1587,1
TA-04340,C-0408,1
TA-04341,C-0407,1
TA-04342,C-1630,2
TA-04343,C-0097,2
TA-04344,C-0102,2
TA-04345,C-0102,2
TA-04346,C-0102,2
TA-04348,C-1630,1
TA-04349,C-1630,1
TA-04355,C-1244,2
TA-04356,C-1629,2
TA-04357,C-1628,2
TA-04358,C-1630,1
TA-04359,C-1630,1
TA-04360,C-1630,1
TA-04361,C-1630,1
TA-04362,C-1630,1
TA-04363,C-1630,1
TA-04365,C-1631,1
TA-04366,C-1631,1
TA-04367,C-1631,1
TA-04368,C-1631,1
TA-04369,C-0449,2
TA-04370,C-1631,1
TA-04371,C-1630,1
TA-04372,C-1630,1
TA-04374,C-1632,1
TA-04375,C-1631,1
TA-04377,C-1627,2
TA-04378,C-0058,2
TA-04379,C-0409,1
TA-04380,C-1629,2
TA-04382,C-1628,2
TA-04385,C-1628,2
TA-04386,C-1244,2
TA-04388,C-1632,2
TA-04389,C-1629,1
TA-04392,C-1629,1
TA-04393,C-1629,1
TA-04394,C-0393,1
TA-04397,C-1630,1
TA-04398,C-1630,1
TA-04399,C-1628,2
TA-04400,C-1629,2
TA-04401,C-1630,2
TA-04402,C-1630,1
TA-04403,C-1629,2
TA-04404,C-1629,2
TA-04405,C-1244,1
TA-04406,C-1244,1
TA-04407,C-0014,1
TA-04409,C-1244,2
TA-04410,C-1244,2
TA-04411,C-2019,1
TA-04412,C-1631,2
TA-04413,C-1631,2
TA-04414,C-1631,2
TA-04415,C-1631,1
TA-04416,C-1629,1
TA-04417,C-1901,1
TA-04418,C-1901,1
TA-04419,C-1625,1
TA-04420,C-1632,1
TA-04422,C-1632,2
TA-04424,C-2005,1
TA-04425,C-0263,1
TA-04426,C-0268,1
TA-04427,C-1646,1
TA-04429,C-0274,1
TA-04430,C-1900,1
TA-04431,C-0566,1
TA-04432,C-1630,1
TA-04433,C-1628,2
TA-04436,C-1627,2
TA-04437,C-1631,1
TA-04438,C-1631,1
TA-04439,C-1628,1
TA-04441,C-1627,1
TA-04442,C-1627,1
TA-04445,C-1869,1
TA-04446,C-1421,2
TA-04447,C-1421,2
TA-04454,C-0263,1
TA-04455,C-0263,1
TA-04456,C-0240,1
TA-04457,C-0180,1
TA-04458,C-0092,1
TA-04459,C-0180,1
TA-04460,C-0092,1
TA-04461,C-0180,1
TA-04462,C-0180,1
TA-04467,C-0180,1
TA-04468,C-0180,1
TA-04469,C-0180,1
TA-04470,C-0180,1
TA-04471,C-0102,2
TA-04472,C-0102,2
TA-04473,C-0097,4
TA-04474,C-0102,2
TA-04479,C-1631,2
TA-04481,C-1629,2
TA-04483,C-1628,1
TA-04485,C-0445,2
TA-04486,C-1421,2
TA-04492,C-0275,1
TA-04495,C-0449,1
TA-04496,C-1631,2
TA-04497,C-1846,2
TA-04498,C-0001,2
TA-04500,C-1629,1
TA-04502,C-1629,1
TA-04505,C-1421,1
TA-04506,C-1421,1
TA-04507,C-1632,2
TA-04508,C-1632,2
TA-04509,C-0445,2
TA-04510,C-1628,1
TA-04511,C-1631,1
TA-04512,C-1629,2
TA-04513,C-1629,2
TA-04516,C-0449,2
TA-04517,C-1770,1
TA-04519,C-1770,1
TA-04520,C-1624,1
TA-04521,C-1624,1
TA-04524,C-1633,1
TA-04526,C-1629,2
TA-04527,C-0449,2
TA-04528,C-1846,2
TA-04529,C-1846,2
TA-04530,C-1846,2
TA-04531,C-1846,2
TA-04532,C-1846,2
TA-04533,C-1846,2
TA-04534,C-1846,2
TA-04535,C-1846,2
TA-04536,C-1846,2
TA-04537,C-1846,2
TA-04538,C-1846,2
TA-04539,C-0831,1
TA-04540,C-0831,1
TA-04542,C-1626,1
TA-04543,C-1631,1
TA-04544,C-1421,2
TA-04545,C-1244,2
TA-04546,C-1624,1
TA-04547,C-1628,2
TA-04548,C-0445,2
TA-04549,C-1624,1
TA-04550,C-1624,1
TA-04551,C-1628,2
TA-04552,C-1628,2
TA-04556,C-1629,2
TA-04557,C-1627,2
TA-04558,C-1627,2
TA-04560,C-0001,2
TA-04578,C-1355,1
TA-04579,C-1628,2
TA-04580,C-1632,2
TA-04582,C-0043,1
TA-04596,C-0359,1
TA-04597,C-0359,1
TA-04599,C-1587,1
TA-04600,C-1628,2
TA-04601,C-1628,2
TA-04602,C-1629,1
TA-04603,C-1629,2
TA-04604,C-1628,2
TA-04606,C-1632,2
TA-04608,C-1628,2
TA-04609,C-1628,2
TA-04610,C-1631,1
TA-04611,C-1631,1
TA-04612,C-1631,1
TA-04613,C-1631,1
TA-04616,C-0445,1
TA-04617,C-1628,1
TA-04618,C-1628,1
TA-04619,C-1745,1
TA-04620,C-1647,1
TA-04621,C-1630,1
TA-04622,C-1630,1
TA-04623,C-1630,1
TA-04624,C-1647,1
TA-04625,C-1629,2
TA-04626,C-1629,2
TA-04627,C-1421,2
TA-04629,C-1244,2
TA-04630,C-0449,2
TA-04634,C-1631,1
TA-04635,C-1629,2
TA-04636,C-1629,1
TA-04637,C-1627,2
TA-04638,C-1627,2
TA-04641,C-1233,1
TA-04651,C-1629,1
TA-04652,C-1629,1
TA-04653,C-1630,1
TA-04654,C-1630,1
TA-04655,C-1244,2
TA-04656,C-1244,2
TA-04657,C-1658,2
TA-04658,C-1630,1
TA-04659,C-1630,1
TA-04660,C-1630,1
TA-04661,C-1628,2
TA-04662,C-1630,1
TA-04663,C-1630,1
TA-04666,C-1631,1
TA-04667,C-1629,1
TA-04668,C-1244,2
TA-04669,C-1244,2
TA-04670,C-0107,1
TA-04672,C-1216,1
TA-04673,C-0110,1
TA-04677,C-1781,1
TA-04678,C-0097,4
TA-04679,C-0097,2
TA-04680,C-0097,2
TA-04681,C-0102,2
TA-04682,C-0097,2
TA-04683,C-0097,2
TA-04684,C-1630,1
TA-04685,C-1630,1
TA-04686,C-1627,2
TA-04690,C-1999,1
TA-04691,C-1628,2
TA-04694,C-1630,1
TA-04695,C-1630,1
TA-04696,C-1630,1
TA-04697,C-0211,1
TA-04698,C-1630,1
TA-04699,C-1630,1
TA-04700,C-1630,1
TA-04701,C-1630,1
TA-04702,C-1630,1
TA-04703,C-1622,1
TA-04704,C-1628,2
TA-04710,C-1628,1
TA-04711,C-0246,1
TA-04712,C-0108,1
TA-04713,C-0182,1
TA-04714,C-0187,1
TA-04717,C-2027,2
TA-04718,C-1628,2
TA-04721,C-1630,1
TA-04722,C-1630,1
TA-04723,C-1781,1
TA-04725,C-1565,1
TA-04726,C-1846,2
TA-04727,C-0438,2
TA-04728,C-0438,2
TA-04729,C-0438,2
TA-04730,C-1421,2
TA-04731,C-1421,2
TA-04732,C-1421,2
TA-04733,C-1421,1
TA-04734,C-0448,1
TA-04735,C-0449,1
TA-04736,C-1420,1
TA-04738,C-1846,2
TA-04739,C-1714,1
TA-04740,C-1244,2
TA-04749,C-1846,2
TA-04750,C-0449,2
TA-04753,C-1312,1
TA-04754,C-1312,1
TA-04755,C-1229,1
TA-04759,C-1846,2
TA-04762,C-1846,2
TA-04763,C-1846,2
TA-04765,C-1244,2
TA-04766,C-1244,2
TA-04767,C-1244,2
TA-04768,C-1846,2
TA-04770,C-1421,2
TA-04771,C-1846,2
TA-04772,C-1846,2
TA-04776,C-1421,2
TA-04777,C-0445,1
TA-04778,C-0445,2
TA-04779,C-1850,1
TA-04782,C-1244,2
TA-04783,C-1244,2
TA-04784,C-0445,1
TA-04785,C-0445,1
TA-04786,C-1846,2
TA-04787,C-1439,1
TA-04788,C-0445,1
TA-04789,C-0004,2
TA-04790,C-1421,2
TA-04791,C-1421,2
TA-04792,C-1421,2
TA-04793,C-0449,2
TA-04794,C-1555,1
TA-04795,C-1846,2
TA-04796,C-1846,2
TA-04797,C-1846,2
TA-04798,C-1846,2
TA-04799,C-1846,2
TA-04800,C-1846,2
TA-04801,C-1846,2
TA-04802,C-0445,2
TA-04803,C-0445,2
TA-04805,C-1244,2
TA-04806,C-1244,2
TA-04807,C-1439,2
TA-04808,C-1439,2
TA-04809,C-1439,2
TA-04810,C-1439,2
TA-04811,C-1439,2
TA-04812,C-1439,2
TA-04813,C-1439,2
TA-04814,C-1439,2
TA-04815,C-1439,2
TA-04816,C-0445,2
TA-04817,C-1439,2
TA-04818,C-1439,2
TA-04819,C-1439,2
TA-04820,C-1439,2
TA-04821,C-1439,2
TA-04822,C-1439,2
TA-04823,C-1439,2
TA-04824,C-1629,2
TA-04825,C-1628,2
TA-04826,C-1629,2
TA-04827,C-1631,2
TA-04829,C-1629,2
TA-04830,C-1631,1
TA-04831,C-1846,2
TA-04832,C-0097,2
TA-04833,C-1846,2
TA-04834,C-1846,2
TA-04835,C-1846,2
TA-04836,C-1628,2
TA-04837,C-1628,2
TA-04838,C-1233,1
TA-04839,C-1846,2
TA-04844,C-0001,2
TA-04846,C-1632,2
TA-04848,C-1631,1
TA-04849,C-1631,1
TA-04850,C-1629,1
TA-04851,C-1846,2
TA-04852,C-1630,2
TA-04853,C-1628,1
TA-04854,C-1628,2
TA-04855,C-1629,2
TA-04856,C-1629,2
TA-04857,C-1777,1
TA-04858,C-1777,1
TA-04859,C-1629,1
TA-04860,C-2004,1
TA-04861,C-2004,1
TA-04862,C-2004,1
TA-04863,C-2004,1
TA-04864,C-0001,2
TA-04865,C-0001,2
TA-04866,C-1628,2
TA-04867,C-1632,2
TA-04870,C-1631,2
TA-04876,C-2030,2
TA-04877,C-1631,1
TA-04878,C-1631,1
TA-04881,C-1631,1
TA-04883,C-1629,1
TA-04884,C-1629,1
TA-04885,C-1629,1
TA-04886,C-1629,1
TA-04887,C-0102,2
TA-04888,C-0097,2
TA-04889,C-0102,2
TA-04890,C-0102,2
TA-04891,C-1628,2
TA-04892,C-1628,1
TA-04908,C-1628,2
TA-04909,C-1623,1
TA-04913,C-0001,2
TA-04914,C-0001,2
TA-04915,C-1421,2
TA-04916,C-1421,2
TA-04919,C-0445,1
TA-04920,C-0445,1
TA-04921,C-0001,2
TA-04922,C-1628,2
TA-04923,C-1628,1
TA-04926,C-1631,1
TA-04927,C-0001,2
TA-04930,C-1629,2
TA-04932,C-1632,2
TA-04933,C-1632,2
TA-04934,C-1631,2
TA-04935,C-1631,2
TA-04936,C-1631,2
TA-04937,C-1631,2
TA-04939,C-1846,2
TA-04940,C-1846,2
TA-04941,C-1846,2
TA-04942,C-0449,2
TA-04943,C-1244,2
TA-04944,C-1244,2
TA-04945,C-1244,2
TA-04946,C-1628,2
TA-04947,C-2019,1
TA-04948,C-1629,1
TA-04949,C-1628,2
TA-04952,C-1628,2
TA-04955,C-1781,1
TA-04957,C-1781,1
TA-04959,C-1781,1
TA-04960,C-1632,1
TA-04961,C-1627,2
TA-04962,C-1628,2
TA-04963,C-1628,2
TA-04964,C-1629,2
TA-04965,C-1215,1
TA-04966,C-1216,1
TA-04967,C-1631,2
TA-04968,C-1631,2
TA-04969,C-1631,2
TA-04970,C-1631,2
TA-04972,C-1947,1
TA-04973,C-1631,1
TA-04976,C-0035,1
TA-04977,C-1846,2
TA-04978,C-1629,1
TA-04979,C-1947,1
TA-04980,C-0097,2
TA-04981,C-0097,2
TA-04982,C-0102,2
TA-04983,C-0102,2
TA-04984,C-0102,2
TA-04985,C-0097,2
TA-04986,C-0097,2
TA-04992,C-1461,1
TA-04993,C-1628,2
TA-04994,C-1628,2
TA-04995,C-1628,2
TA-04996,C-1628,2
TA-04997,C-1628,2
TA-04998,C-1628,2
TA-05000,C-1630,1
TA-05001,C-1628,1
TA-05002,C-1632,1
TA-05007,C-1630,1
TA-05008,C-1629,1
TA-05009,C-1631,2
TA-05010,C-0003,2
TA-05011,C-1629,1
TA-05012,C-1630,1
TA-05016,C-1630,1
TA-05017,C-1630,1
TA-05018,C-1781,1
TA-05019,C-1630,2
TA-05020,C-1630,2
TA-05021,C-1631,1
TA-05022,C-1846,2
TA-05024,C-1628,2
TA-05025,C-1628,2
TA-05026,C-1629,2
TA-05027,C-1629,2
TA-05032,C-1624,1
TA-05033,C-1631,1
TA-05035,C-1421,2
TA-05053,C-1628,2
TA-05054,C-0540,1
TA-05055,C-1631,2
TA-05056,C-1632,1
TA-05057,C-1632,1
TA-05058,C-1628,1
TA-05059,C-1629,1
TA-05060,C-1629,1
TA-05061,C-1629,2
TA-05062,C-1629,2
TA-05063,C-1629,1
TA-05064,C-1629,2
TA-05065,C-1629,2
TA-05066,C-1629,2
TA-05067,C-1629,2
TA-05068,C-1630,2
TA-05069,C-1628,2
TA-05070,C-1606,1
TA-05071,C-1606,1
TA-05073,C-1244,2
TA-05074,C-0449,1
TA-05075,C-1244,2
TA-05076,C-1244,2
TA-05077,C-1244,2
TA-05078,C-1244,2
TA-05079,C-1244,2
TA-05082,C-1631,2
TA-05083,C-1631,2
TA-05084,C-1421,2
TA-05086,C-1628,2
TA-05087,C-1628,2
TA-05088,C-1628,2
TA-05089,C-1628,2
TA-05090,C-2019,1
TA-05091,C-1624,1
TA-05092,C-1624,1
TA-05093,C-1624,1
TA-05094,C-1624,1
TA-05097,C-1421,2
TA-05098,C-1421,2
TA-05100,C-1421,2
TA-05101,C-0508,1
TA-05102,C-1629,2
TA-05103,C-1629,2
TA-05104,C-1629,1
TA-05105,C-1629,1
TA-05112,C-1629,2
TA-05113,C-0511,1
TA-05115,C-1630,1
TA-05116,C-1624,1
TA-05117,C-1632,1
TA-05118,C-1628,1
TA-05119,C-1628,2
TA-05120,C-1628,2
TA-05121,C-1628,2
TA-05124,C-1629,2
TA-05125,C-1628,2
TA-05126,C-1628,2
TA-05128,C-1629,1
TA-05129,C-1421,2
TA-05132,C-1632,1
TA-05133,C-1632,1
TA-05138,C-1421,1
TA-05140,C-0445,2
TA-05141,C-0445,2
TA-05146,C-1244,2
TA-05157,C-1846,1
TA-05158,C-1244,2
TA-05159,C-0102,1
TA-05160,C-0102,1
TA-05161,C-0415,1
TA-05162,C-0415,1
TA-05163,C-0102,1
TA-05164,C-0102,1
TA-05165,C-0182,1
TA-05166,C-0182,1
TA-05167,C-0092,1
TA-05168,C-0097,2
TA-05169,C-0097,2
TA-05170,C-1629,2
TA-05171,C-1846,2
TA-05172,C-1628,2
TA-05173,C-1628,2
TA-05174,C-1628,2
TA-05175,C-1630,2
TA-05176,C-1630,2
TA-05177,C-1631,2
TA-05178,C-1631,2
TA-05182,C-1386,2
TA-05183,C-1383,2
TA-05184,C-1629,1
TA-05185,C-1632,1
TA-05186,C-1631,1
TA-05187,C-0409,1
TA-05193,C-1630,1
TA-05194,C-1630,1
TA-05196,C-1880,1
TA-05197,C-1629,2
TA-05198,C-1629,2
TA-05199,C-1629,2
TA-05201,C-1631,1
TA-05202,C-1629,1
TA-05203,C-1639,1
TA-05204,C-1745,1
TA-05205,C-1631,1
TA-05207,C-1631,1
TA-05208,C-1631,1
TA-05209,C-1628,2
TA-05210,C-1628,2
TA-05211,C-1630,1
TA-05212,C-1630,1
TA-05214,C-1628,2
TA-05215,C-1630,1
TA-05216,C-1630,1
TA-05217,C-1629,2
TA-05218,C-1629,2
TA-05219,C-1624,1
TA-05220,C-1632,2
TA-05221,C-1632,2
TA-05222,C-1973,1
TA-05223,C-1421,2
TA-05224,C-1421,2
TA-05225,C-1421,2
TA-05226,C-1421,2
TA-05227,C-1421,2
TA-05228,C-1244,2
TA-05229,C-1628,1
TA-05230,C-1244,1
TA-05231,C-1627,2
TA-05232,C-1628,2
TA-05233,C-0119,1
TA-05234,C-1628,2
TA-05238,C-1421,2
TA-05239,C-1421,2
TA-05240,C-1629,2
TA-05242,C-1625,1
TA-05244,C-1631,2
TA-05245,C-1486,1
TA-05246,C-1623,1
TA-05247,C-1623,1
TA-05248,C-1623,1
TA-05249,C-1623,1
TA-05250,C-1631,1
TA-05251,C-1629,1
TA-05252,C-1631,1
TA-05253,C-1631,1
TA-05254,C-1630,1
TA-05255,C-1630,1
TA-05256,C-1629,1
TA-05257,C-1632,1
TA-05258,C-1631,1
TA-05259,C-1629,1
TA-05260,C-1630,1
TA-05261,C-1244,2
TA-05265,C-1629,1
TA-05266,C-1630,1
TA-05267,C-1630,1
TA-05268,C-1630,2
TA-05269,C-1630,1
TA-05270,C-1630,1
TA-05271,C-1631,1
TA-05272,C-1631,1
TA-05273,C-1628,2
TA-05274,C-1625,1
TA-05275,C-1629,1
TA-05276,C-1631,1
TA-05277,C-1631,1
TA-05280,C-1628,2
TA-05283,C-1846,2
TA-05284,C-1846,2
TA-05285,C-1846,2
TA-05286,C-1846,2
TA-05287,C-1846,2
TA-05288,C-1631,1
TA-05292,C-1625,1
TA-05294,C-1630,2
TA-05296,C-1631,1
TA-05297,C-1631,1
TA-05299,C-1631,1
TA-05300,C-1244,2
TA-05302,C-1631,1
TA-05303,C-1928,1
TA-05304,C-1627,2
TA-05306,C-1632,1
TA-05309,C-0445,2
TA-05310,C-0445,2
TA-05313,C-1628,2
TA-05314,C-1628,2
TA-05324,C-1631,1
TA-05325,C-1631,1
TA-05326,C-1642,1
TA-05327,C-1642,1
TA-05328,C-1628,2
TA-05329,C-1846,2
TA-05330,C-1846,2
TA-05331,C-1846,2
TA-05332,C-1846,2
TA-05333,C-2004,1
TA-05334,C-2004,1
TA-05335,C-2004,1
TA-05336,C-2004,1
TA-05337,C-1632,1
TA-05338,C-1631,1
TA-05339,C-0324,2
TA-05341,C-1745,1
TA-05342,C-1625,1
TA-05343,C-1625,1
TA-05344,C-1628,1
TA-05345,C-1628,2
TA-05346,C-0058,2
TA-05347,C-0001,2
TA-05348,C-1628,1
TA-05349,C-1628,2
TA-05351,C-1631,2
TA-05352,C-1631,2
TA-05354,C-1630,2
TA-05355,C-1630,2
TA-05358,C-1244,2
TA-05359,C-1421,1
TA-05360,C-1421,2
TA-05361,C-0445,2
TA-05362,C-0445,2
TA-05363,C-1421,2
TA-05364,C-1627,2
TA-05365,C-1627,1
TA-05366,C-1628,2
TA-05367,C-1627,1
TA-05368,C-1627,1
TA-05369,C-1627,1
TA-05370,C-1627,1
TA-05371,C-1627,1
TA-05372,C-1627,1
TA-05373,C-1627,1
TA-05374,C-1627,1
TA-05375,C-1631,1
TA-05376,C-1631,1
TA-05377,C-1631,1
TA-05378,C-1631,1
TA-05379,C-1631,1
TA-05382,C-1846,2
TA-05388,C-1430,1
TA-05389,C-1628,2
TA-05391,C-1627,1
TA-05392,C-1627,1
TA-05393,C-1627,2
TA-05397,C-1421,2
TA-05398,C-1421,2
TA-05399,C-1630,1
TA-05400,C-1421,2
TA-05401,C-1628,1
TA-05402,C-0102,2
TA-05403,C-0097,2
TA-05404,C-1627,1
TA-05405,C-1627,2
TA-05406,C-1627,2
TA-05407,C-1627,1
TA-05408,C-1622,1
TA-05409,C-1632,2
TA-05412,C-1632,2
TA-05418,C-1627,1
TA-05421,C-1627,2
TA-05422,C-1627,1
TA-05423,C-1627,1
TA-05424,C-1627,2
TA-05425,C-1627,1
TA-05426,C-1627,1
TA-05427,C-1627,2
TA-05428,C-1627,2
TA-05429,C-1627,1
TA-05430,C-1627,1
TA-05431,C-1627,1
TA-05432,C-1627,2
TA-05433,C-0409,1
TA-05434,C-1629,2
TA-05435,C-1629,2
TA-05436,C-1629,1
TA-05437,C-1627,2
TA-05438,C-1633,1
TA-05439,C-1628,1
TA-05442,C-1632,1
TA-05445,C-1430,1
TA-05447,C-1629,1
TA-05448,C-1630,1
TA-05449,C-1630,1
TA-05450,C-1632,2
TA-05451,C-1632,2
TA-05452,C-1632,1
TA-05453,C-1633,2
TA-05454,C-1421,2
TA-05455,C-1846,2
TA-05456,C-0449,2
TA-05457,C-1630,1
TA-05458,C-1630,1
TA-05459,C-1244,2
TA-05461,C-1628,2
TA-05463,C-1627,2
TA-05464,C-1631,2
TA-05466,C-2032,1
TA-05467,C-2032,1
TA-05468,C-1846,2
TA-05469,C-1846,2
TA-05470,C-1629,1
TA-05471,C-1629,1
TA-05477,C-1641,1
TA-05478,C-1641,1
TA-05480,C-1641,1
TA-05481,C-1641,1
TA-05482,C-1641,1
TA-05483,C-1641,1
TA-05484,C-0058,2
TA-05485,C-1630,2
TA-05486,C-1630,2
TA-05487,C-1630,2
TA-05488,C-1630,2
TA-05489,C-1628,2
TA-05490,C-1630,1
TA-05491,C-1630,1
TA-05492,C-1622,1
TA-05493,C-1630,2
TA-05494,C-1630,2
TA-05495,C-1630,2
TA-05496,C-1630,2
TA-05497,C-1630,2
TA-05498,C-1997,1
TA-05499,C-1630,2
TA-05500,C-2032,1
TA-05501,C-2032,1
TA-05502,C-1631,2
TA-05503,C-1631,2
TA-05504,C-1628,2
TA-05505,C-1628,2
TA-05506,C-1770,1
TA-05507,C-1770,1
TA-05510,C-1629,2
TA-05517,C-1244,2
TA-05518,C-1629,2
TA-05519,C-1629,2
TA-05520,C-1629,2
TA-05521,C-1630,1
TA-05522,C-1630,1
TA-05523,C-1631,1
TA-05524,C-1631,1
TA-05525,C-1629,2
TA-05528,C-0527,1
TA-05529,C-1627,1
TA-05530,C-1628,2
TA-05531,C-0165,1
TA-05532,C-0102,2
TA-05533,C-0097,2
TA-05534,C-0097,2
TA-05535,C-1631,1
TA-05536,C-1629,2
TA-05537,C-1630,1
TA-05538,C-1677,2
TA-05539,C-1244,2
TA-05540,C-1244,2
TA-05541,C-1244,2
TA-05542,C-0445,1
TA-05545,C-1421,2
TA-05547,C-0003,2
TA-05549,C-1632,1
TA-05550,C-1629,2
TA-05551,C-0003,2
TA-05552,C-0445,2
TA-05553,C-0445,2
TA-05554,C-0445,2
TA-05555,C-0003,2
TA-05556,C-0003,2
TA-05557,C-1846,2
TA-05558,C-1215,1
TA-05561,C-1846,2
TA-05562,C-1846,2
TA-05563,C-1630,1
TA-05564,C-0050,1
TA-05565,C-1627,2
TA-05566,C-1627,1
TA-05567,C-1846,2
TA-05568,C-1846,2
TA-05569,C-0102,2
TA-05570,C-0102,2
TA-05571,C-1629,2
TA-05572,C-1622,1
TA-05575,C-0001,2
TA-05576,C-0001,2
TA-05577,C-1628,2
TA-05578,C-1846,2
TA-05579,C-1846,2
TA-05580,C-1846,2
TA-05581,C-1846,2
TA-05582,C-1846,2
TA-05583,C-1846,2
TA-05584,C-1846,2
TA-05585,C-1630,2
TA-05586,C-1630,2
TA-05587,C-1632,1
TA-05588,C-1846,2
TA-05589,C-1846,2
TA-05590,C-1846,2
TA-05591,C-1386,2
TA-05592,C-1386,2
TA-05593,C-1846,2
TA-05594,C-1846,2
TA-05595,C-1846,2
TA-05596,C-1627,1
TA-05597,C-1633,2
TA-05599,C-1641,1
TA-05600,C-1791,1
TA-05601,C-1791,1
TA-05602,C-0374,1
TA-05603,C-0445,1
TA-05604,C-1629,2
TA-05605,C-0165,1
TA-05606,C-0097,2
TA-05607,C-0102,2
TA-05608,C-0097,2
TA-05609,C-0097,2
TA-05610,C-0449,2
TA-05611,C-0449,2
TA-05615,C-0102,1
TA-05616,C-0102,1
TA-05617,C-0102,1
TA-05618,C-0102,1
TA-05619,C-0415,1
TA-05620,C-0415,1
TA-05625,C-0102,2
TA-05626,C-0487,1
TA-05627,C-0488,1
TA-05631,C-1646,1
TA-05633,C-1606,1
TA-05634,C-1606,1
TA-05635,C-1630,2
TA-05636,C-1628,2
TA-05637,C-1628,2
TA-05638,C-1631,1
TA-05639,C-1628,1
TA-05640,C-0165,1
TA-05641,C-1628,1
TA-05642,C-0172,1
TA-05646,C-1627,1
TA-05647,C-1627,1
TA-05648,C-1627,1
TA-05649,C-1627,2
TA-05650,C-1627,2
TA-05652,C-1625,1
TA-05653,C-1625,1
TA-05654,C-1625,1
TA-05655,C-1625,1
TA-05656,C-1632,2
TA-05657,C-1632,2
TA-05658,C-1631,2
TA-05659,C-1631,2
TA-05661,C-1421,1
TA-05663,C-1631,1
TA-05664,C-1631,2
TA-05665,C-1632,2
TA-05666,C-1632,2
TA-05667,C-1632,1
TA-05668,C-1632,1
TA-05669,C-1630,1
TA-05670,C-1630,1
TA-05671,C-1632,1
TA-05672,C-1627,1
TA-05673,C-1631,1
TA-05674,C-1627,1
TA-05675,C-1627,1
TA-05676,C-1627,1
TA-05677,C-1627,1
TA-05678,C-1627,1
TA-05679,C-1627,1
TA-05680,C-1627,1
TA-05681,C-1628,2
TA-05682,C-1632,1
TA-05683,C-1632,1
TA-05685,C-1631,2
TA-05686,C-1631,2
TA-05687,C-1631,2
TA-05688,C-1631,2
TA-05689,C-1782,1
TA-05690,C-1631,1
TA-05691,C-1627,2
TA-05692,C-1630,2
TA-05693,C-1628,2
TA-05694,C-1628,2
TA-05695,C-1628,2
TA-05696,C-1629,1
TA-05701,C-1630,1
TA-05703,C-1632,1
TA-05704,C-1782,1
TA-05705,C-1782,1
TA-05710,C-1812,1
TA-05715,C-1630,1
TA-05716,C-1630,1
TA-05717,C-1630,1
TA-05718,C-1630,1
TA-05720,C-1631,1
TA-05721,C-1627,2
TA-05724,C-1629,2
TA-05727,C-1628,2
TA-05728,C-1782,1
TA-05729,C-0629,1
TA-05730,C-1629,2
TA-05731,C-1629,2
TA-05732,C-1646,1
TA-05733,C-2027,2
TA-05734,C-1629,2
TA-05735,C-1628,2
TA-05739,C-1631,1
TA-05740,C-1632,1
TA-05741,C-1632,1
TA-05742,C-1631,2
TA-05743,C-1631,2
TA-05746,C-0306,1
TA-05747,C-1872,1
TA-05748,C-1629,2
TA-05749,C-1628,2
TA-05750,C-1628,2
TA-05751,C-1621,1
TA-05752,C-1628,1
TA-05753,C-1386,2
TA-05754,C-1386,2
TA-05757,C-1631,2
TA-05758,C-1627,2
TA-05759,C-1629,2
TA-05760,C-1630,2
TA-05761,C-1630,2
TA-05762,C-1739,1
TA-05763,C-1629,1
TA-05764,C-1421,2
TA-05765,C-1421,1
TA-05766,C-1421,2
TA-05767,C-1630,2
TA-05769,C-1628,2
TA-05770,C-1649,1
TA-05771,C-0535,1
TA-05773,C-1628,2
TA-05774,C-1628,2
TA-05775,C-0102,2
TA-05776,C-0097,2
TA-05777,C-0097,2
TA-05778,C-1629,2
TA-05779,C-1629,2
TA-05780,C-2027,2
TA-05781,C-2027,2
TA-05782,C-1629,2
TA-05783,C-1629,2
TA-05785,C-1632,1
TA-05788,C-1629,2
TA-05789,C-1629,2
TA-05790,C-1629,2
TA-05791,C-1629,2
TA-05792,C-1629,1
TA-05793,C-1629,1
TA-05794,C-1629,1
TA-05795,C-1629,1
TA-05796,C-1629,2
TA-05797,C-1629,2
TA-05798,C-1629,1
TA-05799,C-1629,1
TA-05800,C-1633,1
TA-05801,C-1782,1
TA-05802,C-1629,1
TA-05803,C-1629,1
TA-05804,C-1244,2
TA-05805,C-1244,2
TA-05806,C-1244,2
TA-05810,C-1244,2
TA-05811,C-0544,1
TA-05812,C-0544,1
TA-05813,C-2027,2
TA-05814,C-2027,2
TA-05815,C-1629,2
TA-05816,C-1629,2
TA-05817,C-1629,2
TA-05818,C-1421,2
TA-05819,C-1421,2
TA-05821,C-1244,2
TA-05822,C-1244,1
TA-05823,C-1649,1
TA-05825,C-1628,1
TA-05826,C-1628,1
TA-05827,C-1628,2
TA-05828,C-1624,1
TA-05829,C-0546,1
TA-05830,C-0546,1
TA-05831,C-0102,1
TA-05832,C-0102,1
TA-05833,C-0102,1
TA-05834,C-0102,1
TA-05836,C-0102,1
TA-05837,C-0102,1
TA-05838,C-0102,2
TA-05839,C-0102,2
TA-05842,C-1341,1
TA-05843,C-1898,4
TA-05844,C-1628,2
TA-05845,C-1630,1
TA-05846,C-1630,1
TA-05847,C-1630,1
TA-05848,C-1630,1
TA-05849,C-1630,1
TA-05850,C-1630,1
TA-05851,C-1647,1
TA-05852,C-1647,1
TA-05853,C-1629,2
TA-05854,C-0102,2
TA-05855,C-0097,2
TA-05856,C-0097,2
TA-05857,C-1621,1
TA-05858,C-1627,2
TA-05859,C-1629,2
TA-05860,C-1629,2
TA-05861,C-1628,2
TA-05862,C-1628,1
TA-05863,C-1628,1
TA-05864,C-1631,1
TA-05866,C-0449,2
TA-05867,C-1629,1
TA-05868,C-1629,1
TA-05869,C-1629,1
TA-05870,C-1629,1
TA-05871,C-1631,1
TA-05872,C-1632,1
TA-05873,C-1629,2
TA-05874,C-1629,2
TA-05875,C-1630,2
TA-05876,C-1630,2
TA-05877,C-1630,2
TA-05878,C-1629,1
TA-05879,C-1630,2
TA-05880,C-1630,1
TA-05881,C-1628,2
TA-05882,C-1628,2
TA-05883,C-1630,1
TA-05884,C-1628,1
TA-05885,C-1628,1
TA-05886,C-1629,2
TA-05887,C-1628,2
TA-05888,C-1628,2
TA-05889,C-1629,1
TA-05890,C-1628,1
TA-05891,C-1628,1
TA-05892,C-1628,1
TA-05893,C-1629,1
TA-05894,C-1628,1
TA-05895,C-1631,2
TA-05896,C-1631,2
TA-05897,C-1628,1
TA-05898,C-1628,1
TA-05899,C-1631,1
TA-05900,C-1629,2
TA-05901,C-1629,2
TA-05904,C-1631,2
TA-05905,C-1631,2
TA-05906,C-1629,1
TA-05907,C-1628,1
TA-05908,C-1628,1
TA-05909,C-1631,1
TA-05910,C-1631,1
TA-05911,C-1629,1
TA-05912,C-1628,1
TA-05913,C-1628,1
TA-05914,C-1630,1
TA-05915,C-1630,1
TA-05916,C-1630,2
TA-05917,C-1628,1
TA-05918,C-1629,2
TA-05919,C-1628,2
TA-05920,C-1628,2
TA-05921,C-1630,2
TA-05922,C-1630,1
TA-05923,C-1630,2
TA-05924,C-1630,2
TA-05925,C-1628,2
TA-05926,C-1628,2
TA-05927,C-1630,1
TA-05928,C-1630,1
TA-05929,C-1630,1
TA-05930,C-1630,1
TA-05931,C-1628,2
TA-05932,C-1629,2
TA-05935,C-1628,2
TA-05936,C-1631,2
TA-05937,C-1631,2
TA-05938,C-1629,2
TA-05939,C-1631,2
TA-05942,C-1629,2
TA-05943,C-1631,2
TA-05944,C-1628,1
TA-05945,C-1628,1
TA-05946,C-1629,1
TA-05947,C-1629,1
TA-05948,C-1630,2
TA-05949,C-1630,2
TA-05950,C-1628,1
TA-05951,C-1628,2
TA-05952,C-1628,2
TA-05953,C-1629,2
TA-05954,C-1629,1
TA-05955,C-1628,1
TA-05956,C-1628,1
TA-05957,C-1628,1
TA-05958,C-1630,2
TA-05959,C-1792,1
TA-05960,C-1476,1
TA-05961,C-1477,1
TA-05962,C-1628,2
TA-05966,C-1452,1
TA-05967,C-1452,1
TA-05968,C-1627,2
TA-05969,C-1628,2
TA-05974,C-1628,2
TA-05975,C-1790,1
TA-05976,C-1790,1
TA-05977,C-1777,1
TA-05978,C-1782,1
TA-05979,C-1782,1
TA-05980,C-1629,1
TA-05981,C-1629,1
TA-05983,C-1630,1
TA-05984,C-1630,1
TA-05985,C-1629,1
TA-05986,C-1629,1
TA-05987,C-1629,1
TA-05988,C-1629,1
TA-05990,C-1630,1
TA-05991,C-1421,2
TA-05993,C-0449,1
TA-05995,C-1631,2
TA-05996,C-1631,2
TA-05997,C-0102,2
TA-05998,C-0102,2
TA-06001,C-0160,1
TA-06002,C-0160,1
TA-06003,C-1632,2
TA-06004,C-1654,1
TA-06005,C-1624,1
TA-06006,C-1654,1
TA-06007,C-1631,2
TA-06008,C-1631,2
TA-06009,C-0449,2
TA-06010,C-0449,2
TA-06011,C-1244,1
TA-06012,C-2004,1
TA-06013,C-2004,1
TA-06014,C-1629,1
TA-06015,C-1629,1
TA-06016,C-1629,1
TA-06017,C-1629,1
TA-06019,C-0449,2
TA-06020,C-1632,2
TA-06021,C-1632,2
TA-06025,C-1629,2
TA-06026,C-0553,1
TA-06030,C-1627,2
TA-06031,C-1627,2
TA-06032,C-1627,2
TA-06033,C-1629,1
TA-06034,C-1629,2
TA-06035,C-1629,2
TA-06036,C-1629,2
TA-06037,C-1629,1
TA-06038,C-0097,2
TA-06039,C-0102,1
TA-06040,C-0102,1
TA-06041,C-0102,1
TA-06042,C-1244,2
TA-06043,C-1244,2
TA-06044,C-1244,2
TA-06045,C-1244,2
TA-06048,C-1628,2
TA-06049,C-1631,2
TA-06050,C-1629,2
TA-06051,C-1629,2
TA-06052,C-1244,2
TA-06053,C-0544,1
TA-06054,C-1629,2
TA-06055,C-1629,2
TA-06056,C-1381,2
TA-06057,C-1381,2
TA-06058,C-0555,1
TA-06060,C-0522,1
TA-06061,C-1356,1
TA-06062,C-1631,1
TA-06063,C-1631,2
TA-06066,C-0544,1
TA-06067,C-1632,1
TA-06068,C-1244,2
TA-06069,C-1632,2
TA-06071,C-1629,2
TA-06072,C-1631,1
TA-06076,C-0102,1
TA-06077,C-0102,1
TA-06078,C-0102,1
TA-06079,C-0102,1
TA-06080,C-0102,1
TA-06081,C-0102,1
TA-06082,C-0102,2
TA-06083,C-0102,2
TA-06098,C-1963,2
TA-06101,C-1630,2
TA-06102,C-1630,2
TA-06104,C-1244,2
TA-06105,C-1244,2
TA-06107,C-1244,2
TA-06108,C-1244,2
TA-06109,C-1628,2
TA-06110,C-1627,1
TA-06111,C-1627,1
TA-06112,C-1628,2
TA-06115,C-0559,1
TA-06116,C-1629,1
TA-06117,C-0565,1
TA-06118,C-1629,1
TA-06121,C-1628,1
TA-06122,C-1627,1
TA-06123,C-1628,1
TA-06124,C-1629,1
TA-06125,C-1629,1
TA-06126,C-1628,1
TA-06127,C-1628,1
TA-06128,C-1628,1
TA-06129,C-1628,1
TA-06130,C-1629,2
TA-06131,C-1846,2
TA-06134,C-1631,2
TA-06145,C-0445,2
TA-06146,C-0445,2
TA-06147,C-0445,2
TA-06148,C-0445,2
TA-06149,C-1516,1
TA-06150,C-0165,1
TA-06151,C-1628,2
TA-06152,C-1703,1
TA-06153,C-1781,1
TA-06157,C-1628,2
TA-06158,C-1628,2
TA-06159,C-1628,2
TA-06161,C-0159,1
TA-06162,C-1621,1
TA-06169,C-1631,1
TA-06170,C-1628,2
TA-06171,C-1628,2
TA-06172,C-1628,2
TA-06173,C-1628,2
TA-06174,C-1628,2
TA-06175,C-1628,2
TA-06176,C-1630,2
TA-06177,C-1629,1
TA-06187,C-1880,1
TA-06188,C-1880,1
TA-06189,C-1632,1
TA-06190,C-1632,1
TA-06191,C-1629,2
TA-06192,C-1629,2
TA-06193,C-1629,2
TA-06194,C-1629,2
TA-06197,C-0097,2
TA-06198,C-0102,2
TA-06199,C-0102,2
TA-06200,C-0102,2
TA-06206,C-1631,1
TA-06207,C-1631,1
TA-06208,C-1631,1
TA-06209,C-1631,1
TA-06213,C-1711,1
TA-06214,C-1711,1
TA-06215,C-1628,2
TA-06216,C-1628,2
TA-06217,C-1628,2
TA-06218,C-1490,1
TA-06219,C-1628,2
TA-06220,C-1628,2
TA-06221,C-0565,1
TA-06230,C-1628,2
TA-06231,C-1632,1
TA-06232,C-1628,2
TA-06235,C-1790,1
TA-06237,C-1629,2
TA-06238,C-1628,2
TA-06239,C-1628,2
TA-06240,C-1244,2
TA-06241,C-1630,1
TA-06242,C-1630,1
TA-06243,C-1819,1
TA-06245,C-1631,1
TA-06246,C-1631,1
TA-06247,C-1631,1
TA-06248,C-1631,1
TA-06249,C-1631,1
TA-06250,C-1631,1
TA-06251,C-1631,1
TA-06252,C-1631,1
TA-06253,C-1910,1
TA-06254,C-1910,1
TA-06255,C-1631,1
TA-06257,C-1421,2
TA-06258,C-1631,2
TA-06259,C-0374,1
TA-06260,C-1791,1
TA-06261,C-1642,1
TA-06262,C-1630,2
TA-06264,C-1536,1
TA-06266,C-1627,2
TA-06269,C-1628,2
TA-06270,C-1745,1
TA-06273,C-1964,2
TA-06279,C-2009,1
TA-06280,C-2009,1
TA-06281,C-1819,1
TA-06282,C-0553,1
TA-06283,C-1629,1
TA-06284,C-1889,1
TA-06285,C-1889,1
TA-06286,C-1627,2
TA-06287,C-1627,1
TA-06288,C-1627,1
TA-06289,C-1627,1
TA-06290,C-1627,1
TA-06291,C-1627,1
TA-06292,C-1627,2
TA-06293,C-1627,2
TA-06294,C-1627,1
TA-06295,C-1627,1
TA-06296,C-1627,1
TA-06297,C-1627,2
TA-06298,C-1629,1
TA-06299,C-1629,1
TA-06300,C-1629,1
TA-06301,C-1629,1
TA-06302,C-1621,1
TA-06303,C-1628,2
TA-06304,C-1628,2
TA-06305,C-1639,1
TA-06306,C-2029,2
TA-06307,C-1639,1
TA-06308,C-1639,1
TA-06319,C-1627,2
TA-06320,C-1628,2
TA-06321,C-1628,2
TA-06322,C-1628,2
TA-06324,C-1632,1
TA-06326,C-1628,2
TA-06327,C-1628,2
TA-06328,C-1628,2
TA-06329,C-1628,2
TA-06330,C-1628,2
TA-06331,C-1628,2
TA-06332,C-1628,2
TA-06333,C-1628,2
TA-06334,C-1628,2
TA-06335,C-1822,1
TA-06336,C-1629,2
TA-06340,C-1629,2
TA-06346,C-1633,1
TA-06347,C-1633,1
TA-06348,C-1629,2
TA-06349,C-1633,1
TA-06350,C-1633,1
TA-06351,C-1630,1
TA-06352,C-1630,2
TA-06353,C-1630,1
TA-06354,C-1630,2
TA-06355,C-1630,2
TA-06356,C-1244,2
TA-06357,C-0001,1
TA-06358,C-1244,2
TA-06359,C-1244,1
TA-06360,C-1244,2
TA-06361,C-0589,1
TA-06362,C-1630,1
TA-06363,C-1630,1
TA-06373,C-1411,1
TA-06374,C-0449,2
TA-06377,C-0582,2
TA-06378,C-1628,2
TA-06381,C-1790,1
TA-06382,C-1781,1
TA-06383,C-1781,1
TA-06384,C-0565,1
TA-06385,C-1629,1
TA-06386,C-1629,1
TA-06387,C-1630,1
TA-06388,C-1630,1
TA-06389,C-1630,1
TA-06391,C-1630,2
TA-06392,C-1629,2
TA-06393,C-1630,2
TA-06394,C-1627,2
TA-06395,C-1627,2
TA-06396,C-1627,2
TA-06397,C-1630,1
TA-06400,C-1630,2
TA-06401,C-1630,2
TA-06404,C-1630,1
TA-06405,C-1630,1
TA-06406,C-1630,1
TA-06407,C-1647,1
TA-06408,C-1630,1
TA-06409,C-1630,1
TA-06410,C-1630,1
TA-06411,C-1631,1
TA-06412,C-1631,1
TA-06413,C-1628,1
TA-06419,C-2026,2
TA-06422,C-1244,2
TA-06423,C-1421,2
TA-06424,C-1631,1
TA-06425,C-2005,1
TA-06426,C-1631,2
TA-06428,C-1621,1
TA-06429,C-1628,2
TA-06430,C-1628,2
TA-06431,C-1629,1
TA-06432,C-1630,2
TA-06433,C-1630,2
TA-06434,C-1630,1
TA-06435,C-1630,1
TA-06436,C-1630,1
TA-06437,C-1647,1
TA-06438,C-1630,1
TA-06439,C-1630,1
TA-06440,C-1630,2
TA-06441,C-1630,2
TA-06442,C-1647,1
TA-06443,C-1630,1
TA-06444,C-1630,1
TA-06445,C-1630,2
TA-06446,C-1628,2
TA-06451,C-1629,1
TA-06452,C-1629,1
TA-06453,C-1629,1
TA-06454,C-1629,1
TA-06457,C-2028,2
TA-06458,C-2028,2
TA-06461,C-1628,2
TA-06462,C-1244,2
TA-06463,C-1244,2
TA-06464,C-1628,1
TA-06465,C-1632,1
TA-06468,C-1629,1
TA-06469,C-1629,1
TA-06470,C-1630,2
TA-06471,C-1630,2
TA-06472,C-1630,1
TA-06473,C-1635,2
TA-06474,C-1635,2
TA-06475,C-1631,2
TA-06476,C-1865,1
TA-06479,C-1631,1
TA-06480,C-1631,1
TA-06482,C-1846,2
TA-06483,C-1628,2
TA-06485,C-1633,1
TA-06486,C-1622,1
TA-06487,C-1630,2
TA-06488,C-1631,2
TA-06489,C-1631,2
TA-06490,C-1631,2
TA-06491,C-1631,2
TA-06492,C-1631,2
TA-06493,C-1631,2
TA-06494,C-1627,2
TA-06495,C-1244,2
TA-06496,C-1628,2
TA-06497,C-1628,2
TA-06498,C-1244,1
TA-06504,C-0369,1
TA-06505,C-1629,2
TA-06506,C-0449,1
TA-06507,C-1629,2
TA-06511,C-0445,1
TA-06512,C-0445,1
TA-06513,C-1629,2
TA-06514,C-0445,2
TA-06515,C-1631,1
TA-06516,C-1631,1
TA-06517,C-1629,2
TA-06518,C-1622,1
TA-06520,C-1630,1
TA-06521,C-1630,1
TA-06522,C-1630,1
TA-06523,C-1628,1
TA-06525,C-1621,1
TA-06526,C-1629,2
TA-06527,C-1631,1
TA-06528,C-1630,1
TA-06529,C-1630,1
TA-06530,C-1630,2
TA-06531,C-1630,2
TA-06532,C-1630,2
TA-06533,C-1630,2
TA-06534,C-1630,2
TA-06535,C-1244,2
TA-06536,C-1628,2
TA-06537,C-0445,2
TA-06538,C-0445,2
TA-06540,C-1633,1
TA-06541,C-1622,1
TA-06542,C-1631,1
TA-06543,C-1631,1
TA-06544,C-1631,1
TA-06545,C-1631,1
TA-06546,C-1631,2
TA-06548,C-1244,1
TA-06549,C-1631,1
TA-06550,C-1631,1
TA-06551,C-1244,1
TA-06552,C-1630,1
TA-06553,C-1630,1
TA-06554,C-1244,2
TA-06555,C-1244,2
TA-06556,C-1621,1
TA-06557,C-1628,2
TA-06558,C-1628,2
TA-06559,C-1628,2
TA-06560,C-1628,2
TA-06561,C-1628,2
TA-06562,C-2027,2
TA-06563,C-1244,1
TA-06564,C-2027,2
TA-06565,C-0449,2
TA-06566,C-0449,2
TA-06568,C-1628,1
TA-06569,C-1628,1
TA-06570,C-1244,1
TA-06571,C-1244,1
TA-06572,C-0102,2
TA-06573,C-0102,2
TA-06574,C-0102,2
TA-06575,C-0102,2
TA-06576,C-0102,2
TA-06577,C-0102,2
TA-06578,C-0102,2
TA-06579,C-1633,1
TA-06580,C-1633,1
TA-06581,C-1633,1
TA-06582,C-1633,1
TA-06583,C-1633,1
TA-06584,C-1244,2
TA-06585,C-1244,2
TA-06587,C-1244,2
TA-06588,C-1631,1
TA-06589,C-1898,4
TA-06590,C-0592,1
TA-06591,C-1244,1
TA-06592,C-1628,1
TA-06593,C-1628,2
TA-06594,C-1421,2
TA-06597,C-0563,1
TA-06598,C-2028,1
TA-06599,C-2028,1
TA-06600,C-2028,1
TA-06601,C-2028,1
TA-06602,C-2028,1
TA-06603,C-1628,2
TA-06604,C-1628,2
TA-06605,C-1628,2
TA-06606,C-1628,2
TA-06607,C-1630,1
TA-06609,C-1633,1
TA-06610,C-2026,2
TA-06611,C-1638,1
TA-06613,C-1630,2
TA-06614,C-1630,2
TA-06615,C-1630,1
TA-06616,C-1630,1
TA-06617,C-1630,2
TA-06618,C-1630,2
TA-06619,C-1630,2
TA-06620,C-1244,2
TA-06621,C-1476,1
TA-06622,C-1631,2
TA-06625,C-1602,1
TA-06626,C-1602,1
TA-06627,C-1244,2
TA-06628,C-1889,1
TA-06629,C-1889,1
TA-06630,C-1630,1
TA-06633,C-1629,2
TA-06634,C-1629,1
TA-06635,C-1630,2
TA-06636,C-1628,2
TA-06637,C-1628,2
TA-06638,C-1628,2
TA-06639,C-1629,2
TA-06640,C-1629,2
TA-06641,C-0211,1
TA-06642,C-1662,1
TA-06644,C-1630,1
TA-06645,C-1630,1
TA-06646,C-1630,2
TA-06647,C-1630,2
TA-06648,C-1633,1
TA-06649,C-1632,2
TA-06650,C-1632,2
TA-06651,C-1624,1
TA-06652,C-1633,1
TA-06653,C-1628,2
TA-06654,C-1631,1
TA-06655,C-0051,2
TA-06656,C-1631,2
TA-06657,C-1630,2
TA-06658,C-1629,2
TA-06659,C-1630,2
TA-06660,C-1629,1
TA-06661,C-1630,2
TA-06662,C-1628,2
TA-06663,C-1628,2
TA-06664,C-1628,2
TA-06665,C-1630,2
TA-06666,C-1630,2
TA-06667,C-1630,2
TA-06668,C-1629,1
TA-06669,C-1629,1
TA-06670,C-1628,2
TA-06671,C-2003,1
TA-06672,C-1630,1
TA-06673,C-1630,1
TA-06674,C-1630,1
TA-06684,C-1628,2
TA-06685,C-1629,2
TA-06686,C-1629,2
TA-06687,C-1629,2
TA-06688,C-1628,2
TA-06691,C-1630,1
TA-06694,C-1629,2
TA-06696,C-1631,2
TA-06697,C-1623,1
TA-06698,C-1220,1
TA-06699,C-1624,1
TA-06700,C-1640,1
TA-06701,C-0318,1
TA-06702,C-0389,1
TA-06703,C-1630,2
TA-06704,C-1624,1
TA-06705,C-2024,1
TA-06707,C-1628,2
TA-06708,C-1421,2
TA-06709,C-1630,2
TA-06710,C-1630,2
TA-06714,C-1421,2
TA-06715,C-1627,2
TA-06716,C-1421,2
TA-06717,C-1846,2
TA-06718,C-1846,2
TA-06719,C-1846,2
TA-06720,C-1628,2
TA-06721,C-1628,2
TA-06723,C-1629,2
TA-06724,C-0401,1
TA-06725,C-0401,1
TA-06726,C-1628,2
TA-06727,C-1628,2
TA-06728,C-1628,2
TA-06730,C-1628,2
TA-06731,C-1628,2
TA-06732,C-1846,2
TA-06735,C-1220,1
TA-06736,C-1220,1
TA-06737,C-1586,1
TA-06738,C-1609,1
TA-06739,C-1244,2
TA-06742,C-0001,2
TA-06747,C-1629,2
TA-06748,C-1629,2
TA-06749,C-1421,2
TA-06752,C-1633,1
TA-06753,C-1633,1
TA-06755,C-1628,2
TA-06756,C-1628,2
TA-06757,C-1628,2
TA-06758,C-1628,2
TA-06761,C-1631,1
TA-06762,C-1630,1
TA-06763,C-1630,1
TA-06764,C-0173,1
TA-06765,C-1628,2
TA-06766,C-1628,2
TA-06767,C-1628,2
TA-06768,C-1628,2
TA-06769,C-0318,1
TA-06770,C-1629,2
TA-06771,C-1629,2
TA-06772,C-1629,2
TA-06774,C-1630,2
TA-06775,C-2030,2
TA-06780,C-0165,1
TA-06782,C-0102,1
TA-06784,C-1628,1
TA-06785,C-1244,2
TA-06786,C-2021,1
TA-06787,C-2021,1
TA-06788,C-0608,1
TA-06789,C-1641,1
TA-06790,C-1641,1
TA-06793,C-1419,1
TA-06794,C-1698,1
TA-06795,C-1630,2
TA-06796,C-1632,1
TA-06797,C-1632,1
TA-06798,C-1632,1
TA-06799,C-1602,1
TA-06800,C-1602,1
TA-06801,C-1244,2
TA-06804,C-1846,2
TA-06805,C-1962,1
TA-06806,C-1632,2
TA-06807,C-1980,2
TA-06808,C-2029,2
TA-06809,C-1421,2
TA-06810,C-1421,2
TA-06811,C-1421,2
TA-06812,C-1421,2
TA-06813,C-1421,2
TA-06814,C-1421,2
TA-06815,C-1421,2
TA-06816,C-1421,2
TA-06817,C-1629,2
TA-06820,C-1641,1
TA-06821,C-1639,1
TA-06823,C-0600,1
TA-06824,C-1630,1
TA-06825,C-1629,2
TA-06826,C-1629,2
TA-06827,C-1629,2
TA-06828,C-1629,2
TA-06829,C-1629,2
TA-06830,C-1629,2
TA-06831,C-1631,2
TA-06834,C-0602,1
TA-06835,C-0102,2
TA-06836,C-0102,2
TA-06838,C-1631,1
TA-06839,C-0309,1
TA-06844,C-0416,1
TA-06845,C-1846,2
TA-06847,C-1411,1
TA-06848,C-1633,1
TA-06849,C-1621,1
TA-06851,C-1628,1
TA-06852,C-1628,1
TA-06853,C-1628,1
TA-06854,C-1628,1
TA-06855,C-1628,1
TA-06856,C-1628,1
TA-06857,C-1628,1
TA-06858,C-1628,1
TA-06859,C-1478,1
TA-06860,C-1628,2
TA-06861,C-1628,2
TA-06862,C-1628,2
TA-06863,C-1628,2
TA-06864,C-1792,1
TA-06865,C-1628,2
TA-06866,C-1628,2
TA-06867,C-1631,2
TA-06868,C-1631,2
TA-06869,C-1628,2
TA-06870,C-1628,2
TA-06871,C-1630,1
TA-06874,C-1628,2
TA-06875,C-1628,2
TA-06876,C-1631,2
TA-06877,C-1631,2
TA-06878,C-1632,2
TA-06879,C-1629,2
TA-06882,C-1628,2
TA-06883,C-1628,2
TA-06887,C-1627,2
TA-06888,C-0102,2
TA-06889,C-0102,2
TA-06890,C-1846,1
TA-06892,C-1505,1
TA-06893,C-1631,2
TA-06894,C-1244,2
TA-06896,C-1629,2
TA-06897,C-1628,1
TA-06899,C-1770,1
TA-06900,C-1770,1
TA-06901,C-1628,1
TA-06902,C-1628,1
TA-06903,C-1244,1
TA-06904,C-1244,1
TA-06905,C-1244,1
TA-06911,C-1628,2
TA-06912,C-1628,2
TA-06913,C-1628,2
TA-06914,C-1628,2
TA-06915,C-1846,1
TA-06916,C-1647,1
TA-06917,C-1628,1
TA-06920,C-2009,1
TA-06921,C-0445,2
TA-06922,C-0445,2
TA-06923,C-1421,1
TA-06928,C-1630,2
TA-06929,C-0001,2
TA-06930,C-1421,2
TA-06932,C-0610,1
TA-06933,C-0611,1
TA-06934,C-1628,2
TA-06935,C-0445,2
TA-06936,C-1244,2
TA-06937,C-1244,2
TA-06938,C-1632,1
TA-06939,C-0102,2
TA-06940,C-0102,2
TA-06941,C-0102,2
TA-06942,C-0102,2
TA-06945,C-1627,2
TA-06946,C-1627,2
TA-06947,C-1627,2
TA-06948,C-1627,2
TA-06949,C-0394,1
TA-06950,C-0613,1
TA-06951,C-1244,1
TA-06952,C-0445,1
TA-06954,C-1421,2
TA-06955,C-1629,2
TA-06958,C-1629,1
TA-06959,C-0713,1
TA-06960,C-1628,2
TA-06961,C-1629,2
TA-06962,C-1628,2
TA-06963,C-1629,2
TA-06964,C-1629,2
TA-06965,C-1628,2
TA-06966,C-1627,1
TA-06967,C-1627,1
TA-06969,C-1633,1
TA-06973,C-1244,2
TA-06974,C-1600,1
TA-06975,C-1621,1
TA-06976,C-1621,1
TA-06977,C-0449,2
TA-06982,C-1628,1
TA-06983,C-1631,2
TA-06984,C-1629,1
TA-06985,C-1629,1
TA-06986,C-1631,1
TA-06987,C-1598,1
TA-06988,C-1598,1
TA-06989,C-1801,1
TA-06990,C-1801,1
TA-06992,C-0001,2
TA-06998,C-1633,1
TA-06999,C-1633,1
TA-07000,C-1633,1
TA-07001,C-0058,2
TA-07002,C-1622,1
TA-07003,C-1629,1
TA-07005,C-1629,1
TA-07006,C-1629,2
TA-07007,C-1629,2
TA-07010,C-0001,1
TA-07011,C-0001,1
TA-07012,C-0275,1
TA-07013,C-1628,2
TA-07014,C-1628,2
TA-07016,C-0618,1
TA-07025,C-1628,1
TA-07026,C-1628,1
TA-07027,C-1630,1
TA-07028,C-1630,1
TA-07029,C-1627,2
TA-07032,C-0829,1
TA-07033,C-1628,1
TA-07034,C-1628,1
TA-07040,C-1629,2
TA-07041,C-1631,2
TA-07042,C-1633,1
TA-07044,C-1900,1
TA-07045,C-0566,1
TA-07047,C-1628,2
TA-07048,C-1628,2
TA-07049,C-1629,2
TA-07050,C-1629,2
TA-07051,C-0211,1
TA-07052,C-0211,1
TA-07053,C-0211,1
TA-07054,C-1889,1
TA-07055,C-1889,1
TA-07056,C-1846,2
TA-07058,C-0625,1
TA-07060,C-1632,2
TA-07061,C-1630,1
TA-07062,C-1907,1
TA-07063,C-1630,1
TA-07064,C-1758,1
TA-07065,C-1758,1
TA-07066,C-1630,1
TA-07067,C-1630,1
TA-07068,C-1846,2
TA-07069,C-1846,2
TA-07071,C-1632,2
TA-07072,C-1632,2
TA-07073,C-1629,2
TA-07074,C-1632,1
TA-07075,C-1632,1
TA-07076,C-1631,1
TA-07077,C-1631,1
TA-07079,C-1631,1
TA-07080,C-1631,1
TA-07081,C-1698,1
TA-07084,C-1631,1
TA-07085,C-1491,1
TA-07086,C-0001,1
TA-07087,C-1630,1
TA-07088,C-1630,1
TA-07089,C-1630,1
TA-07091,C-1628,2
TA-07092,C-1628,2
TA-07093,C-1628,2
TA-07094,C-1628,2
TA-07098,C-1631,1
TA-07099,C-1631,1
TA-07100,C-1244,2
TA-07101,C-0449,2
TA-07102,C-1244,2
TA-07103,C-1632,2
TA-07104,C-1632,2
TA-07105,C-1632,2
TA-07106,C-1632,2
TA-07107,C-1632,2
TA-07108,C-1632,2
TA-07109,C-1632,2
TA-07110,C-1632,2
TA-07111,C-1629,2
TA-07112,C-1628,2
TA-07113,C-1629,2
TA-07114,C-1627,1
TA-07116,C-1907,1
TA-07117,C-1630,1
TA-07118,C-1846,2
TA-07119,C-1846,2
TA-07120,C-1630,1
TA-07123,C-1421,1
TA-07125,C-1632,2
TA-07126,C-1635,2
TA-07127,C-1631,2
TA-07128,C-1631,1
TA-07129,C-1631,1
TA-07131,C-1631,2
TA-07133,C-1627,2
TA-07134,C-1627,2
TA-07135,C-1631,2
TA-07136,C-0341,1
TA-07138,C-1642,1
TA-07139,C-1630,1
TA-07140,C-1244,2
TA-07141,C-1244,2
TA-07142,C-1244,4
TA-07143,C-1421,2
TA-07145,C-1628,2
TA-07146,C-1628,2
TA-07147,C-1628,2
TA-07148,C-1628,2
TA-07149,C-1628,2
TA-07150,C-1628,2
TA-07151,C-1628,2
TA-07152,C-1628,2
TA-07153,C-1628,2
TA-07154,C-1628,2
TA-07155,C-1628,2
TA-07156,C-1628,2
TA-07157,C-1628,2
TA-07158,C-1628,2
TA-07159,C-1628,2
TA-07160,C-1628,2
TA-07164,C-0449,1
TA-07165,C-1631,1
TA-07169,C-1628,2
TA-07170,C-1632,1
TA-07171,C-1632,1
TA-07172,C-1632,2
TA-07173,C-1632,1
TA-07174,C-1632,1
TA-07175,C-1632,1
TA-07176,C-1628,1
TA-07178,C-1421,2
TA-07182,C-1598,2
TA-07183,C-1632,1
TA-07184,C-1632,1
TA-07185,C-1907,1
TA-07186,C-1907,1
TA-07187,C-1647,1
TA-07188,C-1647,1
TA-07189,C-1642,1
TA-07190,C-1642,1
TA-07193,C-1628,2
TA-07194,C-1628,2
TA-07195,C-1631,2
TA-07196,C-1629,2
TA-07197,C-1629,2
TA-07198,C-1629,2
TA-07199,C-1629,2
TA-07200,C-1628,2
TA-07201,C-1629,2
TA-07202,C-1628,2
TA-07203,C-1628,2
TA-07204,C-1628,2
TA-07205,C-1628,2
TA-07206,C-1628,2
TA-07207,C-0445,1
TA-07208,C-1244,2
TA-07212,C-1631,2
TA-07214,C-1627,2
TA-07215,C-1628,2
TA-07216,C-1628,2
TA-07217,C-1628,2
TA-07218,C-1627,1
TA-07220,C-0449,2
TA-07221,C-1244,2
TA-07222,C-1632,1
TA-07223,C-1632,1
TA-07224,C-1632,1
TA-07225,C-1649,1
TA-07226,C-1649,1
TA-07227,C-1632,1
TA-07228,C-1867,1
TA-07231,C-1630,1
TA-07232,C-1630,1
TA-07237,C-0634,1
TA-07238,C-1632,2
TA-07241,C-1628,2
TA-07242,C-1629,2
TA-07243,C-1632,2
TA-07248,C-1244,2
TA-07249,C-1632,1
TA-07252,C-0709,1
TA-07253,C-0449,2
TA-07254,C-1628,2
TA-07255,C-1629,2
TA-07256,C-1629,4
TA-07257,C-1628,2
TA-07258,C-1628,2
TA-07259,C-1632,1
TA-07260,C-1632,1
TA-07261,C-1632,1
TA-07262,C-1632,1
TA-07264,C-0159,1
TA-07270,C-1627,2
TA-07271,C-2030,2
TA-07272,C-2030,2
TA-07273,C-1632,1
TA-07274,C-1629,2
TA-07276,C-1630,1
TA-07277,C-1630,1
TA-07278,C-1630,1
TA-07279,C-1630,1
TA-07280,C-1630,1
TA-07281,C-1630,1
TA-07282,C-0637,1
TA-07285,C-1628,1
TA-07286,C-1628,1
TA-07287,C-2005,1
TA-07288,C-1631,2
TA-07290,C-1633,1
TA-07292,C-0051,2
TA-07293,C-0051,2
TA-07294,C-1654,2
TA-07295,C-1654,2
TA-07296,C-1654,2
TA-07297,C-1654,2
TA-07298,C-1654,2
TA-07299,C-1654,2
TA-07300,C-1629,2
TA-07303,C-1629,2
TA-07304,C-1629,2
TA-07305,C-1622,1
TA-07306,C-1622,1
TA-07307,C-1622,1
TA-07308,C-1632,2
TA-07309,C-1626,1
TA-07310,C-1630,2
TA-07312,C-1628,2
TA-07313,C-1628,2
TA-07316,C-1629,2
TA-07317,C-1629,2
TA-07318,C-1629,2
TA-07319,C-1630,2
TA-07320,C-1632,2
TA-07321,C-1631,2
TA-07322,C-0309,1
TA-07323,C-0309,1
TA-07329,C-1628,2
TA-07330,C-1628,2
TA-07331,C-1628,2
TA-07332,C-1628,2
TA-07333,C-1629,2
TA-07334,C-1629,2
TA-07335,C-1629,1
TA-07336,C-0064,1
TA-07339,C-1628,2
TA-07340,C-1628,2
TA-07341,C-1628,2
TA-07342,C-1628,2
TA-07343,C-1628,2
TA-07344,C-1632,2
TA-07345,C-1632,2
TA-07346,C-1628,2
TA-07347,C-1628,2
TA-07348,C-1625,1
TA-07349,C-1625,1
TA-07350,C-1631,1
TA-07351,C-1631,1
TA-07352,C-1628,2
TA-07353,C-1628,2
TA-07354,C-1244,2
TA-07355,C-1632,2
TA-07356,C-1627,2
TA-07357,C-1383,1
TA-07359,C-1629,1
TA-07360,C-1629,1
TA-07361,C-0638,1
TA-07362,C-0638,1
TA-07363,C-1628,2
TA-07364,C-1628,2
TA-07366,C-0642,1
TA-07367,C-0642,1
TA-07368,C-0445,1
TA-07369,C-1848,1
TA-07370,C-0621,1
TA-07371,C-0165,1
TA-07376,C-1628,2
TA-07377,C-1215,1
TA-07378,C-1630,1
TA-07379,C-0058,2
TA-07380,C-1631,2
TA-07381,C-1628,2
TA-07382,C-1628,2
TA-07383,C-1630,2
TA-07384,C-1628,2
TA-07385,C-1585,1
TA-07386,C-1585,1
TA-07388,C-0580,2
TA-07390,C-1628,1
TA-07391,C-1628,1
TA-07392,C-1632,2
TA-07393,C-1632,2
TA-07394,C-1632,2
TA-07395,C-1632,2
TA-07396,C-1629,2
TA-07398,C-1838,1
TA-07399,C-0646,1
TA-07401,C-0102,1
TA-07402,C-0102,1
TA-07403,C-0102,1
TA-07404,C-0102,1
TA-07408,C-1622,1
TA-07409,C-1629,2
TA-07410,C-1622,1
TA-07411,C-1629,2
TA-07414,C-1769,1
TA-07416,C-0074,1
TA-07417,C-0043,1
TA-07418,C-0074,1
TA-07419,C-0043,1
TA-07420,C-0418,1
TA-07421,C-0418,1
TA-07423,C-0418,1
TA-07425,C-1630,1
TA-07426,C-1647,1
TA-07427,C-1630,1
TA-07428,C-1630,1
TA-07430,C-1244,2
TA-07432,C-1629,2
TA-07436,C-0578,2
TA-07441,C-1628,2
TA-07442,C-1846,2
TA-07445,C-0445,2
TA-07446,C-1846,2
TA-07447,C-0703,1
TA-07449,C-0578,2
TA-07452,C-1632,2
TA-07453,C-1632,2
TA-07454,C-1631,1
TA-07455,C-1244,2
TA-07456,C-0544,1
TA-07457,C-0544,1
TA-07459,C-1628,2
TA-07460,C-1628,1
TA-07461,C-1628,1
TA-07462,C-1628,1
TA-07466,C-1846,2
TA-07467,C-1629,2
TA-07468,C-1628,2
TA-07469,C-1629,2
TA-07470,C-1421,2
TA-07471,C-0657,2
TA-07472,C-0658,1
TA-07476,C-1628,2
TA-07477,C-1244,1
TA-07478,C-0580,2
TA-07483,C-1630,2
TA-07484,C-1630,1
TA-07485,C-1630,1
TA-07486,C-1630,1
TA-07487,C-1630,1
TA-07488,C-1630,1
TA-07489,C-1630,1
TA-07490,C-1629,2
TA-07491,C-1629,2
TA-07494,C-1629,1
TA-07495,C-1629,1
TA-07496,C-1629,1
TA-07497,C-1629,1
TA-07498,C-1629,2
TA-07499,C-1628,2
TA-07502,C-1631,2
TA-07503,C-1631,1
TA-07504,C-1631,1
TA-07505,C-1628,2
TA-07506,C-1628,2
TA-07507,C-1631,1
TA-07508,C-1631,1
TA-07510,C-1628,2
TA-07511,C-1628,2
TA-07513,C-0709,1
TA-07514,C-1629,1
TA-07515,C-1629,1
TA-07516,C-1629,1
TA-07517,C-1629,1
TA-07518,C-1629,1
TA-07519,C-1629,1
TA-07520,C-1623,1
TA-07521,C-1623,1
TA-07522,C-0654,1
TA-07523,C-1631,1
TA-07524,C-1631,1
TA-07525,C-1631,1
TA-07526,C-1628,2
TA-07527,C-1628,2
TA-07528,C-1628,2
TA-07529,C-1628,2
TA-07530,C-1421,2
TA-07531,C-0001,2
TA-07532,C-1628,2
TA-07533,C-1628,2
TA-07534,C-1628,2
TA-07535,C-1628,2
TA-07536,C-1628,2
TA-07537,C-1244,2
TA-07538,C-0449,2
TA-07541,C-1505,1
TA-07542,C-1625,1
TA-07543,C-1632,2
TA-07544,C-0659,1
TA-07545,C-1476,1
TA-07546,C-1478,1
TA-07547,C-1630,1
TA-07548,C-1647,1
TA-07549,C-0388,1
TA-07551,C-0388,1
TA-07552,C-1630,1
TA-07553,C-1630,1
TA-07554,C-1627,2
TA-07555,C-1627,2
TA-07558,C-0389,1
TA-07559,C-1758,1
TA-07560,C-1758,1
TA-07564,C-1628,2
TA-07565,C-1632,2
TA-07566,C-1632,2
TA-07567,C-1628,2
TA-07568,C-1632,2
TA-07569,C-0102,2
TA-07570,C-1632,1
TA-07571,C-1633,1
TA-07572,C-1629,2
TA-07574,C-0449,2
TA-07578,C-1421,2
TA-07579,C-1633,1
TA-07580,C-0574,1
TA-07581,C-0445,1
TA-07582,C-0445,1
TA-07586,C-1630,1
TA-07587,C-1630,1
TA-07588,C-1630,1
TA-07589,C-1630,1
TA-07590,C-1630,1
TA-07591,C-1630,1
TA-07592,C-1631,1
TA-07593,C-1632,1
TA-07594,C-1632,1
TA-07595,C-1629,2
TA-07596,C-1629,2
TA-07597,C-0401,1
TA-07598,C-0401,1
TA-07599,C-1629,2
TA-07600,C-1629,2
TA-07603,C-1632,1
TA-07604,C-1630,2
TA-07605,C-1630,2
TA-07606,C-1630,2
TA-07607,C-1985,1
TA-07608,C-1595,1
TA-07609,C-1682,1
TA-07611,C-1970,1
TA-07613,C-1630,2
TA-07614,C-1629,2
TA-07619,C-1632,1
TA-07620,C-1631,2
TA-07621,C-1631,2
TA-07622,C-0275,1
TA-07623,C-0400,1
TA-07624,C-0071,1
TA-07626,C-0646,1
TA-07627,C-2020,1
TA-07628,C-0306,1
TA-07629,C-0275,1
TA-07630,C-1846,2
TA-07631,C-1629,2
TA-07632,C-1629,2
TA-07633,C-1632,1
TA-07634,C-0102,2
TA-07635,C-0102,2
TA-07636,C-1513,1
TA-07640,C-1629,2
TA-07641,C-1629,2
TA-07642,C-1629,2
TA-07643,C-1631,2
TA-07644,C-1631,1
TA-07645,C-1630,2
TA-07646,C-1630,2
TA-07647,C-1630,2
TA-07650,C-1629,2
TA-07651,C-1631,1
TA-07652,C-1629,1
TA-07657,C-1846,2
TA-07661,C-1628,1
TA-07662,C-1628,2
TA-07663,C-1628,2
TA-07665,C-1244,2
TA-07668,C-0673,1
TA-07670,C-1633,2
TA-07671,C-1633,2
TA-07672,C-2029,2
TA-07673,C-2029,2
TA-07674,C-2030,2
TA-07676,C-1632,1
TA-07677,C-2030,2
TA-07678,C-2030,2
TA-07679,C-2029,2
TA-07680,C-2029,2
TA-07681,C-2029,2
TA-07682,C-2030,2
TA-07683,C-2030,2
TA-07684,C-1628,1
TA-07685,C-2030,2
TA-07686,C-2030,2
TA-07687,C-2029,2
TA-07690,C-1632,1
TA-07691,C-1630,2
TA-07692,C-0001,1
TA-07693,C-0001,1
TA-07696,C-0617,1
TA-07697,C-1628,1
TA-07698,C-1632,4
TA-07701,C-1629,2
TA-07702,C-1628,2
TA-07703,C-1628,2
TA-07707,C-1632,2
TA-07708,C-1632,2
TA-07709,C-1846,2
TA-07710,C-1628,2
TA-07711,C-1630,1
TA-07715,C-2001,1
TA-07716,C-2001,1
TA-07717,C-1628,2
TA-07720,C-1628,2
TA-07723,C-0449,1
TA-07730,C-1216,1
TA-07731,C-1244,2
TA-07733,C-0070,1
TA-07740,C-0223,1
TA-07741,C-0223,1
TA-07742,C-1898,4
TA-07748,C-1386,2
TA-07749,C-1386,2
TA-07750,C-1386,2
TA-07751,C-1386,2
TA-07752,C-1386,2
TA-07753,C-1386,2
TA-07754,C-1386,2
TA-07758,C-1359,1
TA-07764,C-1421,2
TA-07765,C-1635,2
TA-07766,C-1635,2
TA-07767,C-1635,2
TA-07769,C-1623,1
TA-07770,C-1627,2
TA-07771,C-1628,1
TA-07772,C-1628,1
TA-07773,C-1631,1
TA-07774,C-1631,1
TA-07775,C-1846,2
TA-07780,C-1628,1
TA-07781,C-1628,1
TA-07787,C-1630,1
TA-07795,C-1632,1
TA-07796,C-1478,1
TA-07797,C-1425,1
TA-07802,C-0410,1
TA-07803,C-0409,1
TA-07804,C-0344,1
TA-07805,C-1633,1
TA-07815,C-1639,1
TA-07816,C-1630,6
TA-07817,C-1630,2
TA-07818,C-1630,2
TA-07819,C-1630,2
TA-07820,C-1630,2
TA-07821,C-1630,2
TA-07822,C-1244,2
TA-07823,C-1244,2
TA-07828,C-1629,1
TA-07829,C-1244,2
TA-07830,C-0449,2
TA-07831,C-1628,1
TA-07832,C-1621,1
TA-07833,C-1621,1
TA-07834,C-1629,1
TA-07835,C-1244,2
TA-07836,C-0449,2
TA-07837,C-1628,1
TA-07838,C-1628,1
TA-07840,C-1781,1
TA-07845,C-1244,1
TA-07846,C-1629,1
TA-07848,C-0091,1
TA-07849,C-1478,1
TA-07850,C-1244,2
TA-07851,C-2004,1
TA-07853,C-1628,2
TA-07854,C-1628,2
TA-07855,C-1628,2
TA-07856,C-1628,2
TA-07862,C-1629,1
TA-07863,C-1629,1
TA-07864,C-1629,2
TA-07865,C-1631,2
TA-07866,C-1629,2
TA-07867,C-1641,1
TA-07868,C-1628,2
TA-07869,C-1627,2
TA-07870,C-1629,2
TA-07871,C-1629,2
TA-07873,C-0591,1
TA-07874,C-1621,1
TA-07875,C-1627,2
TA-07877,C-1622,1
TA-07878,C-1243,1
TA-07880,C-1632,2
TA-07881,C-1628,2
TA-07882,C-1628,2
TA-07883,C-1628,2
TA-07884,C-1630,2
TA-07885,C-1630,2
TA-07886,C-1630,2
TA-07887,C-1630,2
TA-07888,C-1628,2
TA-07889,C-1631,2
TA-07890,C-1628,1
TA-07892,C-1632,1
TA-07895,C-1631,2
TA-07896,C-1631,2
TA-07897,C-1631,2
TA-07898,C-1630,2
TA-07899,C-1630,2
TA-07900,C-1630,2
TA-07901,C-1628,2
TA-07902,C-1628,2
TA-07903,C-1629,2
TA-07904,C-1629,2
TA-07905,C-1630,2
TA-07906,C-1630,2
TA-07907,C-1630,2
TA-07908,C-1630,2
TA-07909,C-1630,2
TA-07910,C-1630,2
TA-07911,C-1630,2
TA-07912,C-1630,2
TA-07913,C-1630,2
TA-07914,C-1630,2
TA-07915,C-1629,1
TA-07916,C-1629,1
TA-07917,C-1618,1
TA-07918,C-1628,2
TA-07919,C-1628,2
TA-07920,C-1628,2
TA-07921,C-1629,2
TA-07922,C-1628,2
TA-07923,C-1628,2
TA-07924,C-1629,2
TA-07925,C-1628,2
TA-07926,C-1628,2
TA-07927,C-1629,2
TA-07928,C-1628,2
TA-07929,C-1628,2
TA-07930,C-1629,2
TA-07931,C-1631,2
TA-07932,C-1631,2
TA-07933,C-1631,2
TA-07934,C-1631,2
TA-07935,C-1631,2
TA-07937,C-1628,2
TA-07938,C-1628,2
TA-07939,C-1629,2
TA-07940,C-1629,2
TA-07941,C-1629,1
TA-07942,C-1629,1
TA-07943,C-1628,1
TA-07944,C-1630,2
TA-07945,C-1630,2
TA-07946,C-0208,1
TA-07947,C-1629,2
TA-07948,C-1628,2
TA-07949,C-1629,2
TA-07950,C-1244,2
TA-07951,C-1629,2
TA-07952,C-1629,2
TA-07953,C-1628,2
TA-07954,C-1628,2
TA-07955,C-1629,2
TA-07956,C-1629,2
TA-07959,C-1629,2
TA-07960,C-1629,2
TA-07961,C-1631,2
TA-07962,C-1631,2
TA-07963,C-1628,2
TA-07964,C-1628,2
TA-07965,C-1628,2
TA-07966,C-1632,2
TA-07967,C-1625,2
TA-07968,C-0445,1
TA-07969,C-0445,2
TA-07970,C-1631,2
TA-07971,C-1631,2
TA-07972,C-1629,2
TA-07973,C-1628,1
TA-07974,C-1628,1
TA-07975,C-1628,1
TA-07976,C-1628,1
TA-07977,C-1631,1
TA-07978,C-1244,2
TA-07981,C-1628,2
TA-07982,C-1628,2
TA-07983,C-1628,2
TA-07984,C-1627,2
TA-07985,C-1627,2
TA-07986,C-1628,2
TA-07987,C-1628,2
TA-07988,C-1628,2
TA-07994,C-1628,2
TA-07995,C-1628,2
TA-07996,C-1628,2
TA-07999,C-1632,2
TA-08000,C-1632,2
TA-08003,C-1629,2
TA-08004,C-1630,1
TA-08005,C-1630,1
TA-08006,C-1630,1
TA-08007,C-1630,1
TA-08008,C-1630,1
TA-08009,C-1630,1
TA-08010,C-1505,1
TA-08011,C-1630,1
TA-08022,C-1647,1
TA-08023,C-1647,1
TA-08024,C-1630,1
TA-08025,C-1630,1
TA-08026,C-1630,1
TA-08036,C-1661,2
TA-08037,C-1629,2
TA-08038,C-0003,2
TA-08041,C-0410,1
TA-08042,C-0410,1
TA-08043,C-0409,1
TA-08044,C-0409,1
TA-08045,C-1628,2
TA-08046,C-1647,1
TA-08047,C-1647,1
TA-08051,C-1421,2
TA-08052,C-1629,2
TA-08054,C-0368,1
TA-08055,C-1632,2
TA-08056,C-1632,2
TA-08057,C-1632,2
TA-08059,C-1628,2
TA-08060,C-1628,2
TA-08061,C-1628,2
TA-08062,C-1628,2
TA-08063,C-1628,2
TA-08066,C-1628,1
TA-08067,C-1628,1
TA-08068,C-1631,2
TA-08070,C-0165,1
TA-08071,C-1359,1
TA-08074,C-0551,1
TA-08075,C-0551,1
TA-08076,C-1631,1
TA-08077,C-1631,1
TA-08078,C-1631,1
TA-08079,C-1631,1
TA-08080,C-1632,2
TA-08081,C-1632,2
TA-08082,C-1628,1
TA-08083,C-1628,1
TA-08084,C-1628,1
TA-08085,C-1628,1
TA-08086,C-1478,1
TA-08088,C-1628,2
TA-08093,C-0578,1
TA-08094,C-0580,2
TA-08095,C-0580,2
TA-08097,C-1647,1
TA-08098,C-1647,1
TA-08100,C-1633,1
TA-08101,C-1635,2
TA-08102,C-1631,4
TA-08103,C-2005,1
TA-08104,C-0449,1
TA-08105,C-0125,1
TA-08106,C-1627,2
TA-08108,C-1624,1
TA-08109,C-1624,1
TA-08110,C-1629,1
TA-08111,C-1623,1
TA-08112,C-1630,1
TA-08113,C-1623,1
TA-08114,C-1631,1
TA-08115,C-1631,1
TA-08116,C-1630,1
TA-08117,C-1623,1
TA-08118,C-1630,1
TA-08119,C-1623,1
TA-08120,C-1624,1
TA-08121,C-1624,1
TA-08122,C-1628,2
TA-08123,C-1421,2
TA-08124,C-1421,2
TA-08126,C-1628,2
TA-08129,C-1624,1
TA-08130,C-1624,1
TA-08131,C-1629,1
TA-08132,C-1642,1
TA-08135,C-1630,2
TA-08136,C-1630,2
TA-08137,C-1630,2
TA-08138,C-1629,2
TA-08139,C-1629,2
TA-08140,C-1629,2
TA-08141,C-1629,2
TA-08142,C-1631,2
TA-08143,C-1630,2
TA-08144,C-1631,2
TA-08145,C-0686,1
TA-08151,C-1628,2
TA-08152,C-1684,1
TA-08153,C-1244,2
TA-08154,C-1632,2
TA-08155,C-1632,2
TA-08159,C-1660,2
TA-08160,C-1660,2
TA-08161,C-1632,1
TA-08162,C-1632,1
TA-08163,C-1631,2
TA-08164,C-1624,1
TA-08165,C-1631,1
TA-08166,C-1624,1
TA-08167,C-1631,2
TA-08168,C-1631,1
TA-08169,C-1630,2
TA-08170,C-1630,2
TA-08171,C-1625,1
TA-08172,C-1631,2
TA-08173,C-1625,1
TA-08175,C-0449,2
TA-08177,C-1631,2
TA-08178,C-1632,1
TA-08179,C-1632,1
TA-08180,C-0078,1
TA-08181,C-1781,1
TA-08183,C-1792,1
TA-08185,C-0418,1
TA-08187,C-1631,2
TA-08188,C-1632,1
TA-08189,C-1631,2
TA-08190,C-1631,2
TA-08192,C-1630,1
TA-08193,C-1630,1
TA-08194,C-1628,2
TA-08195,C-1629,1
TA-08196,C-1628,2
TA-08197,C-1628,2
TA-08203,C-0051,2
TA-08204,C-0051,2
TA-08205,C-1641,1
TA-08206,C-2030,2
TA-08207,C-2030,2
TA-08208,C-0001,2
TA-08211,C-1595,1
TA-08212,C-1628,2
TA-08215,C-1846,2
TA-08216,C-0747,1
TA-08217,C-1630,1
TA-08218,C-1630,1
TA-08219,C-1630,1
TA-08220,C-1630,2
TA-08221,C-1630,1
TA-08222,C-0341,1
TA-08223,C-0687,1
TA-08224,C-0184,1
TA-08225,C-1632,1
TA-08226,C-1628,2
TA-08227,C-1244,2
TA-08228,C-1628,2
TA-08229,C-1628,2
TA-08230,C-1628,2
TA-08231,C-1628,2
TA-08232,C-1846,2
TA-08233,C-1846,2
TA-08234,C-1846,2
TA-08236,C-1628,2
TA-08239,C-0001,2
TA-08244,C-1632,1
TA-08245,C-1632,1
TA-08248,C-1629,1
TA-08249,C-1629,1
TA-08250,C-1629,2
TA-08251,C-1628,2
TA-08252,C-1630,2
TA-08253,C-1632,1
TA-08254,C-1628,2
TA-08257,C-0578,2
TA-08258,C-1632,2
TA-08259,C-1631,2
TA-08261,C-1632,1
TA-08262,C-1846,2
TA-08263,C-1474,1
TA-08264,C-1630,2
TA-08266,C-1631,2
TA-08267,C-1631,2
TA-08268,C-1633,1
TA-08269,C-1632,1
TA-08270,C-0445,1
TA-08271,C-0445,1
TA-08275,C-1244,2
TA-08278,C-1628,2
TA-08282,C-1629,1
TA-08287,C-2032,1
TA-08288,C-1630,2
TA-08289,C-1630,2
TA-08290,C-1630,2
TA-08291,C-1630,2
TA-08292,C-1660,2
TA-08293,C-1660,2
TA-08294,C-1660,2
TA-08295,C-1660,2
TA-08296,C-1660,2
TA-08297,C-1660,2
TA-08298,C-1421,2
TA-08299,C-1897,1
TA-08300,C-1628,2
TA-08301,C-1630,1
TA-08302,C-1630,1
TA-08303,C-1628,2
TA-08304,C-1628,2
TA-08305,C-0618,1
TA-08306,C-1629,1
TA-08307,C-1629,1
TA-08308,C-1631,2
TA-08309,C-1628,2
TA-08310,C-1631,2
TA-08311,C-1631,2
TA-08312,C-1631,2
TA-08313,C-1629,2
TA-08314,C-1629,2
TA-08315,C-1631,2
TA-08316,C-1631,2
TA-08317,C-1629,2
TA-08318,C-1244,1
TA-08319,C-1628,1
TA-08322,C-1867,1
TA-08330,C-1630,2
TA-08331,C-1630,2
TA-08334,C-1627,2
TA-08337,C-1592,1
TA-08338,C-1233,1
TA-08339,C-1628,1
TA-08340,C-1628,1
TA-08341,C-1421,2
TA-08342,C-1901,1
TA-08343,C-1631,1
TA-08344,C-1631,1
TA-08345,C-0472,1
TA-08346,C-0472,1
TA-08349,C-1781,1
TA-08350,C-1781,1
TA-08355,C-1781,1
TA-08356,C-1781,1
TA-08357,C-1654,1
TA-08358,C-1654,1
TA-08359,C-1244,2
TA-08360,C-1244,2
TA-08361,C-0445,2
TA-08362,C-0445,2
TA-08363,C-1631,2
TA-08364,C-1631,2
TA-08365,C-1631,2
TA-08366,C-1631,2
TA-08367,C-1631,2
TA-08369,C-1631,2
TA-08370,C-1631,1
TA-08371,C-1631,2
TA-08372,C-1846,2
TA-08373,C-1628,1
TA-08374,C-1629,1
TA-08375,C-0498,1
TA-08376,C-0628,1
TA-08377,C-0628,1
TA-08378,C-1641,1
TA-08379,C-1629,1
TA-08380,C-0445,2
TA-08381,C-0102,2
TA-08382,C-0102,2
TA-08383,C-0102,2
TA-08384,C-1631,1
TA-08385,C-1631,1
TA-08386,C-1631,1
TA-08387,C-1628,1
TA-08388,C-1628,1
TA-08394,C-2029,2
TA-08395,C-2029,2
TA-08396,C-2029,2
TA-08397,C-0095,2
TA-08398,C-1630,2
TA-08399,C-2029,2
TA-08400,C-1629,2
TA-08401,C-1629,2
TA-08402,C-1629,2
TA-08403,C-1631,2
TA-08404,C-1631,2
TA-08405,C-1628,2
TA-08410,C-1758,1
TA-08411,C-1758,1
TA-08412,C-1632,2
TA-08413,C-1632,2
TA-08418,C-1421,2
TA-08419,C-1421,2
TA-08420,C-1421,2
TA-08422,C-1421,2
TA-08423,C-1421,2
TA-08424,C-1628,1
TA-08425,C-1631,2
TA-08426,C-1632,1
TA-08427,C-1244,2
TA-08428,C-1632,2
TA-08429,C-1632,2
TA-08430,C-1628,2
TA-08431,C-1628,2
TA-08432,C-1632,1
TA-08434,C-1629,2
TA-08435,C-1630,2
TA-08436,C-1629,2
TA-08437,C-1631,1
TA-08438,C-1631,1
TA-08440,C-1630,1
TA-08441,C-1630,1
TA-08445,C-1628,1
TA-08446,C-1628,1
TA-08447,C-1633,2
TA-08448,C-1633,2
TA-08449,C-1632,1
TA-08451,C-1846,2
TA-08452,C-1846,2
TA-08453,C-1846,2
TA-08454,C-1846,2
TA-08455,C-1846,2
TA-08456,C-0704,1
TA-08457,C-0705,1
TA-08458,C-1244,2
TA-08459,C-1632,1
TA-08460,C-1632,1
TA-08461,C-0095,2
TA-08462,C-0095,2
TA-08463,C-0095,2
TA-08464,C-0095,2
TA-08465,C-1625,2
TA-08466,C-1625,2
TA-08474,C-1628,2
TA-08475,C-1628,2
TA-08476,C-1661,1
TA-08477,C-1661,1
TA-08478,C-1792,1
TA-08480,C-0418,1
TA-08481,C-0418,1
TA-08482,C-0418,1
TA-08483,C-0418,1
TA-08484,C-0074,1
TA-08485,C-0043,1
TA-08486,C-0074,1
TA-08487,C-0043,1
TA-08490,C-2030,2
TA-08491,C-1632,1
TA-08492,C-1635,2
TA-08493,C-1631,2
TA-08494,C-0272,1
TA-08495,C-0182,1
TA-08497,C-0551,1
TA-08498,C-1744,1
TA-08499,C-1632,1
TA-08500,C-1631,2
TA-08501,C-1867,1
TA-08503,C-1632,1
TA-08505,C-1630,1
TA-08507,C-1421,1
TA-08511,C-1633,1
TA-08512,C-1632,1
TA-08513,C-1632,1
TA-08514,C-1629,1
TA-08515,C-1632,1
TA-08516,C-1632,1
TA-08517,C-1629,1
TA-08518,C-1630,2
TA-08519,C-1630,2
TA-08520,C-1630,2
TA-08523,C-1629,2
TA-08524,C-1629,2
TA-08525,C-1629,2
TA-08526,C-0001,1
TA-08527,C-1631,2
TA-08528,C-1628,2
TA-08529,C-1758,1
TA-08530,C-1758,1
TA-08531,C-1758,1
TA-08532,C-1244,2
TA-08533,C-1628,2
TA-08534,C-1628,2
TA-08535,C-1628,2
TA-08536,C-1628,2
TA-08537,C-1629,2
TA-08538,C-1628,2
TA-08539,C-0712,2
TA-08540,C-1629,2
TA-08541,C-1712,1
TA-08542,C-1629,2
TA-08543,C-1629,2
TA-08544,C-1629,2
TA-08545,C-1629,2
TA-08547,C-0544,1
TA-08548,C-0544,1
TA-08549,C-1632,1
TA-08550,C-1632,1
TA-08551,C-1630,1
TA-08552,C-1630,1
TA-08553,C-1630,1
TA-08554,C-1630,1
TA-08555,C-1630,1
TA-08556,C-1630,1
TA-08557,C-1630,1
TA-08558,C-1630,1
TA-08559,C-1630,1
TA-08560,C-1630,1
TA-08561,C-1630,1
TA-08562,C-1630,1
TA-08563,C-1907,1
TA-08564,C-1907,1
TA-08565,C-1630,1
TA-08566,C-1630,1
TA-08567,C-1758,1
TA-08568,C-1758,1
TA-08569,C-1758,1
TA-08570,C-1758,1
TA-08571,C-1628,2
TA-08572,C-1628,2
TA-08573,C-1628,2
TA-08574,C-1628,2
TA-08575,C-1628,1
TA-08576,C-1628,1
TA-08577,C-1628,1
TA-08578,C-1628,1
TA-08579,C-1632,1
TA-08580,C-1632,1
TA-08581,C-1867,1
TA-08582,C-1628,2
TA-08583,C-1628,2
TA-08587,C-1628,1
TA-08588,C-1632,2
TA-08589,C-1625,1
TA-08590,C-1629,2
TA-08591,C-1629,2
TA-08592,C-1630,1
TA-08593,C-1630,1
TA-08594,C-1630,2
TA-08595,C-1631,1
TA-08596,C-1631,1
TA-08597,C-1629,1
TA-08598,C-1629,1
TA-08599,C-1216,1
TA-08600,C-0449,2
TA-08601,C-1626,1
TA-08602,C-1626,1
TA-08604,C-0449,2
TA-08605,C-0449,2
TA-08606,C-1629,2
TA-08607,C-1629,2
TA-08608,C-1629,2
TA-08609,C-1629,2
TA-08610,C-1478,1
TA-08611,C-1476,1
TA-08612,C-1631,2
TA-08613,C-1631,2
TA-08614,C-1968,2
TA-08615,C-0534,1
TA-08616,C-1631,1
TA-08617,C-1631,1
TA-08619,C-1628,2
TA-08620,C-1632,2
TA-08621,C-0449,2
TA-08622,C-1632,1
TA-08623,C-1629,1
TA-08624,C-1629,1
TA-08626,C-1866,1
TA-08627,C-1630,2
TA-08628,C-1628,1
TA-08629,C-2015,1
TA-08632,C-2015,1
TA-08633,C-1635,1
TA-08634,C-1633,1
TA-08635,C-1635,1
TA-08636,C-1635,1
TA-08639,C-0774,1
TA-08640,C-0774,1
TA-08645,C-0059,2
TA-08646,C-0059,2
TA-08647,C-0059,2
TA-08648,C-1628,2
TA-08649,C-1629,2
TA-08650,C-1629,2
TA-08654,C-1630,2
TA-08655,C-1647,1
TA-08657,C-1630,2
TA-08658,C-1630,2
TA-08659,C-1632,2
TA-08660,C-1632,2
TA-08662,C-1647,1
TA-08663,C-1628,2
TA-08664,C-1628,1
TA-08665,C-2030,2
TA-08666,C-0449,2
TA-08667,C-1628,2
TA-08668,C-1628,2
TA-08669,C-1628,2
TA-08672,C-1633,1
TA-08673,C-1633,1
TA-08674,C-1631,2
TA-08675,C-1629,1
TA-08676,C-1629,1
TA-08677,C-1629,1
TA-08678,C-1629,1
TA-08679,C-1632,2
TA-08680,C-1632,2
TA-08681,C-1846,2
TA-08682,C-0449,2
TA-08683,C-0449,2
TA-08684,C-1421,2
TA-08685,C-1244,2
TA-08686,C-1244,2
TA-08687,C-1628,2
TA-08688,C-1628,2
TA-08689,C-1628,2
TA-08690,C-1629,2
TA-08691,C-1629,2
TA-08692,C-2033,1
TA-08693,C-1628,2
TA-08694,C-1244,2
TA-08695,C-1244,2
TA-08696,C-1630,2
TA-08697,C-1630,1
TA-08698,C-1630,1
TA-08699,C-1647,1
TA-08700,C-1628,2
TA-08701,C-1629,1
TA-08702,C-1629,1
TA-08703,C-1629,1
TA-08704,C-1629,1
TA-08705,C-1630,1
TA-08706,C-1630,1
TA-08709,C-1630,1
TA-08710,C-1630,1
TA-08712,C-1628,1
TA-08714,C-1630,2
TA-08715,C-1630,2
TA-08716,C-1630,2
TA-08717,C-1630,2
TA-08718,C-1628,2
TA-08719,C-1628,2
TA-08720,C-1628,2
TA-08721,C-1628,2
TA-08722,C-1627,2
TA-08723,C-1627,2
TA-08725,C-1627,2
TA-08726,C-1627,2
TA-08727,C-1627,2
TA-08728,C-1627,2
TA-08729,C-1627,2
TA-08731,C-1627,2
TA-08733,C-1627,2
TA-08734,C-1627,2
TA-08735,C-1627,2
TA-08736,C-1627,2
TA-08737,C-1627,2
TA-08738,C-1627,2
TA-08739,C-1627,2
TA-08740,C-0577,2
TA-08741,C-0577,2
TA-08742,C-0577,2
TA-08743,C-1629,2
TA-08744,C-1629,2
TA-08745,C-1629,2
TA-08746,C-1632,2
TA-08747,C-1632,2
TA-08748,C-1628,2
TA-08749,C-1628,2
TA-08752,C-0449,2
TA-08753,C-0449,2
TA-08754,C-1564,1
TA-08755,C-0449,2
TA-08756,C-1359,1
TA-08757,C-0449,2
TA-08758,C-0449,1
TA-08759,C-1244,2
TA-08760,C-1244,2
TA-08761,C-1846,1
TA-08762,C-1629,2
TA-08764,C-1356,1
TA-08766,C-1628,2
TA-08767,C-1628,1
TA-08768,C-1628,1
TA-08770,C-0445,1
TA-08771,C-0445,1
TA-08772,C-1649,1
TA-08773,C-1627,2
TA-08776,C-1244,1
TA-08777,C-0580,2
TA-08778,C-1628,2
TA-08779,C-1632,1
TA-08780,C-1631,1
TA-08781,C-1421,2
TA-08782,C-1630,1
TA-08783,C-1630,1
TA-08785,C-1632,2
TA-08786,C-1629,2
TA-08787,C-1628,2
TA-08790,C-1631,2
TA-08791,C-1622,1
TA-08792,C-1622,1
TA-08793,C-1622,1
TA-08794,C-1647,1
TA-08795,C-1630,1
TA-08797,C-1244,1
TA-08798,C-1628,1
TA-08799,C-1628,1
TA-08800,C-1356,1
TA-08801,C-1631,2
TA-08802,C-1421,2
TA-08803,C-1867,2
TA-08804,C-1623,1
TA-08805,C-1623,1
TA-08806,C-1623,1
TA-08807,C-1623,1
TA-08808,C-1630,2
TA-08809,C-1630,2
TA-08810,C-1630,2
TA-08811,C-1630,2
TA-08812,C-1630,2
TA-08813,C-1631,2
TA-08814,C-1630,2
TA-08815,C-1630,2
TA-08816,C-1630,2
TA-08818,C-1633,1
TA-08819,C-1633,1
TA-08820,C-0449,2
TA-08821,C-1627,2
TA-08822,C-1628,2
TA-08823,C-1647,1
TA-08824,C-1630,1
TA-08827,C-1628,1
TA-08828,C-1628,1
TA-08831,C-0255,1
TA-08834,C-1628,2
TA-08836,C-1631,1
TA-08837,C-1631,1
TA-08838,C-1631,2
TA-08839,C-1631,2
TA-08840,C-1889,1
TA-08841,C-1631,1
TA-08842,C-1631,1
TA-08844,C-0306,1
TA-08845,C-0445,1
TA-08846,C-1630,2
TA-08847,C-1630,2
TA-08848,C-2002,1
TA-08849,C-2032,1
TA-08850,C-1869,1
TA-08851,C-1628,1
TA-08852,C-1628,1
TA-08853,C-1628,1
TA-08854,C-1628,1
TA-08855,C-1628,1
TA-08856,C-1628,1
TA-08857,C-1628,1
TA-08858,C-1628,1
TA-08859,C-1628,1
TA-08860,C-1630,1
TA-08861,C-1632,2
TA-08862,C-1627,2
TA-08863,C-1627,2
TA-08864,C-0445,2
TA-08865,C-0445,2
TA-08866,C-1629,1
TA-08867,C-1629,1
TA-08868,C-1629,1
TA-08869,C-1629,1
TA-08870,C-1629,1
TA-08871,C-1629,1
TA-08872,C-1630,2
TA-08873,C-1631,2
TA-08874,C-1630,2
TA-08875,C-1640,1
TA-08876,C-2029,2
TA-08877,C-1629,2
TA-08889,C-0445,2
TA-08890,C-1632,1
TA-08891,C-1632,1
TA-08892,C-1628,2
TA-08893,C-0621,1
TA-08894,C-1630,1
TA-08896,C-1421,2
TA-08898,C-1627,2
TA-08899,C-1627,2
TA-08900,C-1627,2
TA-08901,C-0621,1
TA-08903,C-1867,1
TA-08905,C-1867,1
TA-08908,C-1631,2
TA-08913,C-1628,2
TA-08915,C-1792,1
TA-08916,C-1628,1
TA-08917,C-1628,1
TA-08919,C-0597,1
TA-08920,C-0008,1
TA-08922,C-1630,1
TA-08923,C-1630,1
TA-08926,C-0409,2
TA-08927,C-0449,1
TA-08931,C-1630,1
TA-08932,C-1628,2
TA-08934,C-1629,2
TA-08935,C-0555,1
TA-08936,C-1631,1
TA-08943,C-0445,2
TA-08944,C-0449,2
TA-08946,C-1846,2
TA-08947,C-1633,1
TA-08948,C-1633,1
TA-08949,C-1481,1
TA-08950,C-1480,1
TA-08951,C-0102,2
TA-08952,C-0102,2
TA-08953,C-1628,2
TA-08954,C-1628,1
TA-08955,C-1628,1
TA-08956,C-1628,1
TA-08957,C-0579,2
TA-08958,C-0580,2
TA-08959,C-0579,2
TA-08960,C-1627,1
TA-08961,C-1628,1
TA-08962,C-1632,2
TA-08965,C-1628,1
TA-08967,C-1629,1
TA-08968,C-1629,2
TA-08969,C-1628,1
TA-08970,C-1628,2
TA-08971,C-1632,1
TA-08972,C-1632,2
TA-08973,C-1628,2
TA-08974,C-1846,2
TA-08975,C-0449,2
TA-08976,C-1629,2
TA-08977,C-1628,2
TA-08978,C-1630,2
TA-08979,C-1632,1
TA-08980,C-1633,1
TA-08982,C-0733,1
TA-08983,C-1632,2
TA-08984,C-0095,2
TA-08985,C-0095,2
TA-08986,C-1648,1
TA-08992,C-1628,2
TA-08993,C-1628,2
TA-08994,C-1632,2
TA-08995,C-1632,2
TA-08996,C-0580,2
TA-08997,C-0580,2
TA-08998,C-0580,2
TA-08999,C-0716,1
TA-09000,C-0703,1
TA-09001,C-1629,2
TA-09003,C-1630,2
TA-09004,C-1244,2
TA-09005,C-1244,2
TA-09006,C-1244,2
TA-09007,C-1244,2
TA-09008,C-1244,2
TA-09010,C-1629,1
TA-09014,C-1421,1
TA-09015,C-1632,1
TA-09017,C-1632,2
TA-09018,C-1632,2
TA-09019,C-0015,1
TA-09020,C-0015,1
TA-09021,C-0015,1
TA-09022,C-0015,1
TA-09023,C-1630,2
TA-09024,C-1630,2
TA-09026,C-1628,1
TA-09029,C-1976,1
TA-09030,C-1628,2
TA-09032,C-1421,2
TA-09033,C-1867,1
TA-09035,C-1867,1
TA-09036,C-1846,2
TA-09039,C-1632,1
TA-09040,C-1631,1
TA-09041,C-1631,1
TA-09042,C-1631,1
TA-09043,C-1628,1
TA-09046,C-1628,1
TA-09047,C-1628,1
TA-09048,C-1627,2
TA-09052,C-1846,2
TA-09053,C-1846,2
TA-09054,C-1846,2
TA-09055,C-1846,2
TA-09057,C-0748,1
TA-09058,C-1846,1
TA-09059,C-0075,1
TA-09060,C-0415,1
TA-09061,C-0415,1
TA-09062,C-1660,2
TA-09063,C-1621,1
TA-09064,C-1631,2
TA-09065,C-1631,2
TA-09066,C-1621,1
TA-09067,C-1628,2
TA-09068,C-1631,2
TA-09069,C-1630,2
TA-09070,C-1630,2
TA-09071,C-1633,1
TA-09072,C-1630,2
TA-09077,C-1628,2
TA-09078,C-1628,2
TA-09079,C-1632,2
TA-09082,C-1621,1
TA-09083,C-1621,1
TA-09085,C-1629,1
TA-09086,C-1629,1
TA-09087,C-1630,1
TA-09088,C-1630,1
TA-09089,C-1630,1
TA-09090,C-1630,1
TA-09091,C-1630,1
TA-09092,C-1630,1
TA-09093,C-1633,1
TA-09095,C-1630,2
TA-09096,C-1630,2
TA-09098,C-1631,1
TA-09099,C-1631,1
TA-09100,C-1629,1
TA-09101,C-0738,1
TA-09104,C-1632,2
TA-09105,C-1904,1
TA-09106,C-1632,1
TA-09108,C-2004,1
TA-09109,C-0617,1
TA-09117,C-1647,1
TA-09118,C-1630,1
TA-09121,C-1628,1
TA-09122,C-1628,1
TA-09123,C-1628,1
TA-09124,C-1628,1
TA-09125,C-1631,2
TA-09127,C-0580,2
TA-09130,C-1630,2
TA-09131,C-1630,1
TA-09133,C-1631,2
TA-09134,C-1629,2
TA-09135,C-1629,2
TA-09136,C-1624,1
TA-09138,C-1846,2
TA-09139,C-1628,2
TA-09140,C-1628,2
TA-09141,C-1628,2
TA-09142,C-1631,2
TA-09143,C-1631,2
TA-09144,C-1640,1
TA-09145,C-1995,1
TA-09146,C-1995,1
TA-09147,C-1632,1
TA-09150,C-1627,1
TA-09151,C-1627,1
TA-09152,C-1628,2
TA-09155,C-1598,1
TA-09156,C-1628,2
TA-09157,C-1629,1
TA-09158,C-0449,2
TA-09159,C-0445,2
TA-09160,C-0445,2
TA-09162,C-0745,1
TA-09164,C-0744,1
TA-09166,C-1244,2
TA-09168,C-1956,1
TA-09169,C-1629,2
TA-09170,C-1630,1
TA-09171,C-1628,2
TA-09172,C-1625,1
TA-09173,C-1625,1
TA-09174,C-0580,2
TA-09175,C-0449,1
TA-09178,C-1490,1
TA-09181,C-1635,1
TA-09182,C-1629,2
TA-09184,C-0762,1
TA-09185,C-0762,1
TA-09186,C-0751,1
TA-09187,C-0751,1
TA-09188,C-0751,1
TA-09190,C-1627,2
TA-09191,C-1627,2
TA-09192,C-1631,2
TA-09193,C-1631,2
TA-09194,C-1639,1
TA-09195,C-1846,2
TA-09196,C-0449,2
TA-09197,C-0449,2
TA-09198,C-1629,2
TA-09199,C-1629,1
TA-09223,C-1629,2
TA-09224,C-1629,2
TA-09230,C-0724,1
TA-09231,C-1630,2
TA-09232,C-1630,2
TA-09233,C-1630,2
TA-09235,C-1631,2
TA-09236,C-1631,2
TA-09237,C-1631,2
TA-09238,C-1631,2
TA-09239,C-1631,2
TA-09240,C-1631,2
TA-09241,C-1631,2
TA-09242,C-1631,2
TA-09243,C-1630,2
TA-09244,C-1630,2
TA-09245,C-1630,2
TA-09247,C-1631,2
TA-09248,C-1631,2
TA-09249,C-1631,2
TA-09250,C-1631,2
TA-09251,C-1624,1
TA-09254,C-0070,1
TA-09255,C-0012,1
TA-09256,C-1628,1
TA-09257,C-1628,2
TA-09258,C-1628,2
TA-09259,C-1628,2
TA-09260,C-1629,2
TA-09262,C-1630,1
TA-09264,C-1630,1
TA-09266,C-1629,1
TA-09267,C-1629,1
TA-09268,C-1629,1
TA-09269,C-1629,1
TA-09272,C-1244,2
TA-09273,C-1621,1
TA-09274,C-1628,2
TA-09275,C-1628,2
TA-09279,C-1632,2
TA-09280,C-0754,1
TA-09281,C-1628,2
TA-09282,C-1629,2
TA-09284,C-0275,2
TA-09285,C-0618,1
TA-09286,C-1631,1
TA-09287,C-1632,2
TA-09288,C-1632,2
TA-09289,C-1632,2
TA-09290,C-1632,2
TA-09291,C-1630,2
TA-09294,C-1630,1
TA-09298,C-1631,1
TA-09301,C-0703,1
TA-09302,C-0703,1
TA-09303,C-0703,1
TA-09304,C-1628,1
TA-09305,C-1628,1
TA-09308,C-1628,2
TA-09309,C-1629,2
TA-09310,C-1421,2
TA-09312,C-1642,1
TA-09313,C-1642,1
TA-09314,C-1628,2
TA-09317,C-0578,1
TA-09318,C-1628,2
TA-09319,C-1631,2
TA-09321,C-1629,2
TA-09324,C-1630,1
TA-09326,C-1630,2
TA-09327,C-0449,2
TA-09328,C-1628,2
TA-09329,C-1628,2
TA-09330,C-1885,1
TA-09333,C-1497,2
TA-09334,C-1628,2
TA-09336,C-1647,1
TA-09337,C-1647,1
TA-09338,C-1623,1
TA-09339,C-1623,1
TA-09342,C-1525,1
TA-09343,C-1421,2
TA-09360,C-1629,2
TA-09361,C-1629,2
TA-09362,C-1631,2
TA-09363,C-1631,2
TA-09364,C-1630,1
TA-09365,C-1630,2
TA-09366,C-0058,2
TA-09367,C-1628,2
TA-09368,C-1628,2
TA-09369,C-1628,1
TA-09370,C-1628,1
TA-09371,C-1628,2
TA-09372,C-1628,2
TA-09373,C-1628,1
TA-09385,C-0604,1
TA-09386,C-1630,1
TA-09387,C-1630,1
TA-09388,C-1630,1
TA-09389,C-1647,1
TA-09390,C-1647,1
TA-09391,C-1233,1
TA-09392,C-1647,1
TA-09393,C-1647,1
TA-09394,C-1624,1
TA-09395,C-0760,2
TA-09396,C-1631,2
TA-09397,C-1622,1
TA-09398,C-1631,2
TA-09399,C-1631,2
TA-09400,C-1621,1
TA-09410,C-1233,1
TA-09411,C-0400,1
TA-09412,C-1628,2
TA-09413,C-1632,1
TA-09419,C-0744,1
TA-09420,C-0743,1
TA-09421,C-1630,1
TA-09422,C-1629,2
TA-09423,C-1629,2
TA-09424,C-1629,2
TA-09425,C-0150,1
TA-09426,C-1630,2
TA-09427,C-0743,1
TA-09428,C-1846,2
TA-09431,C-1474,1
TA-09432,C-1647,1
TA-09437,C-1631,1
TA-09438,C-1630,2
TA-09441,C-1631,1
TA-09443,C-1631,1
TA-09444,C-1631,1
TA-09446,C-1630,1
TA-09447,C-1630,1
TA-09448,C-1631,1
TA-09449,C-2032,1
TA-09450,C-2004,1
TA-09451,C-1421,2
TA-09452,C-1421,2
TA-09453,C-1846,2
TA-09454,C-1846,2
TA-09456,C-1627,1
TA-09457,C-1629,2
TA-09458,C-1628,2
TA-09459,C-1628,2
TA-09462,C-1782,1
TA-09463,C-1630,2
TA-09464,C-1631,2
TA-09465,C-1424,1
TA-09466,C-1776,1
TA-09467,C-1783,1
TA-09468,C-0449,2
TA-09469,C-1631,2
TA-09470,C-1846,1
TA-09471,C-1846,1
TA-09472,C-1632,1
TA-09473,C-1632,1
TA-09474,C-1632,2
TA-09475,C-1632,2
TA-09476,C-1629,2
TA-09477,C-1629,2
TA-09478,C-1622,1
TA-09481,C-0072,1
TA-09482,C-0072,1
TA-09483,C-0565,1
TA-09484,C-1790,1
TA-09485,C-1781,1
TA-09486,C-1792,1
TA-09487,C-1792,1
TA-09488,C-0545,1
TA-09489,C-0545,1
TA-09490,C-0565,1
TA-09491,C-1632,1
TA-09492,C-1632,1
TA-09493,C-1630,1
TA-09494,C-1631,1
TA-09495,C-1627,1
TA-09496,C-1627,2
TA-09497,C-1627,2
TA-09498,C-1627,2
TA-09499,C-1627,1
TA-09500,C-1627,1
TA-09501,C-1627,1
TA-09502,C-1627,2
TA-09503,C-1627,2
TA-09505,C-1846,1
TA-09506,C-0751,1
TA-09507,C-0751,1
TA-09509,C-1628,2
TA-09510,C-1628,2
TA-09511,C-1628,2
TA-09512,C-1631,2
TA-09513,C-1631,2
TA-09514,C-0449,2
TA-09515,C-0449,2
TA-09516,C-1421,2
TA-09517,C-1421,2
TA-09518,C-1421,2
TA-09519,C-1846,2
TA-09520,C-1846,2
TA-09521,C-1846,2
TA-09522,C-1846,2
TA-09524,C-1356,1
TA-09525,C-1632,2
TA-09526,C-1627,2
TA-09527,C-1481,1
TA-09530,C-0228,2
TA-09531,C-0228,2
TA-09532,C-0228,2
TA-09537,C-0228,2
TA-09538,C-0228,2
TA-09539,C-0228,2
TA-09540,C-0228,2
TA-09541,C-0228,2
TA-09542,C-0228,2
TA-09543,C-0228,2
TA-09544,C-0228,2
TA-09545,C-1846,2
TA-09546,C-0228,2
TA-09547,C-0228,2
TA-09548,C-0228,2
TA-09549,C-0228,2
TA-09551,C-1631,1
TA-09552,C-0580,2
TA-09553,C-0580,2
TA-09554,C-0580,2
TA-09555,C-0580,2
TA-09556,C-0579,2
TA-09557,C-0579,2
TA-09558,C-0579,2
TA-09559,C-0579,2
TA-09560,C-1630,2
TA-09561,C-1630,2
TA-09562,C-0580,2
TA-09563,C-0580,2
TA-09564,C-0579,2
TA-09565,C-0579,2
TA-09566,C-1622,1
TA-09567,C-1630,2
TA-09568,C-1630,2
TA-09569,C-1629,2
TA-09570,C-1629,2
TA-09571,C-1386,2
TA-09572,C-1386,2
TA-09573,C-1629,2
TA-09574,C-1629,2
TA-09575,C-0102,2
TA-09576,C-0102,2
TA-09577,C-0102,2
TA-09578,C-1629,2
TA-09580,C-1647,1
TA-09581,C-1647,1
TA-09582,C-1647,1
TA-09583,C-1647,1
TA-09584,C-0748,1
TA-09585,C-1629,2
TA-09586,C-1629,2
TA-09587,C-1631,2
TA-09588,C-1630,2
TA-09589,C-1631,1
TA-09590,C-1630,1
TA-09592,C-1421,1
TA-09593,C-1386,2
TA-09594,C-1386,2
TA-09595,C-1629,2
TA-09596,C-1628,2
TA-09597,C-1629,2
TA-09598,C-1629,2
TA-09599,C-1629,2
TA-09600,C-1629,2
TA-09601,C-1628,2
TA-09602,C-1629,2
TA-09603,C-1625,1
TA-09605,C-0751,1
TA-09608,C-1630,2
TA-09610,C-1630,2
TA-09611,C-1630,2
TA-09612,C-0268,1
TA-09616,C-1386,2
TA-09617,C-1386,2
TA-09619,C-1629,2
TA-09620,C-1629,2
TA-09621,C-1629,2
TA-09622,C-1629,2
TA-09623,C-1629,2
TA-09624,C-1629,2
TA-09625,C-1629,2
TA-09628,C-0449,2
TA-09629,C-1846,2
TA-09630,C-1846,2
TA-09631,C-1846,2
TA-09633,C-0449,2
TA-09634,C-1846,2
TA-09635,C-1846,2
TA-09636,C-1846,2
TA-09638,C-1792,1
TA-09639,C-0445,2
TA-09640,C-1631,1
TA-09643,C-0415,1
TA-09644,C-0415,1
TA-09646,C-1630,1
TA-09647,C-2029,2
TA-09648,C-2029,2
TA-09649,C-1215,1
TA-09650,C-1215,1
TA-09651,C-0764,1
TA-09652,C-1629,1
TA-09653,C-1629,1
TA-09656,C-0768,1
TA-09657,C-0768,1
TA-09658,C-1628,2
TA-09659,C-1628,2
TA-09660,C-1629,2
TA-09661,C-0751,1
TA-09665,C-0710,1
TA-09666,C-0769,1
TA-09667,C-0769,1
TA-09668,C-1421,2
TA-09669,C-1421,2
TA-09670,C-1632,1
TA-09671,C-1632,1
TA-09672,C-1632,2
TA-09673,C-1630,2
TA-09675,C-1630,1
TA-09676,C-1846,2
TA-09686,C-0579,2
TA-09687,C-0274,1
TA-09688,C-0320,1
TA-09689,C-1628,2
TA-09690,C-1628,2
TA-09691,C-1630,1
TA-09695,C-0773,1
TA-09698,C-1386,2
TA-09699,C-1386,2
TA-09700,C-1629,1
TA-09701,C-1633,1
TA-09702,C-1633,1
TA-09703,C-1631,1
TA-09705,C-1633,2
TA-09706,C-1633,2
TA-09709,C-1629,2
TA-09710,C-1628,2
TA-09714,C-1647,1
TA-09715,C-1647,1
TA-09716,C-1647,1
TA-09717,C-1647,1
TA-09718,C-1630,2
TA-09719,C-1630,2
TA-09720,C-1631,2
TA-09721,C-1630,2
TA-09722,C-1629,2
TA-09724,C-1627,2
TA-09725,C-1627,2
TA-09726,C-0565,1
TA-09727,C-1627,2
TA-09739,C-0580,2
TA-09740,C-1631,1
TA-09741,C-1631,1
TA-09744,C-1629,1
TA-09745,C-1629,1
TA-09746,C-1244,2
TA-09747,C-1629,2
TA-09748,C-1629,2
TA-09749,C-1629,2
TA-09750,C-1629,2
TA-09751,C-1846,2
TA-09754,C-1846,2
TA-09755,C-0751,1
TA-09763,C-1631,2
TA-09765,C-1627,2
TA-09769,C-1629,2
TA-09770,C-1631,1
TA-09771,C-1631,1
TA-09772,C-1631,2
TA-09773,C-1631,2
TA-09774,C-1632,2
TA-09775,C-1632,2
TA-09776,C-1628,2
TA-09777,C-1628,2
TA-09778,C-1628,2
TA-09779,C-1628,2
TA-09780,C-1628,2
TA-09781,C-1628,2
TA-09782,C-1628,2
TA-09783,C-1628,2
TA-09784,C-1628,2
TA-09785,C-1630,2
TA-09786,C-1630,2
TA-09787,C-1630,2
TA-09788,C-1630,1
TA-09789,C-1386,2
TA-09790,C-1386,2
TA-09791,C-1631,1
TA-09792,C-1630,1
TA-09793,C-1630,2
TA-09794,C-1630,2
TA-09795,C-1631,1
TA-09796,C-1629,2
TA-09797,C-1628,2
TA-09799,C-1792,1
TA-09800,C-1781,1
TA-09801,C-1244,2
TA-09802,C-0445,1
TA-09803,C-0003,1
TA-09804,C-1635,2
TA-09807,C-1628,2
TA-09808,C-1628,2
TA-09810,C-1846,2
TA-09813,C-0579,2
TA-09818,C-1421,2
TA-09819,C-1628,2
TA-09820,C-1630,2
TA-09821,C-1630,2
TA-09822,C-1630,2
TA-09823,C-0580,2
TA-09824,C-0580,2
TA-09825,C-0579,2
TA-09826,C-0579,2
TA-09827,C-0579,2
TA-09828,C-0579,2
TA-09829,C-0579,2
TA-09831,C-1631,2
TA-09832,C-1630,1
TA-09833,C-1630,1
TA-09834,C-1630,1
TA-09835,C-1630,2
TA-09836,C-0211,1
TA-09837,C-1630,1
TA-09838,C-1630,1
TA-09839,C-1630,1
TA-09840,C-1630,1
TA-09841,C-1630,2
TA-09842,C-0369,1
TA-09843,C-0211,1
TA-09844,C-1630,1
TA-09845,C-1630,1
TA-09846,C-1630,1
TA-09847,C-1630,1
TA-09848,C-1630,1
TA-09849,C-1630,1
TA-09850,C-1630,1
TA-09851,C-1630,1
TA-09852,C-1630,1
TA-09853,C-1630,1
TA-09854,C-1630,2
TA-09855,C-1630,1
TA-09856,C-0211,1
TA-09857,C-1630,1
TA-09858,C-1630,1
TA-09859,C-1630,1
TA-09860,C-1630,1
TA-09861,C-1630,1
TA-09862,C-1630,2
TA-09863,C-1630,2
TA-09864,C-0211,1
TA-09865,C-1630,1
TA-09866,C-1630,1
TA-09867,C-1630,1
TA-09868,C-1630,1
TA-09869,C-1630,2
TA-09870,C-1630,2
TA-09871,C-1630,1
TA-09872,C-1630,1
TA-09873,C-1630,2
TA-09874,C-1630,2
TA-09875,C-1630,2
TA-09876,C-1630,1
TA-09877,C-1630,1
TA-09878,C-1630,1
TA-09882,C-1649,1
TA-09883,C-1642,1
TA-09884,C-1649,1
TA-09885,C-1642,1
TA-09886,C-1649,1
TA-09887,C-1642,1
TA-09888,C-1649,1
TA-09889,C-1642,1
TA-09890,C-1631,2
TA-09891,C-1631,1
TA-09892,C-1631,2
TA-09893,C-1631,1
TA-09894,C-1779,1
TA-09895,C-0449,2
TA-09896,C-1386,2
TA-09897,C-0579,2
TA-09898,C-0579,2
TA-09899,C-0579,2
TA-09900,C-0782,1
TA-09901,C-1782,1
TA-09903,C-0793,1
TA-09904,C-1846,1
TA-09905,C-0449,2
TA-09906,C-1782,1
TA-09907,C-0577,2
TA-09908,C-0577,2
TA-09909,C-0579,2
TA-09910,C-0579,2
TA-09911,C-0449,2
TA-09912,C-0449,2
TA-09913,C-1631,2
TA-09914,C-1624,1
TA-09915,C-1631,2
TA-09916,C-1629,1
TA-09918,C-1629,2
TA-09919,C-0752,1
TA-09920,C-0752,1
TA-09921,C-0752,1
TA-09922,C-0752,1
TA-09923,C-0752,1
TA-09924,C-0752,1
TA-09925,C-0449,2
TA-09926,C-1628,2
TA-09930,C-1628,2
TA-09931,C-1628,2
TA-09932,C-0774,1
TA-09933,C-0774,1
TA-09934,C-0774,1
TA-09935,C-0774,1
TA-09943,C-1244,2
TA-09944,C-1629,1
TA-09945,C-1216,1
TA-09946,C-1215,1
TA-09947,C-1216,1
TA-09948,C-1215,1
TA-09950,C-1631,2
TA-09951,C-1386,2
TA-09952,C-0371,1
TA-09953,C-0015,1
TA-09954,C-0015,1
TA-09955,C-1628,2
TA-09956,C-1630,2
TA-09957,C-1630,2
TA-09958,C-1630,2
TA-09959,C-1630,2
TA-09960,C-1630,2
TA-09961,C-1630,2
TA-09962,C-1630,2
TA-09963,C-1630,1
TA-09964,C-1630,2
TA-09965,C-1630,2
TA-09966,C-1630,2
TA-09967,C-1630,2
TA-09968,C-1631,2
TA-09969,C-1631,2
TA-09970,C-1630,2
TA-09971,C-1630,2
TA-09972,C-1630,2
TA-09973,C-1630,2
TA-09974,C-1630,2
TA-09975,C-1630,2
TA-09976,C-1630,2
TA-09977,C-1630,2
TA-09978,C-1628,2
TA-09979,C-1630,2
TA-09980,C-1630,2
TA-09982,C-0449,2
TA-09983,C-1628,2
TA-09984,C-1621,1
TA-09985,C-1846,1
TA-09986,C-1846,1
TA-09987,C-1846,1
TA-09988,C-1846,1
TA-09995,C-1631,1
TA-09996,C-1629,1
TA-09997,C-1629,2
TA-09998,C-1629,1
TA-09999,C-1629,2
TA-10000,C-2004,1
TA-10001,C-1629,2
TA-10002,C-1628,2
TA-10003,C-1629,2
TA-10004,C-1629,2
TA-10005,C-1629,2
TA-10006,C-1629,2
TA-10007,C-1629,2
TA-10008,C-1629,2
TA-10011,C-1628,2
TA-10012,C-0371,1
TA-10013,C-1430,1
TA-10014,C-0579,2
TA-10015,C-1386,2
TA-10016,C-1386,2
TA-10017,C-1846,2
TA-10022,C-1994,1
TA-10026,C-1628,2
TA-10027,C-1631,2
TA-10028,C-1631,2
TA-10030,C-1630,2
TA-10031,C-1630,2
TA-10032,C-0580,2
TA-10033,C-0580,2
TA-10034,C-0580,2
TA-10035,C-0580,2
TA-10036,C-1629,2
TA-10038,C-1846,2
TA-10039,C-1846,2
TA-10040,C-0367,1
TA-10041,C-1792,1
TA-10042,C-1792,1
TA-10045,C-1781,1
TA-10046,C-1777,1
TA-10047,C-1781,1
TA-10048,C-1627,2
TA-10049,C-0367,1
TA-10050,C-0769,1
TA-10051,C-0769,1
TA-10052,C-0072,1
TA-10053,C-0072,1
TA-10054,C-0545,1
TA-10055,C-0545,1
TA-10056,C-1630,2
TA-10057,C-1630,2
TA-10058,C-1630,1
TA-10059,C-1628,1
TA-10060,C-1628,1
TA-10061,C-1628,1
TA-10062,C-1628,1
TA-10063,C-1628,2
TA-10064,C-1421,2
TA-10065,C-1846,2
TA-10066,C-0449,2
TA-10067,C-1846,2
TA-10070,C-0008,1
TA-10071,C-1009,1
TA-10072,C-0796,1
TA-10083,C-1867,1
TA-10084,C-1782,1
TA-10085,C-1628,2
TA-10086,C-1628,2
TA-10088,C-1846,2
TA-10089,C-1628,2
TA-10090,C-1631,2
TA-10091,C-1631,2
TA-10094,C-1630,2
TA-10095,C-1630,2
TA-10096,C-1630,1
TA-10097,C-1630,1
TA-10098,C-1630,2
TA-10099,C-1630,2
TA-10100,C-1630,1
TA-10101,C-1630,1
TA-10102,C-1630,2
TA-10103,C-1630,2
TA-10104,C-1630,2
TA-10105,C-1630,2
TA-10106,C-1631,1
TA-10107,C-1631,1
TA-10109,C-1627,2
TA-10110,C-1635,2
TA-10111,C-1631,2
TA-10112,C-1635,2
TA-10113,C-1631,2
TA-10114,C-1631,2
TA-10115,C-1631,2
TA-10116,C-1386,2
TA-10117,C-1386,2
TA-10119,C-1244,2
TA-10120,C-1846,1
TA-10121,C-1846,1
TA-10124,C-0449,2
TA-10125,C-0449,2
TA-10126,C-1630,2
TA-10127,C-1630,2
TA-10128,C-1628,2
TA-10129,C-1629,1
TA-10130,C-1629,1
TA-10131,C-0779,1
TA-10136,C-1631,1
TA-10137,C-1631,1
TA-10138,C-0780,1
TA-10139,C-1628,2
TA-10140,C-1386,2
TA-10141,C-1386,2
TA-10142,C-1386,2
TA-10143,C-1386,2
TA-10146,C-1632,1
TA-10147,C-0001,1
TA-10148,C-1846,1
TA-10149,C-1846,1
TA-10152,C-1632,2
TA-10153,C-1632,2
TA-10155,C-1629,2
TA-10156,C-1846,2
TA-10157,C-1846,2
TA-10158,C-1386,2
TA-10159,C-1386,2
TA-10160,C-1386,2
TA-10161,C-1386,2
TA-10162,C-1629,2
TA-10163,C-1629,1
TA-10164,C-1386,2
TA-10165,C-1386,2
TA-10166,C-1628,1
TA-10167,C-1628,2
TA-10168,C-1630,2
TA-10169,C-1630,1
TA-10170,C-1630,1
TA-10171,C-1630,2
TA-10172,C-1630,2
TA-10176,C-0449,2
TA-10178,C-1386,2
TA-10179,C-1386,2
TA-10181,C-0015,1
TA-10182,C-0015,1
TA-10184,C-0449,1
TA-10185,C-0861,1
TA-10186,C-0449,2
TA-10187,C-1244,2
TA-10188,C-1244,2
TA-10189,C-1244,1
TA-10190,C-1386,2
TA-10191,C-1386,2
TA-10193,C-1779,1
TA-10194,C-1778,1
TA-10195,C-1628,2
TA-10196,C-1628,2
TA-10197,C-1628,2
TA-10198,C-1628,2
TA-10199,C-1628,2
TA-10200,C-1628,2
TA-10201,C-0449,2
TA-10202,C-1628,2
TA-10203,C-1628,2
TA-10204,C-1629,2
TA-10207,C-1386,2
TA-10208,C-1386,2
TA-10209,C-1386,2
TA-10210,C-0001,2
TA-10215,C-1631,2
TA-10216,C-0244,1
TA-10218,C-1628,2
TA-10219,C-1628,2
TA-10229,C-2030,2
TA-10231,C-1628,2
TA-10232,C-1628,2
TA-10233,C-1628,2
TA-10234,C-1628,2
TA-10235,C-1629,2
TA-10237,C-1244,2
TA-10238,C-0774,1
TA-10239,C-0774,1
TA-10240,C-1632,1
TA-10241,C-0751,1
TA-10242,C-0751,1
TA-10243,C-1629,1
TA-10244,C-1632,1
TA-10245,C-1633,2
TA-10246,C-1633,2
TA-10247,C-1632,1
TA-10248,C-1629,1
TA-10249,C-1629,1
TA-10250,C-1629,1
TA-10251,C-1629,1
TA-10252,C-1629,1
TA-10261,C-0579,2
TA-10262,C-1846,1
TA-10266,C-1846,1
TA-10267,C-1846,1
TA-10268,C-0097,2
TA-10269,C-1632,2
TA-10271,C-2023,1
TA-10272,C-2023,1
TA-10273,C-0924,1
TA-10274,C-0913,1
TA-10276,C-1420,1
TA-10278,C-1846,1
TA-10279,C-1846,2
TA-10280,C-1846,1
TA-10281,C-1846,2
TA-10284,C-1639,2
TA-10285,C-1627,2
TA-10286,C-1627,2
TA-10287,C-1631,2
TA-10288,C-1630,1
TA-10289,C-1632,1
TA-10290,C-1631,2
TA-10291,C-1631,2
TA-10292,C-1631,2
TA-10293,C-1631,2
TA-10294,C-1627,2
TA-10295,C-1627,2
TA-10296,C-0703,1
TA-10297,C-1421,1
TA-10298,C-1629,2
TA-10299,C-1629,2
TA-10300,C-0752,1
TA-10301,C-0752,1
TA-10302,C-0703,1
TA-10304,C-1386,2
TA-10305,C-1386,2
TA-10306,C-1386,2
TA-10307,C-1386,2
TA-10308,C-1386,2
TA-10309,C-1386,2
TA-10310,C-1631,1
TA-10311,C-1629,2
TA-10312,C-1631,1
TA-10313,C-1629,2
TA-10314,C-1631,2
TA-10315,C-1629,2
TA-10316,C-1629,2
TA-10317,C-1629,2
TA-10318,C-1629,2
TA-10319,C-1628,2
TA-10320,C-1421,2
TA-10323,C-1635,2
TA-10324,C-1635,2
TA-10325,C-1223,1
TA-10326,C-1629,2
TA-10327,C-1629,2
TA-10328,C-1622,1
TA-10329,C-1622,1
TA-10335,C-1629,1
TA-10336,C-1629,1
TA-10337,C-1632,2
TA-10338,C-1628,2
TA-10339,C-0580,2
TA-10340,C-0580,2
TA-10341,C-0580,2
TA-10342,C-2030,2
TA-10343,C-2030,2
TA-10344,C-2030,2
TA-10345,C-2030,2
TA-10346,C-1476,1
TA-10347,C-0445,2
TA-10348,C-0445,2
TA-10349,C-1356,1
TA-10350,C-0008,1
TA-10351,C-1629,1
TA-10352,C-0599,1
TA-10353,C-1628,1
TA-10354,C-1628,1
TA-10355,C-0787,1
TA-10356,C-1867,1
TA-10357,C-1867,1
TA-10358,C-1629,2
TA-10360,C-0794,1
TA-10361,C-0777,2
TA-10362,C-1631,1
TA-10363,C-1631,1
TA-10364,C-1631,1
TA-10365,C-1631,1
TA-10366,C-0751,1
TA-10367,C-1846,2
TA-10368,C-1628,2
TA-10369,C-1628,2
TA-10372,C-1867,1
TA-10373,C-1632,1
TA-10374,C-1633,2
TA-10375,C-1633,2
TA-10379,C-1421,2
TA-10380,C-1628,2
TA-10383,C-1628,1
TA-10384,C-0345,2
TA-10385,C-0345,2
TA-10389,C-1628,1
TA-10390,C-1630,2
TA-10391,C-1632,2
TA-10392,C-1632,2
TA-10393,C-1630,2
TA-10394,C-1628,1
TA-10395,C-1628,2
TA-10396,C-1632,2
TA-10397,C-1846,1
TA-10398,C-1631,2
TA-10399,C-1631,1
TA-10400,C-1631,1
TA-10401,C-1386,2
TA-10402,C-1386,2
TA-10403,C-1645,1
TA-10404,C-0883,1
TA-10405,C-1631,1
TA-10406,C-1631,1
TA-10407,C-1628,2
TA-10408,C-1649,1
TA-10409,C-1649,1
TA-10410,C-1628,1
TA-10411,C-1649,1
TA-10412,C-1649,1
TA-10415,C-0579,2
TA-10416,C-0579,2
TA-10417,C-1846,1
TA-10418,C-1846,1
TA-10419,C-1846,2
TA-10420,C-0751,1
TA-10421,C-0751,1
TA-10422,C-1628,2
TA-10423,C-0807,1
TA-10424,C-0807,1
TA-10425,C-1630,2
TA-10426,C-1630,1
TA-10428,C-0008,1
TA-10429,C-0008,1
TA-10430,C-1633,1
TA-10431,C-1633,1
TA-10438,C-0749,1
TA-10449,C-1233,1
TA-10450,C-1628,2
TA-10451,C-1628,2
TA-10453,C-0808,1
TA-10454,C-2021,1
TA-10460,C-1628,1
TA-10461,C-1628,2
TA-10462,C-1628,2
TA-10463,C-1628,2
TA-10464,C-1628,2
TA-10466,C-0445,1
TA-10467,C-0071,2
TA-10468,C-0071,2
TA-10469,C-0804,1
TA-10471,C-1627,2
TA-10475,C-1629,1
TA-10476,C-1629,1
TA-10477,C-1629,1
TA-10478,C-1629,1
TA-10479,C-1233,1
TA-10480,C-1630,1
TA-10483,C-1628,2
TA-10484,C-1627,2
TA-10485,C-1631,1
TA-10487,C-1497,2
TA-10488,C-1629,1
TA-10489,C-0580,2
TA-10490,C-0580,2
TA-10494,C-1628,1
TA-10495,C-1627,1
TA-10496,C-1628,1
TA-10501,C-1629,1
TA-10502,C-1629,1
TA-10503,C-1629,1
TA-10504,C-1631,1
TA-10505,C-1631,1
TA-10506,C-1631,1
TA-10507,C-1629,2
TA-10508,C-1629,2
TA-10509,C-1846,2
TA-10510,C-1846,2
TA-10511,C-1628,2
TA-10512,C-1628,2
TA-10513,C-1628,2
TA-10514,C-1846,2
TA-10515,C-1846,2
TA-10517,C-0449,1
TA-10518,C-1655,1
TA-10519,C-1632,1
TA-10520,C-1632,1
TA-10521,C-1628,1
TA-10522,C-1628,1
TA-10523,C-0074,1
TA-10524,C-0074,1
TA-10525,C-0546,1
TA-10526,C-0221,1
TA-10527,C-0221,1
TA-10528,C-0221,1
TA-10529,C-0220,1
TA-10530,C-0221,1
TA-10531,C-0220,1
TA-10532,C-1628,2
TA-10533,C-1629,2
TA-10534,C-1629,1
TA-10535,C-1629,2
TA-10536,C-1632,1
TA-10537,C-1632,1
TA-10538,C-0579,2
TA-10539,C-0579,2
TA-10542,C-1846,2
TA-10546,C-1628,2
TA-10548,C-1628,1
TA-10549,C-0808,1
TA-10550,C-0808,1
TA-10555,C-1629,2
TA-10556,C-1629,2
TA-10557,C-1629,1
TA-10558,C-1629,1
TA-10559,C-1630,2
TA-10562,C-1628,2
TA-10563,C-1629,1
TA-10565,C-0269,1
TA-10566,C-1632,2
TA-10567,C-1631,2
TA-10568,C-1625,1
TA-10569,C-1632,2
TA-10570,C-1632,2
TA-10571,C-1632,2
TA-10572,C-1632,2
TA-10573,C-1632,1
TA-10574,C-1632,1
TA-10577,C-0345,2
TA-10578,C-0345,2
TA-10579,C-1629,2
TA-10580,C-1638,1
TA-10581,C-1638,1
TA-10582,C-1628,2
TA-10583,C-1846,2
TA-10584,C-1630,2
TA-10585,C-1630,1
TA-10588,C-1628,2
TA-10589,C-1846,2
TA-10590,C-1846,1
TA-10591,C-1846,2
TA-10592,C-1846,2
TA-10593,C-1846,2
TA-10594,C-1628,2
TA-10595,C-1628,2
TA-10596,C-1632,2
TA-10597,C-1632,2
TA-10598,C-1625,1
TA-10599,C-1625,1
TA-10600,C-1625,1
TA-10601,C-0580,2
TA-10602,C-1630,1
TA-10603,C-1630,1
TA-10604,C-1630,1
TA-10605,C-1630,1
TA-10606,C-1630,1
TA-10607,C-1630,1
TA-10608,C-1630,1
TA-10609,C-1630,1
TA-10610,C-1630,2
TA-10611,C-1630,1
TA-10612,C-1630,1
TA-10616,C-1631,1
TA-10619,C-1632,2
TA-10620,C-1632,2
TA-10623,C-1628,2
TA-10626,C-1625,1
TA-10627,C-1625,1
TA-10628,C-0102,2
TA-10629,C-0102,2
TA-10630,C-0102,2
TA-10632,C-0579,2
TA-10633,C-2030,2
TA-10634,C-2030,2
TA-10635,C-2030,2
TA-10636,C-2030,2
TA-10637,C-1359,1
TA-10638,C-1628,2
TA-10639,C-1632,1
TA-10640,C-1632,1
TA-10641,C-1649,1
TA-10642,C-1244,2
TA-10643,C-1244,2
TA-10645,C-1630,1
TA-10646,C-1630,2
TA-10647,C-1630,1
TA-10648,C-1630,1
TA-10649,C-1630,1
TA-10650,C-1630,1
TA-10651,C-1630,2
TA-10652,C-1630,1
TA-10653,C-1630,2
TA-10654,C-1630,1
TA-10655,C-1630,1
TA-10656,C-1630,2
TA-10657,C-1630,1
TA-10658,C-1630,1
TA-10659,C-1630,1
TA-10660,C-1630,2
TA-10661,C-0217,1
TA-10662,C-0217,1
TA-10663,C-1630,2
TA-10664,C-1630,2
TA-10665,C-1630,2
TA-10666,C-1630,1
TA-10667,C-0217,1
TA-10668,C-1630,1
TA-10669,C-1630,1
TA-10670,C-1630,1
TA-10671,C-1630,1
TA-10672,C-0211,1
TA-10673,C-1630,2
TA-10674,C-1630,1
TA-10675,C-1630,1
TA-10676,C-1630,2
TA-10677,C-1630,2
TA-10678,C-1630,2
TA-10679,C-1630,1
TA-10680,C-1630,2
TA-10681,C-1630,1
TA-10682,C-1630,1
TA-10683,C-1630,2
TA-10684,C-1630,1
TA-10685,C-1630,1
TA-10686,C-1630,1
TA-10687,C-1630,2
TA-10688,C-1629,1
TA-10689,C-1629,1
TA-10690,C-1631,2
TA-10691,C-1629,1
TA-10692,C-1629,1
TA-10693,C-1244,2
TA-10696,C-1625,1
TA-10697,C-1625,1
TA-10698,C-1632,1
TA-10699,C-1632,1
TA-10700,C-1632,1
TA-10701,C-1632,1
TA-10702,C-0806,1
TA-10703,C-0806,1
TA-10704,C-0449,1
TA-10707,C-2002,1
TA-10708,C-2032,1
TA-10709,C-0345,2
TA-10712,C-0580,2
TA-10713,C-0580,2
TA-10714,C-1632,2
TA-10715,C-1632,1
TA-10716,C-1846,2
TA-10717,C-1846,2
TA-10718,C-1846,2
TA-10719,C-1846,2
TA-10720,C-1629,2
TA-10721,C-1629,2
TA-10722,C-1629,2
TA-10723,C-1629,2
TA-10724,C-1629,2
TA-10725,C-1629,2
TA-10726,C-1629,2
TA-10727,C-1629,2
TA-10728,C-1629,2
TA-10729,C-1629,2
TA-10730,C-1628,1
TA-10731,C-1846,2
TA-10732,C-0445,2
TA-10733,C-0445,2
TA-10734,C-1632,1
TA-10736,C-1629,1
TA-10738,C-1630,2
TA-10739,C-1244,2
TA-10740,C-0244,1
TA-10741,C-1633,2
TA-10742,C-1846,2
TA-10743,C-1846,2
TA-10744,C-1629,1
TA-10747,C-0580,2
TA-10748,C-1631,2
TA-10749,C-1244,2
TA-10750,C-1244,2
TA-10751,C-1632,2
TA-10752,C-1497,2
TA-10753,C-1629,1
TA-10755,C-0715,1
TA-10756,C-0580,2
TA-10757,C-0445,1
TA-10760,C-1631,2
TA-10761,C-1631,2
TA-10762,C-1632,1
TA-10764,C-1628,2
TA-10765,C-1628,2
TA-10766,C-1628,2
TA-10767,C-1628,2
TA-10768,C-0580,2
TA-10769,C-0580,2
TA-10770,C-0580,2
TA-10773,C-1622,1
TA-10774,C-1629,2
TA-10776,C-1499,1
TA-10777,C-1421,2
TA-10778,C-1421,2
TA-10780,C-0445,1
TA-10781,C-1848,1
TA-10782,C-0445,1
TA-10783,C-1848,1
TA-10790,C-1244,2
TA-10806,C-1629,2
TA-10807,C-1628,2
TA-10808,C-1627,2
TA-10809,C-1502,1
TA-10810,C-1630,2
TA-10811,C-1630,2
TA-10812,C-1629,1
TA-10813,C-1630,1
TA-10814,C-1629,1
TA-10815,C-1628,2
TA-10816,C-1628,2
TA-10817,C-1622,1
TA-10818,C-1631,2
TA-10819,C-1631,2
TA-10820,C-1622,1
TA-10821,C-1632,1
TA-10822,C-1627,2
TA-10823,C-0835,1
TA-10824,C-0835,1
TA-10826,C-0449,2
TA-10827,C-1244,2
TA-10828,C-1244,2
TA-10834,C-1846,2
TA-10835,C-1629,1
TA-10836,C-1631,1
TA-10838,C-1621,1
TA-10839,C-1632,1
TA-10840,C-0449,1
TA-10841,C-1632,1
TA-10842,C-1632,1
TA-10843,C-1621,1
TA-10844,C-1628,1
TA-10845,C-1632,1
TA-10846,C-1632,1
TA-10847,C-1632,1
TA-10848,C-1632,1
TA-10849,C-1628,1
TA-10850,C-0449,2
TA-10852,C-1629,1
TA-10853,C-1632,1
TA-10854,C-1632,1
TA-10855,C-1632,1
TA-10856,C-1632,1
TA-10857,C-1632,1
TA-10858,C-1631,2
TA-10859,C-1631,2
TA-10861,C-1631,1
TA-10862,C-1631,2
TA-10863,C-1628,1
TA-10864,C-1631,1
TA-10865,C-0493,1
TA-10866,C-0493,1
TA-10867,C-1244,2
TA-10872,C-1631,1
TA-10873,C-1631,1
TA-10874,C-1631,1
TA-10875,C-1631,1
TA-10876,C-1628,2
TA-10877,C-1244,2
TA-10878,C-0449,2
TA-10880,C-1628,1
TA-10882,C-0498,1
TA-10883,C-1629,1
TA-10884,C-1643,1
TA-10885,C-0572,1
TA-10886,C-0573,2
TA-10887,C-1630,1
TA-10888,C-1632,1
TA-10889,C-1244,2
TA-10891,C-0498,2
TA-10894,C-1631,1
TA-10895,C-0502,2
TA-10896,C-1650,1
TA-10897,C-1633,1
TA-10898,C-1650,1
TA-10899,C-1629,1
TA-10900,C-0449,2
TA-10901,C-0449,2
TA-10902,C-0449,2
TA-10904,C-0449,2
TA-10913,C-1244,2
TA-10914,C-1244,2
TA-10915,C-1846,2
TA-10916,C-1244,2
TA-10917,C-1244,2
TA-10918,C-1244,2
TA-10919,C-1244,2
TA-10920,C-1244,2
TA-10921,C-1244,2
TA-10923,C-0449,2
TA-10924,C-0449,2
TA-10925,C-0449,2
TA-10926,C-0449,2
TA-10931,C-1421,1
TA-10932,C-1421,1
TA-10937,C-1244,2
TA-10944,C-1244,2
TA-10945,C-1846,2
TA-10946,C-1846,2
TA-10957,C-1244,2
TA-10958,C-1244,2
TA-10959,C-1244,2
TA-10960,C-1244,2
TA-10962,C-0004,2
TA-10963,C-0004,2
TA-10964,C-0004,2
TA-10970,C-1244,2
TA-10971,C-1244,2
TA-10972,C-0449,2
TA-10973,C-0449,2
TA-10974,C-0449,2
TA-10975,C-1244,2
TA-10976,C-1244,2
TA-10977,C-1244,2
TA-10978,C-1244,2
TA-10979,C-0449,2
TA-10980,C-1244,2
TA-10981,C-1244,2
TA-10982,C-0449,2
TA-10983,C-1244,2
TA-10984,C-0004,2
TA-10985,C-0004,2
TA-10986,C-1807,1
TA-10991,C-1244,2
TA-10992,C-1846,2
TA-10994,C-1846,2
TA-10995,C-1846,2
TA-10997,C-1846,2
TA-10998,C-1421,2
TA-10999,C-1421,2
TA-11000,C-1421,2
TA-11001,C-1421,2
TA-11002,C-1421,2
TA-11003,C-1421,2
TA-11004,C-1244,2
TA-11005,C-1244,2
TA-11006,C-1244,2
TA-11007,C-1244,2
TA-11008,C-1244,2
TA-11009,C-1846,2
TA-11010,C-1421,2
TA-11011,C-0003,2
TA-11012,C-1850,1
TA-11013,C-1421,2
TA-11014,C-1244,2
TA-11015,C-1846,2
TA-11016,C-1846,2
TA-11017,C-1846,2
TA-11018,C-1846,2
TA-11020,C-1421,2
TA-11021,C-1421,2
TA-11022,C-1421,2
TA-11023,C-1244,2
TA-11024,C-1244,2
TA-11029,C-1244,2
TA-11030,C-1244,2
TA-11031,C-1421,1
TA-11032,C-1421,2
TA-11033,C-1846,2
TA-11035,C-1846,2
TA-11036,C-1244,2
TA-11037,C-1244,2
TA-11040,C-1244,2
TA-11041,C-1244,2
TA-11042,C-1244,2
TA-11043,C-1233,1
TA-11044,C-1244,2
TA-11045,C-1244,2
TA-11046,C-0449,1
TA-11047,C-1421,2
TA-11048,C-1421,2
TA-11049,C-1421,2
TA-11050,C-1421,2
TA-11051,C-1244,2
TA-11052,C-1846,2
TA-11053,C-1846,2
TA-11054,C-1244,2
TA-11055,C-1244,2
TA-11056,C-1244,2
TA-11058,C-1846,2
TA-11060,C-0449,2
TA-11061,C-0449,2
TA-11062,C-1421,2
TA-11063,C-1846,2
TA-11064,C-0445,1
TA-11065,C-0445,1
TA-11066,C-0445,1
TA-11067,C-1846,2
TA-11068,C-1244,2
TA-11069,C-1846,2
TA-11072,C-0445,1
TA-11074,C-1629,1
TA-11075,C-0445,2
TA-11077,C-1439,2
TA-11078,C-1439,2
TA-11079,C-1439,2
TA-11080,C-1439,2
TA-11081,C-1439,2
TA-11082,C-1439,2
TA-11083,C-1244,2
TA-11084,C-1243,1
TA-11085,C-1244,2
TA-11091,C-1756,2
TA-11092,C-1756,2
TA-11093,C-1756,2
TA-11094,C-1756,2
TA-11095,C-1756,2
TA-11096,C-1756,2
TA-11097,C-1756,2
TA-11098,C-1756,2
TA-11099,C-1756,2
TA-11100,C-1629,1
TA-11101,C-1629,1
TA-11102,C-0579,2
TA-11103,C-0579,2
TA-11104,C-1632,1
TA-11105,C-1632,1
TA-11113,C-1631,2
TA-11114,C-0579,2
TA-11115,C-1846,1
TA-11116,C-1846,1
TA-11117,C-1846,2
TA-11118,C-1846,2
TA-11119,C-1846,1
TA-11120,C-1846,1
TA-11121,C-1745,1
TA-11122,C-1630,1
TA-11123,C-1630,2
TA-11124,C-1630,1
TA-11127,C-1846,1
TA-11131,C-1846,2
TA-11132,C-1846,2
TA-11133,C-1846,2
TA-11134,C-1846,2
TA-11135,C-1846,1
TA-11136,C-1846,1
TA-11137,C-1630,1
TA-11138,C-1630,2
TA-11139,C-1630,1
TA-11140,C-1630,1
TA-11141,C-1630,1
TA-11142,C-1630,1
TA-11143,C-1630,1
TA-11144,C-1630,1
TA-11145,C-1630,1
TA-11146,C-1630,1
TA-11147,C-1630,1
TA-11148,C-1631,2
TA-11149,C-1846,2
TA-11151,C-0203,1
TA-11152,C-1629,1
TA-11153,C-1629,1
TA-11154,C-1631,1
TA-11156,C-1244,2
TA-11157,C-1244,2
TA-11158,C-1244,2
TA-11159,C-0449,1
TA-11162,C-1846,1
TA-11163,C-1627,1
TA-11164,C-0004,1
TA-11165,C-1627,1
TA-11166,C-1846,1
TA-11167,C-1846,1
TA-11168,C-1846,1
TA-11169,C-1628,1
TA-11170,C-1628,1
TA-11171,C-1386,2
TA-11172,C-1386,2
TA-11173,C-1386,2
TA-11174,C-1386,2
TA-11175,C-1216,1
TA-11176,C-1846,2
TA-11177,C-1386,2
TA-11178,C-1386,2
TA-11179,C-1386,2
TA-11180,C-1386,2
TA-11181,C-0071,2
TA-11182,C-0071,1
TA-11183,C-0071,1
TA-11184,C-0071,1
TA-11185,C-0071,1
TA-11186,C-1631,2
TA-11187,C-1631,2
TA-11188,C-1628,2
TA-11190,C-1629,1
TA-11191,C-1629,1
TA-11192,C-1628,2
TA-11193,C-1628,2
TA-11194,C-1244,1
TA-11195,C-0449,1
TA-11196,C-1846,2
TA-11197,C-1846,2
TA-11198,C-1846,2
TA-11199,C-1846,2
TA-11201,C-1630,2
TA-11202,C-1846,2
TA-11203,C-1244,2
TA-11205,C-1481,1
TA-11206,C-1483,1
TA-11207,C-1846,1
TA-11208,C-1629,1
TA-11209,C-1631,1
TA-11210,C-1628,2
TA-11211,C-1846,2
TA-11212,C-1846,1
TA-11213,C-1846,2
TA-11214,C-1628,2
TA-11215,C-1629,2
TA-11216,C-1629,2
TA-11217,C-1588,1
TA-11218,C-1630,1
TA-11219,C-1630,1
TA-11220,C-1244,2
TA-11221,C-1244,2
TA-11222,C-1629,2
TA-11226,C-1781,1
TA-11227,C-1781,1
TA-11228,C-1846,2
TA-11229,C-1846,2
TA-11234,C-1628,2
TA-11235,C-1629,2
TA-11236,C-1629,2
TA-11239,C-1628,2
TA-11240,C-1628,2
TA-11241,C-1628,1
TA-11242,C-1628,1
TA-11243,C-1628,2
TA-11244,C-0762,1
TA-11245,C-1632,1
TA-11246,C-1846,2
TA-11247,C-1846,2
TA-11248,C-0579,2
TA-11249,C-1642,1
TA-11250,C-1625,1
TA-11251,C-1625,1
TA-11252,C-1635,1
TA-11253,C-1635,1
TA-11254,C-0751,1
TA-11255,C-0751,1
TA-11256,C-0751,1
TA-11257,C-0751,1
TA-11258,C-0751,1
TA-11261,C-2019,2
TA-11262,C-0270,1
TA-11263,C-1846,2
TA-11265,C-1631,2
TA-11266,C-1631,2
TA-11267,C-0449,2
TA-11268,C-0421,1
TA-11269,C-0340,1
TA-11270,C-0340,1
TA-11271,C-1244,2
TA-11274,C-1421,2
TA-11275,C-1421,2
TA-11276,C-2036,2
TA-11277,C-2037,1
TA-11278,C-1628,2
TA-11279,C-1628,2
TA-11280,C-1761,1
TA-11281,C-1761,1
TA-11282,C-1477,1
TA-11283,C-1628,1
TA-11284,C-1630,1
TA-11285,C-1632,1
TA-11286,C-1244,2
TA-11291,C-1770,1
TA-11292,C-0016,1
TA-11293,C-0016,1
TA-11294,C-1846,2
TA-11295,C-1628,2
TA-11297,C-1629,1
TA-11298,C-1631,1
TA-11299,C-1631,1
TA-11306,C-1244,2
TA-11307,C-0863,1
TA-11308,C-1629,2
TA-11309,C-1629,1
TA-11310,C-0863,1
TA-11312,C-1628,2
TA-11313,C-1628,2
TA-11314,C-1628,2
TA-11315,C-1628,2
TA-11316,C-1628,2
TA-11317,C-1631,2
TA-11318,C-1630,1
TA-11319,C-1631,1
TA-11320,C-1631,1
TA-11321,C-1867,1
TA-11322,C-1867,1
TA-11323,C-1867,1
TA-11325,C-1628,2
TA-11326,C-1628,2
TA-11328,C-1846,1
TA-11329,C-1846,1
TA-11330,C-1628,2
TA-11337,C-1632,1
TA-11338,C-1846,2
TA-11339,C-1629,1
TA-11342,C-0863,1
TA-11348,C-1244,2
TA-11349,C-1632,2
TA-11350,C-1632,2
TA-11353,C-1631,2
TA-11354,C-1631,2
TA-11355,C-1244,1
TA-11356,C-1244,1
TA-11357,C-1631,2
TA-11358,C-1244,2
TA-11359,C-0449,2
TA-11360,C-1628,2
TA-11361,C-0202,1
TA-11363,C-1630,2
TA-11366,C-1846,1
TA-11367,C-1846,2
TA-11368,C-1846,1
TA-11369,C-1846,2
TA-11370,C-1846,2
TA-11371,C-1632,1
TA-11372,C-1628,2
TA-11373,C-0745,1
TA-11375,C-0449,2
TA-11376,C-0449,1
TA-11377,C-0449,1
TA-11378,C-0001,2
TA-11379,C-0449,2
TA-11382,C-0580,2
TA-11383,C-1632,2
TA-11384,C-1632,2
TA-11385,C-1629,2
TA-11388,C-1867,2
TA-11389,C-1867,2
TA-11390,C-1628,1
TA-11391,C-0876,1
TA-11392,C-0876,1
TA-11393,C-0250,1
TA-11394,C-0250,1
TA-11398,C-1846,2
TA-11399,C-1635,2
TA-11400,C-1628,1
TA-11401,C-1628,2
TA-11402,C-1628,2
TA-11403,C-1386,2
TA-11404,C-1386,2
TA-11405,C-0445,1
TA-11407,C-0751,1
TA-11408,C-0751,1
TA-11411,C-1421,2
TA-11413,C-1629,2
TA-11414,C-1629,2
TA-11415,C-1629,1
TA-11416,C-1629,1
TA-11417,C-1629,1
TA-11418,C-1629,1
TA-11419,C-1628,1
TA-11420,C-1633,2
TA-11421,C-1633,2
TA-11428,C-0783,1
TA-11430,C-1628,1
TA-11431,C-1628,1
TA-11436,C-0449,2
TA-11437,C-0579,2
TA-11438,C-1629,2
TA-11440,C-1629,1
TA-11441,C-1629,1
TA-11442,C-1629,1
TA-11444,C-1846,1
TA-11445,C-1846,1
TA-11446,C-1846,1
TA-11447,C-1244,1
TA-11448,C-1846,1
TA-11449,C-1846,1
TA-11450,C-0862,1
TA-11455,C-0579,2
TA-11456,C-0579,2
TA-11457,C-1846,1
TA-11458,C-1846,1
TA-11459,C-1846,1
TA-11460,C-1846,2
TA-11461,C-1846,2
TA-11462,C-1631,2
TA-11463,C-1631,2
TA-11464,C-1631,1
TA-11465,C-1629,2
TA-11466,C-1629,2
TA-11467,C-1628,1
TA-11468,C-1632,1
TA-11469,C-1631,2
TA-11470,C-1631,2
TA-11471,C-1631,2
TA-11474,C-0449,2
TA-11475,C-1846,2
TA-11476,C-1628,2
TA-11477,C-1846,2
TA-11478,C-1244,2
TA-11479,C-1846,2
TA-11480,C-1846,2
TA-11481,C-1846,2
TA-11483,C-0580,2
TA-11485,C-1628,2
TA-11486,C-1622,1
TA-11487,C-1628,2
TA-11488,C-1623,1
TA-11489,C-1846,2
TA-11490,C-1846,2
TA-11491,C-1628,2
TA-11492,C-1627,1
TA-11494,C-1627,1
TA-11495,C-1627,1
TA-11496,C-1627,2
TA-11497,C-1627,2
TA-11498,C-1627,2
TA-11499,C-1627,2
TA-11500,C-1627,1
TA-11501,C-1627,1
TA-11502,C-1627,1
TA-11503,C-1627,1
TA-11505,C-1627,1
TA-11506,C-1627,1
TA-11507,C-1629,2
TA-11508,C-1627,2
TA-11509,C-1629,2
TA-11510,C-1627,1
TA-11511,C-1627,1
TA-11512,C-1629,2
TA-11513,C-1627,2
TA-11514,C-1627,2
TA-11515,C-1244,2
TA-11516,C-1244,2
TA-11517,C-1244,2
TA-11518,C-1244,2
TA-11519,C-1244,2
TA-11520,C-1244,2
TA-11523,C-1629,2
TA-11524,C-1496,2
TA-11525,C-1631,2
TA-11526,C-1631,2
TA-11527,C-1627,2
TA-11528,C-1632,1
TA-11529,C-1631,2
TA-11530,C-0275,1
TA-11531,C-1631,1
TA-11534,C-1421,2
TA-11535,C-1628,2
TA-11536,C-1628,2
TA-11537,C-0580,2
TA-11538,C-0580,2
TA-11539,C-0579,2
TA-11540,C-0580,2
TA-11541,C-0580,2
TA-11542,C-0579,2
TA-11545,C-1632,1
TA-11550,C-1629,1
TA-11551,C-1629,1
TA-11552,C-1629,1
TA-11553,C-1629,1
TA-11554,C-1629,1
TA-11556,C-0520,1
TA-11558,C-1632,2
TA-11559,C-1846,1
TA-11560,C-1846,1
TA-11564,C-1631,1
TA-11566,C-1632,2
TA-11567,C-1632,1
TA-11568,C-0579,2
TA-11569,C-0579,2
TA-11570,C-0580,2
TA-11571,C-1630,1
TA-11572,C-1629,2
TA-11573,C-1629,2
TA-11574,C-1629,1
TA-11575,C-1629,2
TA-11577,C-1244,2
TA-11578,C-1846,2
TA-11579,C-1846,2
TA-11580,C-1846,2
TA-11581,C-1628,2
TA-11582,C-1628,1
TA-11583,C-1846,2
TA-11584,C-1629,1
TA-11585,C-1622,1
TA-11586,C-1846,2
TA-11587,C-0449,2
TA-11588,C-1244,2
TA-11589,C-1629,1
TA-11590,C-1631,2
TA-11591,C-1631,2
TA-11593,C-1615,1
TA-11594,C-1628,2
TA-11595,C-0268,1
TA-11599,C-1244,2
TA-11600,C-1867,1
TA-11602,C-1244,2
TA-11603,C-0001,1
TA-11605,C-0449,2
TA-11606,C-1421,2
TA-11607,C-1421,2
TA-11608,C-1632,1
TA-11609,C-1631,2
TA-11610,C-1631,2
TA-11611,C-1631,2
TA-11612,C-1631,2
TA-11613,C-1631,2
TA-11614,C-1631,2
TA-11615,C-1421,2
TA-11616,C-1421,2
TA-11617,C-1421,2
TA-11618,C-1421,2
TA-11621,C-1421,2
TA-11622,C-1421,2
TA-11623,C-1629,2
TA-11624,C-1867,1
TA-11625,C-1631,2
TA-11627,C-0579,2
TA-11628,C-0580,2
TA-11629,C-0580,2
TA-11630,C-0580,2
TA-11633,C-1628,2
TA-11634,C-1632,1
TA-11636,C-1421,2
TA-11637,C-0001,1
TA-11639,C-1631,1
TA-11640,C-1631,1
TA-11641,C-1629,1
TA-11642,C-1629,1
TA-11646,C-1630,2
TA-11647,C-1631,1
TA-11648,C-1631,2
TA-11649,C-1631,2
TA-11650,C-1631,2
TA-11651,C-1631,2
TA-11652,C-1641,1
TA-11653,C-1631,2
TA-11654,C-1641,1
TA-11655,C-1631,2
TA-11657,C-1630,2
TA-11659,C-1630,2
TA-11661,C-1244,1
TA-11662,C-1629,1
TA-11663,C-1629,1
TA-11664,C-1216,1
TA-11665,C-1478,1
TA-11666,C-1629,1
TA-11669,C-1629,1
TA-11670,C-1627,2
TA-11671,C-1386,2
TA-11672,C-1386,2
TA-11673,C-1386,2
TA-11674,C-1386,2
TA-11675,C-1386,2
TA-11676,C-1386,2
TA-11677,C-0449,2
TA-11678,C-1645,1
TA-11679,C-1421,2
TA-11681,C-0580,2
TA-11682,C-0580,2
TA-11683,C-0580,2
TA-11684,C-0580,2
TA-11685,C-0095,2
TA-11686,C-0095,2
TA-11690,C-1421,2
TA-11693,C-1927,1
TA-11694,C-1630,2
TA-11695,C-1630,1
TA-11696,C-1630,2
TA-11697,C-1632,2
TA-11698,C-0580,2
TA-11700,C-1421,2
TA-11701,C-1628,1
TA-11702,C-1628,1
TA-11703,C-1421,1
TA-11706,C-0095,2
TA-11708,C-1629,2
TA-11709,C-0580,2
TA-11715,C-1632,2
TA-11716,C-1630,2
TA-11717,C-1628,2
TA-11718,C-1629,2
TA-11720,C-1629,1
TA-11721,C-1629,1
TA-11722,C-1632,2
TA-11723,C-1630,2
TA-11724,C-1233,1
TA-11725,C-1630,1
TA-11726,C-1630,1
TA-11727,C-1630,1
TA-11728,C-1632,2
TA-11729,C-1630,2
TA-11731,C-0445,2
TA-11732,C-1421,2
TA-11733,C-1846,2
TA-11734,C-1421,2
TA-11735,C-1386,2
TA-11736,C-1386,2
TA-11737,C-1632,1
TA-11738,C-1632,1
TA-11739,C-0580,1
TA-11740,C-0580,1
TA-11741,C-1631,2
TA-11742,C-1631,2
TA-11743,C-2005,1
TA-11744,C-1631,1
TA-11747,C-1421,2
TA-11748,C-1421,2
TA-11749,C-1421,2
TA-11750,C-1629,2
TA-11751,C-1631,1
TA-11752,C-1631,1
TA-11753,C-1631,1
TA-11754,C-1631,1
TA-11755,C-1631,2
TA-11756,C-1631,2
TA-11757,C-1421,2
TA-11758,C-1421,2
TA-11759,C-1631,1
TA-11760,C-1631,1
TA-11761,C-1631,1
TA-11762,C-1631,1
TA-11763,C-1846,2
TA-11766,C-1629,2
TA-11767,C-1629,2
TA-11768,C-1629,2
TA-11769,C-1629,2
TA-11771,C-1846,2
TA-11777,C-1631,2
TA-11781,C-1628,2
TA-11783,C-1631,1
TA-11784,C-1631,1
TA-11786,C-1630,1
TA-11787,C-1631,1
TA-11788,C-1630,1
TA-11789,C-1630,2
TA-11790,C-1631,2
TA-11791,C-1630,1
TA-11792,C-1629,2
TA-11793,C-0102,2
TA-11794,C-0102,2
TA-11795,C-1867,1
TA-11796,C-1867,1
TA-11797,C-0600,1
TA-11798,C-1630,1
TA-11799,C-1628,1
TA-11800,C-1628,1
TA-11803,C-1631,2
TA-11804,C-1631,2
TA-11805,C-1631,1
TA-11806,C-1631,1
TA-11807,C-1421,2
TA-11808,C-1421,2
TA-11809,C-1629,2
TA-11810,C-1421,1
TA-11812,C-1244,2
TA-11813,C-1243,1
TA-11814,C-1386,2
TA-11815,C-1386,2
TA-11816,C-1386,2
TA-11817,C-1386,2
TA-11818,C-1386,2
TA-11819,C-0800,1
TA-11820,C-1631,2
TA-11821,C-1630,2
TA-11822,C-1630,2
TA-11823,C-1630,2
TA-11824,C-1629,2
TA-11825,C-1628,1
TA-11826,C-1631,2
TA-11827,C-1631,2
TA-11837,C-1628,1
TA-11838,C-1628,1
TA-11839,C-1386,2
TA-11840,C-1386,2
TA-11842,C-0165,1
TA-11844,C-1628,2
TA-11845,C-1420,1
TA-11849,C-1638,1
TA-11850,C-1631,2
TA-11852,C-1630,2
TA-11853,C-1629,2
TA-11854,C-1629,2
TA-11855,C-1629,2
TA-11856,C-1629,2
TA-11857,C-1629,1
TA-11858,C-0001,1
TA-11859,C-1632,2
TA-11860,C-1629,1
TA-11861,C-1631,2
TA-11863,C-1244,1
TA-11865,C-1244,1
TA-11866,C-1846,2
TA-11867,C-1628,2
TA-11868,C-1846,2
TA-11869,C-1846,2
TA-11870,C-0895,1
TA-11873,C-0074,1
TA-11874,C-1781,1
TA-11878,C-0796,1
TA-11881,C-1846,2
TA-11882,C-0074,1
TA-11883,C-0074,1
TA-11884,C-0072,1
TA-11885,C-0072,1
TA-11886,C-1628,2
TA-11887,C-1628,4
TA-11889,C-1632,1
TA-11890,C-1632,1
TA-11891,C-0421,1
TA-11892,C-0421,1
TA-11894,C-1781,1
TA-11895,C-1792,1
TA-11896,C-1628,2
TA-11897,C-1631,2
TA-11898,C-1654,2
TA-11899,C-1628,1
TA-11900,C-1628,2
TA-11901,C-1628,1
TA-11903,C-0579,2
TA-11904,C-1632,1
TA-11906,C-1629,1
TA-11908,C-1846,2
TA-11909,C-0143,1
TA-11910,C-1244,2
TA-11911,C-1632,1
TA-11912,C-1632,2
TA-11913,C-1629,1
TA-11914,C-1629,2
TA-11916,C-1628,2
TA-11917,C-1628,2
TA-11918,C-1632,1
TA-11920,C-1936,1
TA-11921,C-1936,1
TA-11922,C-1630,1
TA-11923,C-1936,1
TA-11924,C-1628,2
TA-11925,C-1846,2
TA-11927,C-1632,2
TA-11929,C-1244,1
TA-11931,C-0329,1
TA-11932,C-0329,1
TA-11934,C-1631,1
TA-11935,C-1631,1
TA-11936,C-1629,1
TA-11937,C-1629,4
TA-11938,C-1707,1
TA-11939,C-1629,2
TA-11941,C-1647,1
TA-11943,C-1647,1
TA-11945,C-1628,1
TA-11946,C-1628,2
TA-11947,C-1627,1
TA-11948,C-1627,1
TA-11949,C-1627,1
TA-11950,C-1628,2
TA-11951,C-1628,1
TA-11952,C-1638,1
TA-11955,C-1215,1
TA-11956,C-1216,1
TA-11959,C-1632,1
TA-11960,C-1628,2
TA-11963,C-0345,2
TA-11964,C-0345,2
TA-11965,C-0580,2
TA-11966,C-0580,2
TA-11967,C-0749,1
TA-11969,C-1628,2
TA-11970,C-1631,1
TA-11972,C-1629,2
TA-11973,C-1631,2
TA-11974,C-0445,2
TA-11975,C-0445,2
TA-11976,C-0580,2
TA-11977,C-1630,2
TA-11978,C-1630,1
TA-11979,C-1244,2
TA-11980,C-1631,2
TA-11987,C-1631,2
TA-11988,C-1846,2
TA-11989,C-0449,2
TA-11990,C-0449,2
TA-11991,C-2032,1
TA-11992,C-1631,1
TA-11993,C-1631,1
TA-11995,C-1631,2
TA-11996,C-1631,2
TA-11997,C-1629,1
TA-11998,C-0580,2
TA-11999,C-0580,2
TA-12000,C-0095,2
TA-12017,C-1846,2
TA-12018,C-1846,2
TA-12019,C-0655,1
TA-12020,C-1628,1
TA-12021,C-1628,1
TA-12022,C-1739,1
TA-12023,C-1628,1
TA-12024,C-2004,1
TA-12025,C-1629,1
TA-12026,C-1629,1
TA-12027,C-1960,1
TA-12028,C-1960,1
TA-12029,C-1627,2
TA-12030,C-1627,2
TA-12032,C-1632,1
TA-12033,C-1386,2
TA-12034,C-1386,2
TA-12035,C-1846,2
TA-12036,C-1846,2
TA-12037,C-1632,2
TA-12038,C-1632,1
TA-12039,C-0751,1
TA-12040,C-0790,1
TA-12041,C-1846,2
TA-12042,C-1628,2
TA-12043,C-1628,2
TA-12044,C-1629,2
TA-12045,C-0449,1
TA-12047,C-1632,1
TA-12048,C-1633,2
TA-12049,C-1631,1
TA-12051,C-1629,1
TA-12052,C-1846,2
TA-12053,C-1846,2
TA-12054,C-1628,1
TA-12055,C-1628,1
TA-12056,C-1421,2
TA-12057,C-1846,2
TA-12058,C-1739,1
TA-12059,C-1739,1
TA-12060,C-1631,2
TA-12061,C-0800,1
TA-12064,C-1629,2
TA-12065,C-1632,1
TA-12066,C-1632,2
TA-12067,C-1630,1
TA-12068,C-1630,1
TA-12069,C-1630,1
TA-12070,C-1630,1
TA-12071,C-1630,1
TA-12072,C-1630,1
TA-12073,C-1739,1
TA-12076,C-1629,1
TA-12077,C-1629,1
TA-12078,C-1629,1
TA-12079,C-1622,1
TA-12080,C-1622,1
TA-12081,C-1622,1
TA-12082,C-1233,1
TA-12083,C-1808,1
TA-12084,C-1632,1
TA-12085,C-1629,2
TA-12086,C-1629,2
TA-12087,C-1643,1
TA-12091,C-1627,1
TA-12092,C-1627,1
TA-12093,C-1627,1
TA-12094,C-1627,1
TA-12095,C-1629,1
TA-12096,C-1629,1
TA-12097,C-1631,1
TA-12100,C-1631,2
TA-12101,C-1631,2
TA-12102,C-1631,2
TA-12103,C-1631,2
TA-12104,C-1630,1
TA-12105,C-1631,1
TA-12106,C-1631,1
TA-12107,C-1630,1
TA-12108,C-1633,1
TA-12110,C-1244,2
TA-12111,C-1846,2
TA-12113,C-1846,2
TA-12114,C-1846,2
TA-12115,C-1846,2
TA-12116,C-1846,2
TA-12117,C-1846,2
TA-12118,C-1846,2
TA-12119,C-1882,1
TA-12120,C-1846,1
TA-12121,C-1630,2
TA-12122,C-1624,1
TA-12128,C-1629,2
TA-12129,C-1628,2
TA-12130,C-1622,1
TA-12131,C-1630,1
TA-12132,C-1622,1
TA-12133,C-1629,2
TA-12134,C-1628,2
TA-12135,C-1628,2
TA-12136,C-1628,2
TA-12137,C-1628,2
TA-12138,C-1629,2
TA-12139,C-1623,1
TA-12140,C-1629,1
TA-12141,C-1631,2
TA-12142,C-1631,2
TA-12143,C-1631,2
TA-12144,C-1629,1
TA-12145,C-1628,2
TA-12146,C-1632,1
TA-12147,C-1632,2
TA-12148,C-1632,2
TA-12150,C-1631,2
TA-12151,C-1629,1
TA-12152,C-1846,2
TA-12153,C-1846,2
TA-12154,C-0580,2
TA-12155,C-1629,2
TA-12156,C-1629,2
TA-12157,C-1629,2
TA-12158,C-1629,2
TA-12163,C-1976,1
TA-12164,C-2027,2
TA-12165,C-1629,2
TA-12166,C-1629,2
TA-12167,C-1629,1
TA-12168,C-1629,1
TA-12171,C-1629,1
TA-12176,C-0445,2
TA-12177,C-0579,2
TA-12178,C-0580,2
TA-12180,C-0445,2
TA-12183,C-1907,1
TA-12184,C-0579,2
TA-12185,C-0580,2
TA-12186,C-1386,2
TA-12187,C-1628,2
TA-12188,C-1631,1
TA-12189,C-1628,1
TA-12190,C-1628,1
TA-12192,C-1628,1
TA-12193,C-1628,1
TA-12194,C-1421,2
TA-12195,C-1661,2
TA-12196,C-1411,1
TA-12197,C-1631,1
TA-12200,C-1629,2
TA-12201,C-2004,1
TA-12204,C-1629,1
TA-12207,C-1910,1
TA-12208,C-1632,2
TA-12211,C-1631,2
TA-12212,C-1629,1
TA-12213,C-1631,2
TA-12214,C-1631,2
TA-12215,C-1631,1
TA-12216,C-1631,2
TA-12217,C-1630,2
TA-12218,C-1630,1
TA-12221,C-1633,1
TA-12223,C-0445,1
TA-12224,C-0445,1
TA-12225,C-0449,1
TA-12228,C-1628,2
TA-12229,C-1628,2
TA-12230,C-0386,1
TA-12231,C-0621,1
TA-12232,C-1686,1
TA-12233,C-1628,2
TA-12236,C-1421,1
TA-12237,C-1631,2
TA-12239,C-1624,1
TA-12240,C-1631,1
TA-12243,C-1631,1
TA-12246,C-1846,2
TA-12247,C-1846,2
TA-12248,C-1244,1
TA-12249,C-1629,2
TA-12250,C-1629,2
TA-12251,C-1629,2
TA-12252,C-1629,2
TA-12253,C-1630,2
TA-12254,C-1628,2
TA-12255,C-1628,2
TA-12258,C-1421,2
TA-12259,C-1421,2
TA-12260,C-1631,1
TA-12261,C-1630,1
TA-12262,C-1630,1
TA-12263,C-1628,2
TA-12268,C-1632,1
TA-12270,C-1630,1
TA-12271,C-1631,1
TA-12272,C-1630,1
TA-12273,C-1630,1
TA-12274,C-1631,1
TA-12276,C-1386,2
TA-12277,C-1386,2
TA-12278,C-0095,2
TA-12279,C-1421,2
TA-12280,C-0579,2
TA-12281,C-1629,2
TA-12282,C-1629,2
TA-12284,C-1629,2
TA-12285,C-1386,2
TA-12286,C-1386,2
TA-12287,C-1630,2
TA-12289,C-0910,1
TA-12290,C-0910,1
TA-12291,C-1386,2
TA-12292,C-1386,2
TA-12294,C-1632,2
TA-12295,C-0580,2
TA-12297,C-1846,2
TA-12300,C-1628,1
TA-12301,C-1628,1
TA-12302,C-1628,1
TA-12303,C-1628,1
TA-12304,C-1628,1
TA-12306,C-1628,2
TA-12307,C-1628,2
TA-12308,C-1628,1
TA-12309,C-1628,1
TA-12310,C-0028,2
TA-12311,C-1628,1
TA-12315,C-0762,1
TA-12316,C-1628,2
TA-12317,C-1628,2
TA-12318,C-1628,2
TA-12319,C-1628,2
TA-12320,C-1628,2
TA-12321,C-1628,2
TA-12322,C-1628,2
TA-12323,C-1628,2
TA-12324,C-1628,2
TA-12325,C-1421,2
TA-12326,C-1421,2
TA-12327,C-1781,1
TA-12329,C-1632,2
TA-12330,C-1632,2
TA-12331,C-1632,2
TA-12332,C-1632,2
TA-12337,C-1632,1
TA-12340,C-0578,2
TA-12342,C-0580,2
TA-12343,C-1421,2
TA-12344,C-1386,2
TA-12345,C-1386,2
TA-12346,C-0232,1
TA-12347,C-1586,1
TA-12354,C-1244,2
TA-12355,C-1244,1
TA-12357,C-1625,1
TA-12359,C-1633,1
TA-12360,C-0071,2
TA-12361,C-0808,1
TA-12362,C-0804,1
TA-12363,C-0071,2
TA-12364,C-0134,1
TA-12365,C-0134,1
TA-12366,C-1627,2
TA-12367,C-1627,2
TA-12370,C-1846,1
TA-12371,C-1632,1
TA-12372,C-0910,1
TA-12373,C-0910,1
TA-12374,C-0910,1
TA-12375,C-0910,1
TA-12377,C-1631,2
TA-12378,C-1631,2
TA-12379,C-1631,2
TA-12380,C-1628,1
TA-12381,C-1628,1
TA-12382,C-1630,1
TA-12385,C-1909,1
TA-12387,C-0095,2
TA-12388,C-0752,1
TA-12391,C-1628,1
TA-12392,C-1628,1
TA-12393,C-1631,2
TA-12394,C-0071,1
TA-12395,C-1631,2
TA-12396,C-1846,2
TA-12397,C-1846,2
TA-12398,C-1846,2
TA-12399,C-0580,2
TA-12400,C-0095,2
TA-12401,C-1630,2
TA-12402,C-1630,2
TA-12403,C-1630,2
TA-12404,C-1630,2
TA-12405,C-1631,2
TA-12406,C-1631,2
TA-12407,C-1846,2
TA-12408,C-1244,1
TA-12409,C-1244,1
TA-12415,C-1846,2
TA-12416,C-1631,2
TA-12417,C-1627,1
TA-12419,C-1627,1
TA-12420,C-0134,1
TA-12421,C-0134,1
TA-12423,C-0808,1
TA-12424,C-0804,1
TA-12425,C-0071,2
TA-12428,C-1628,1
TA-12429,C-1628,1
TA-12430,C-1635,2
TA-12433,C-1632,1
TA-12434,C-1632,1
TA-12435,C-1632,1
TA-12436,C-1632,1
TA-12438,C-1628,1
TA-12440,C-0388,1
TA-12441,C-1629,1
TA-12444,C-0001,1
TA-12445,C-1629,2
TA-12446,C-1629,2
TA-12447,C-1629,1
TA-12448,C-1629,2
TA-12449,C-1628,1
TA-12450,C-1628,1
TA-12451,C-1628,1
TA-12452,C-1628,1
TA-12456,C-1633,2
TA-12457,C-1633,2
TA-12458,C-0449,2
TA-12459,C-0449,2
TA-12460,C-0102,2
TA-12461,C-1631,2
TA-12463,C-1631,1
TA-12468,C-1846,2
TA-12469,C-1628,1
TA-12481,C-1632,1
TA-12482,C-1629,2
TA-12483,C-1628,2
TA-12488,C-1628,1
TA-12489,C-1629,1
TA-12490,C-1629,2
TA-12491,C-1628,2
TA-12492,C-1624,1
TA-12493,C-1628,1
TA-12498,C-1632,1
TA-12501,C-0095,2
TA-12502,C-0095,2
TA-12503,C-0095,2
TA-12504,C-0580,2
TA-12505,C-1632,1
TA-12512,C-0817,1
TA-12515,C-1632,1
TA-12516,C-1628,2
TA-12517,C-1628,2
TA-12518,C-1628,2
TA-12519,C-1628,2
TA-12520,C-1628,2
TA-12521,C-1628,2
TA-12522,C-0808,1
TA-12523,C-0449,1
TA-12525,C-1640,1
TA-12526,C-1639,1
TA-12527,C-1640,1
TA-12528,C-1639,1
TA-12529,C-1632,2
TA-12530,C-1628,2
TA-12531,C-0579,2
TA-12532,C-0579,2
TA-12533,C-0580,2
TA-12534,C-0579,2
TA-12535,C-0579,2
TA-12536,C-0580,2
TA-12537,C-0580,2
TA-12538,C-0579,2
TA-12539,C-1628,2
TA-12540,C-1628,2
TA-12541,C-1628,2
TA-12542,C-1628,2
TA-12543,C-0580,2
TA-12546,C-1628,2
TA-12547,C-1631,1
TA-12549,C-1632,2
TA-12550,C-1628,1
TA-12551,C-1632,1
TA-12553,C-0449,2
TA-12554,C-0449,2
TA-12555,C-1632,1
TA-12556,C-1632,2
TA-12557,C-1628,2
TA-12558,C-1628,2
TA-12559,C-1621,1
TA-12567,C-1629,2
TA-12568,C-1781,1
TA-12569,C-0186,2
TA-12570,C-0186,2
TA-12571,C-0186,2
TA-12572,C-0186,2
TA-12576,C-1628,2
TA-12577,C-1628,2
TA-12579,C-1629,1
TA-12580,C-1910,1
TA-12581,C-1795,1
TA-12582,C-1795,1
TA-12583,C-1999,1
TA-12584,C-1999,1
TA-12585,C-1633,1
TA-12586,C-1633,1
TA-12587,C-1633,1
TA-12588,C-1631,1
TA-12589,C-1801,1
TA-12590,C-1801,1
TA-12592,C-1781,1
TA-12593,C-1792,1
TA-12594,C-1244,2
TA-12595,C-0449,1
TA-12597,C-0165,1
TA-12599,C-0178,1
TA-12600,C-1628,2
TA-12601,C-1631,1
TA-12602,C-1631,1
TA-12603,C-1628,1
TA-12604,C-1628,1
TA-12609,C-1792,1
TA-12611,C-1867,2
TA-12612,C-1632,1
TA-12613,C-1632,1
TA-12614,C-1867,1
TA-12615,C-1638,1
TA-12619,C-1628,1
TA-12620,C-1628,1
TA-12621,C-1628,1
TA-12622,C-1628,1
TA-12623,C-1244,2
TA-12624,C-0102,2
TA-12625,C-0102,2
TA-12626,C-0102,2
TA-12627,C-0102,2
TA-12628,C-0808,1
TA-12629,C-1631,2
TA-12630,C-1632,1
TA-12632,C-0896,1
TA-12634,C-1244,1
TA-12636,C-1846,2
TA-12637,C-1846,1
TA-12638,C-0808,1
TA-12639,C-1632,2
TA-12640,C-1628,2
TA-12641,C-1628,2
TA-12642,C-1631,2
TA-12643,C-1629,2
TA-12644,C-1630,2
TA-12645,C-1631,2
TA-12646,C-1631,2
TA-12649,C-1632,1
TA-12650,C-1629,2
TA-12651,C-1632,2
TA-12653,C-1628,2
TA-12654,C-1630,1
TA-12655,C-1630,1
TA-12656,C-1628,2
TA-12657,C-1628,2
TA-12658,C-1630,2
TA-12659,C-1630,2
TA-12660,C-1630,2
TA-12661,C-1630,2
TA-12662,C-1630,2
TA-12663,C-1630,2
TA-12664,C-1630,2
TA-12665,C-1632,2
TA-12666,C-1629,1
TA-12667,C-1628,1
TA-12668,C-1629,1
TA-12670,C-1629,2
TA-12671,C-1642,1
TA-12672,C-1628,2
TA-12674,C-1421,2
TA-12675,C-0449,1
TA-12676,C-1629,2
TA-12677,C-1629,2
TA-12678,C-1629,2
TA-12679,C-1629,2
TA-12680,C-1629,2
TA-12681,C-1629,2
TA-12682,C-1628,1
TA-12683,C-1629,1
TA-12684,C-1629,1
TA-12687,C-0102,2
TA-12689,C-0579,2
TA-12690,C-0668,1
TA-12692,C-1629,2
TA-12696,C-0345,2
TA-12697,C-0345,2
TA-12698,C-1631,1
TA-12699,C-1867,2
TA-12700,C-1631,1
TA-12701,C-1632,1
TA-12702,C-1632,1
TA-12704,C-0580,2
TA-12706,C-1846,2
TA-12707,C-1846,1
TA-12708,C-1846,2
TA-12709,C-1846,2
TA-12710,C-1846,1
TA-12711,C-0751,1
TA-12712,C-0752,1
TA-12713,C-0752,1
TA-12716,C-0580,2
TA-12717,C-0579,2
TA-12718,C-0579,2
TA-12719,C-1628,2
TA-12722,C-1632,1
TA-12724,C-1846,2
TA-12725,C-1846,1
TA-12726,C-1846,2
TA-12727,C-1629,2
TA-12728,C-1629,2
TA-12729,C-1622,1
TA-12730,C-1622,1
TA-12731,C-0579,2
TA-12732,C-0579,2
TA-12733,C-0579,2
TA-12734,C-1632,1
TA-12735,C-1628,2
TA-12736,C-0577,2
TA-12737,C-0577,2
TA-12738,C-0577,2
TA-12742,C-1629,1
TA-12744,C-1631,2
TA-12746,C-1597,2
TA-12747,C-0963,1
TA-12748,C-0962,1
TA-12749,C-0962,1
TA-12750,C-0962,1
TA-12751,C-0947,1
TA-12752,C-0959,1
TA-12753,C-0946,1
TA-12754,C-0947,1
TA-12755,C-0947,1
TA-12756,C-0952,1
TA-12757,C-0950,1
TA-12758,C-0947,1
TA-12759,C-0947,1
TA-12764,C-0952,1
TA-12778,C-0947,1
TA-12779,C-0947,1
TA-12780,C-0952,1
TA-12781,C-0950,1
TA-12784,C-0947,1
TA-12785,C-0970,1
TA-12786,C-0970,1
TA-12787,C-0945,1
TA-12788,C-0959,1
TA-12789,C-0946,1
TA-12790,C-0971,1
TA-12791,C-0947,1
TA-12792,C-0970,1
TA-12793,C-0950,1
TA-12794,C-0950,1
TA-12795,C-0972,1
TA-12796,C-0962,1
TA-12797,C-0962,1
TA-12804,C-0962,1
TA-12805,C-0962,1
TA-12806,C-0962,1
TA-12810,C-0960,1
TA-12811,C-0957,1
TA-12812,C-0957,1
TA-12813,C-0962,1
TA-12815,C-0962,1
TA-12816,C-0950,1
TA-12817,C-0962,1
TA-12823,C-0962,1
TA-12827,C-0962,1
TA-12828,C-0962,1
TA-12830,C-0955,1
TA-12831,C-0955,1
TA-12836,C-0950,1
TA-12837,C-0950,1
TA-12838,C-0950,1
TA-12839,C-0972,1
TA-12840,C-0962,1
TA-12841,C-0950,1
TA-12847,C-0972,1
TA-12848,C-0950,1
TA-12855,C-0951,1
TA-12865,C-0950,1
TA-12866,C-0961,1
TA-12867,C-0962,1
TA-12869,C-0953,1
TA-12870,C-0940,1
TA-12871,C-0960,1
TA-12872,C-0943,1
TA-12873,C-1846,2
TA-12874,C-1846,2
TA-12875,C-1630,1
TA-12876,C-1630,1
TA-12877,C-1630,1
TA-12878,C-1630,1
TA-12879,C-1630,1
TA-12880,C-1630,1
TA-12881,C-1630,1
TA-12882,C-1630,1
TA-12883,C-2029,2
TA-12886,C-1630,1
TA-12887,C-1630,1
TA-12888,C-2029,2
TA-12889,C-1630,1
TA-12890,C-1630,1
TA-12891,C-1628,2
TA-12892,C-1631,2
TA-12893,C-1628,1
TA-12894,C-1244,1
TA-12895,C-1846,1
TA-12896,C-1846,1
TA-12897,C-1846,2
TA-12898,C-1846,2
TA-12899,C-1630,1
TA-12900,C-1630,2
TA-12902,C-1628,1
TA-12903,C-1633,2
TA-12904,C-1633,2
TA-12905,C-0449,1
TA-12907,C-1684,1
TA-12908,C-1628,1
TA-12909,C-1846,1
TA-12910,C-1633,2
TA-12911,C-1633,2
TA-12912,C-1421,2
TA-12913,C-1421,2
TA-12914,C-0449,1
TA-12915,C-0831,2
TA-12916,C-0445,2
TA-12917,C-1421,2
TA-12919,C-1421,2
TA-12920,C-1629,1
TA-12921,C-0340,1
TA-12926,C-1628,1
TA-12927,C-1629,1
TA-12931,C-1629,2
TA-12932,C-1629,2
TA-12933,C-1629,2
TA-12934,C-1629,2
TA-12935,C-1630,2
TA-12936,C-1629,2
TA-12937,C-0520,1
TA-12940,C-1628,2
TA-12941,C-1628,2
TA-12942,C-1632,1
TA-12943,C-0580,2
TA-12944,C-0958,1
TA-12945,C-0958,1
TA-12946,C-0958,1
TA-12947,C-0958,1
TA-12948,C-0958,1
TA-12949,C-0958,1
TA-12950,C-0958,1
TA-12951,C-0958,1
TA-12952,C-0958,1
TA-12953,C-0958,1
TA-12954,C-0958,1
TA-12955,C-0958,1
TA-12956,C-0958,1
TA-12957,C-0958,1
TA-12958,C-0958,1
TA-12959,C-0958,1
TA-12960,C-0958,1
TA-12961,C-0958,1
TA-12962,C-0958,1
TA-12963,C-0953,1
TA-12964,C-0958,1
TA-12965,C-0956,1
TA-12966,C-0953,1
TA-12967,C-0953,1
TA-12968,C-0963,1
TA-12969,C-0953,1
TA-12970,C-0958,1
TA-12971,C-0958,1
TA-12972,C-0963,1
TA-12973,C-0953,1
TA-12974,C-0953,1
TA-12975,C-0952,1
TA-12976,C-0953,1
TA-12977,C-0958,1
TA-12978,C-0953,1
TA-12979,C-0958,1
TA-12980,C-0953,1
TA-12981,C-0953,1
TA-12982,C-0956,1
TA-12983,C-0956,1
TA-12984,C-0956,1
TA-12985,C-0958,1
TA-12986,C-0958,1
TA-12987,C-0958,1
TA-12988,C-0958,1
TA-12989,C-0958,1
TA-12990,C-0958,1
TA-12991,C-0102,2
TA-12992,C-0102,2
TA-12993,C-0102,2
TA-12994,C-0048,2
TA-12995,C-1637,1
TA-12998,C-1630,1
TA-12999,C-1629,2
TA-13000,C-1628,2
TA-13001,C-1612,1
TA-13004,C-1632,1
TA-13007,C-1629,2
TA-13008,C-1629,2
TA-13011,C-1637,1
TA-13012,C-1637,1
TA-13013,C-1637,1
TA-13023,C-1629,2
TA-13024,C-1629,2
TA-13025,C-1632,1
TA-13026,C-1631,1
TA-13027,C-1630,1
TA-13028,C-1630,1
TA-13029,C-1244,2
TA-13030,C-1632,2
TA-13031,C-0102,2
TA-13032,C-1631,2
TA-13033,C-0579,2
TA-13034,C-0579,2
TA-13035,C-0578,1
TA-13037,C-1244,1
TA-13038,C-1631,2
TA-13039,C-1631,2
TA-13040,C-1846,2
TA-13041,C-1478,1
TA-13042,C-1244,1
TA-13044,C-1629,1
TA-13045,C-1631,2
TA-13047,C-1630,1
TA-13049,C-0578,2
TA-13050,C-0863,1
TA-13051,C-0513,2
TA-13052,C-1631,2
TA-13053,C-1631,2
TA-13054,C-1631,1
TA-13055,C-1631,1
TA-13056,C-1631,2
TA-13057,C-1631,2
TA-13058,C-1629,2
TA-13059,C-1889,1
TA-13060,C-1631,1
TA-13061,C-2004,1
TA-13062,C-1846,1
TA-13063,C-0970,1
TA-13064,C-0971,1
TA-13065,C-0957,1
TA-13066,C-0957,1
TA-13067,C-0952,1
TA-13068,C-0972,1
TA-13069,C-1846,2
TA-13074,C-1630,1
TA-13075,C-1642,1
TA-13076,C-1629,1
TA-13077,C-1627,1
TA-13078,C-1628,1
TA-13082,C-0579,2
TA-13083,C-1846,1
TA-13084,C-2029,1
TA-13086,C-0894,1
TA-13087,C-0952,1
TA-13088,C-0950,1
TA-13089,C-0957,1
TA-13090,C-1628,2
TA-13091,C-1628,2
TA-13092,C-0751,1
TA-13093,C-1628,2
TA-13094,C-1628,2
TA-13095,C-1628,2
TA-13096,C-1628,2
TA-13097,C-1628,1
TA-13098,C-1628,1
TA-13099,C-0957,1
TA-13100,C-0950,1
TA-13101,C-0973,1
TA-13102,C-0973,1
TA-13103,C-0973,1
TA-13106,C-1333,1
TA-13107,C-1333,1
TA-13108,C-1628,1
TA-13112,C-1629,2
TA-13113,C-1629,2
TA-13117,C-1630,1
TA-13118,C-1627,1
TA-13119,C-1627,1
TA-13120,C-1792,1
TA-13121,C-0912,1
TA-13126,C-1631,1
TA-13127,C-1631,1
TA-13130,C-1628,2
TA-13131,C-1505,1
TA-13133,C-0244,1
TA-13134,C-0550,1
TA-13136,C-1628,2
TA-13137,C-0975,1
TA-13138,C-0975,1
TA-13139,C-1630,1
TA-13141,C-1628,1
TA-13145,C-1497,3
TA-13146,C-1627,1
TA-13147,C-1627,1
TA-13148,C-1244,1
TA-13149,C-1628,2
TA-13150,C-1587,1
TA-13151,C-1243,1
TA-13154,C-1647,1
TA-13155,C-1647,1
TA-13156,C-1629,1
TA-13157,C-1629,1
TA-13166,C-1631,2
TA-13167,C-1629,2
TA-13168,C-1631,1
TA-13169,C-1631,1
TA-13171,C-0601,1
TA-13172,C-1628,1
TA-13173,C-1631,1
TA-13177,C-1629,2
TA-13178,C-1629,2
TA-13179,C-1629,2
TA-13182,C-1642,1
TA-13184,C-0449,1
TA-13185,C-1631,2
TA-13186,C-1631,2
TA-13187,C-1631,1
TA-13188,C-1631,1
TA-13190,C-1216,1
TA-13195,C-1627,1
TA-13197,C-1629,1
TA-13198,C-1629,2
TA-13201,C-1631,2
TA-13202,C-1631,2
TA-13203,C-0802,1
TA-13204,C-1620,1
TA-13205,C-1620,1
TA-13206,C-1637,1
TA-13207,C-1637,1
TA-13208,C-1620,1
TA-13209,C-1628,1
TA-13210,C-1628,1
TA-13211,C-1631,1
TA-13213,C-0580,2
TA-13214,C-0580,2
TA-13215,C-0580,2
TA-13216,C-0095,2
TA-13217,C-0095,2
TA-13218,C-1631,2
TA-13219,C-1630,2
TA-13220,C-1846,1
TA-13221,C-1846,1
TA-13222,C-1846,2
TA-13223,C-1846,2
TA-13227,C-0995,1
TA-13236,C-1635,2
TA-13237,C-1632,2
TA-13238,C-1632,2
TA-13240,C-1629,2
TA-13241,C-1629,2
TA-13242,C-1846,1
TA-13243,C-1846,2
TA-13244,C-1846,2
TA-13245,C-0445,2
TA-13246,C-0445,2
TA-13247,C-0449,2
TA-13248,C-0449,2
TA-13249,C-1631,2
TA-13250,C-1631,2
TA-13252,C-0247,1
TA-13253,C-1631,1
TA-13254,C-0071,2
TA-13255,C-0071,2
TA-13256,C-0071,2
TA-13257,C-0071,2
TA-13260,C-1846,1
TA-13267,C-1629,2
TA-13268,C-1629,2
TA-13269,C-1630,2
TA-13270,C-0577,2
TA-13271,C-0577,2
TA-13272,C-0577,2
TA-13273,C-0577,2
TA-13274,C-1632,1
TA-13275,C-0071,2
TA-13276,C-0071,2
TA-13282,C-1846,1
TA-13283,C-1846,2
TA-13284,C-1625,1
TA-13286,C-1630,1
TA-13287,C-0071,2
TA-13288,C-0071,2
TA-13289,C-1628,1
TA-13290,C-1628,1
TA-13293,C-0102,2
TA-13294,C-0102,2
TA-13295,C-0102,2
TA-13296,C-0102,2
TA-13297,C-0102,2
TA-13298,C-0102,2
TA-13302,C-1631,2
TA-13303,C-1631,1
TA-13304,C-1629,1
TA-13305,C-1629,1
TA-13306,C-1628,1
TA-13307,C-1629,1
TA-13309,C-0877,1
TA-13310,C-0244,1
TA-13311,C-1622,1
TA-13312,C-1233,1
TA-13313,C-1628,1
TA-13314,C-1628,1
TA-13315,C-1628,1
TA-13316,C-1628,1
TA-13317,C-1630,1
TA-13318,C-1630,1
TA-13321,C-1631,2
TA-13322,C-1846,1
TA-13324,C-1631,1
TA-13331,C-1630,2
TA-13333,C-1632,2
TA-13334,C-1632,2
TA-13335,C-1628,2
TA-13336,C-1633,1
TA-13338,C-1786,1
TA-13344,C-0982,1
TA-13345,C-0982,1
TA-13348,C-1867,1
TA-13349,C-1867,1
TA-13350,C-0985,1
TA-13351,C-1631,1
TA-13352,C-1631,1
TA-13353,C-1643,1
TA-13356,C-0449,2
TA-13357,C-1631,2
TA-13360,C-1846,2
TA-13361,C-1846,2
TA-13362,C-1846,2
TA-13364,C-1629,2
TA-13365,C-1628,2
TA-13366,C-1631,2
TA-13367,C-1631,2
TA-13368,C-1631,2
TA-13369,C-1631,2
TA-13370,C-1631,2
TA-13371,C-1629,2
TA-13372,C-1629,2
TA-13373,C-1628,2
TA-13374,C-1631,1
TA-13375,C-1631,1
TA-13376,C-1628,2
TA-13377,C-1632,2
TA-13384,C-1631,2
TA-13385,C-1631,2
TA-13386,C-1631,2
TA-13387,C-1624,1
TA-13388,C-1624,1
TA-13389,C-1629,1
TA-13390,C-1629,2
TA-13391,C-1629,2
TA-13392,C-0580,2
TA-13393,C-1625,1
TA-13394,C-0445,2
TA-13396,C-0420,1
TA-13397,C-0420,1
TA-13398,C-1631,2
TA-13399,C-1632,2
TA-13400,C-1629,2
TA-13401,C-0449,1
TA-13402,C-0449,1
TA-13403,C-1421,2
TA-13404,C-0957,1
TA-13405,C-0957,1
TA-13406,C-0957,1
TA-13407,C-0947,1
TA-13408,C-0957,1
TA-13409,C-0957,1
TA-13410,C-0989,1
TA-13411,C-0989,1
TA-13412,C-0958,1
TA-13413,C-0958,1
TA-13414,C-0958,1
TA-13415,C-0958,1
TA-13416,C-0958,1
TA-13417,C-0990,1
TA-13418,C-0971,1
TA-13419,C-0102,2
TA-13420,C-0102,2
TA-13421,C-0102,2
TA-13422,C-0102,2
TA-13423,C-1627,1
TA-13424,C-1421,2
TA-13425,C-1655,1
TA-13426,C-1655,1
TA-13427,C-1628,1
TA-13428,C-1628,1
TA-13429,C-1628,1
TA-13430,C-1628,1
TA-13431,C-0449,2
TA-13432,C-0449,1
TA-13433,C-0449,1
TA-13434,C-1630,1
TA-13435,C-1630,1
TA-13436,C-1630,1
TA-13437,C-1632,1
TA-13438,C-1631,1
TA-13439,C-2021,1
TA-13446,C-0703,1
TA-13447,C-0703,1
TA-13448,C-1244,2
TA-13450,C-1631,1
TA-13451,C-1631,1
TA-13452,C-1631,2
TA-13453,C-1632,1
TA-13454,C-1654,2
TA-13455,C-1631,2
TA-13458,C-1630,1
TA-13462,C-1631,2
TA-13463,C-1629,2
TA-13464,C-1625,1
TA-13466,C-1630,2
TA-13467,C-1630,2
TA-13468,C-2002,1
TA-13469,C-1629,2
TA-13470,C-1632,2
TA-13471,C-1632,2
TA-13472,C-1633,1
TA-13473,C-1628,2
TA-13474,C-1632,1
TA-13478,C-1630,1
TA-13479,C-1630,1
TA-13480,C-1630,1
TA-13481,C-1630,1
TA-13482,C-1631,1
TA-13483,C-0400,1
TA-13485,C-1630,1
TA-13486,C-1631,1
TA-13488,C-1631,1
TA-13491,C-1628,2
TA-13493,C-1632,1
TA-13494,C-1629,2
TA-13495,C-1629,2
TA-13496,C-1629,2
TA-13498,C-1612,1
TA-13499,C-1587,1
TA-13501,C-1631,2
TA-13502,C-1629,2
TA-13503,C-1630,2
TA-13504,C-1421,2
TA-13505,C-1630,1
TA-13506,C-1630,1
TA-13507,C-1631,2
TA-13508,C-1631,1
TA-13509,C-1632,1
TA-13510,C-1628,1
TA-13511,C-1628,1
TA-13512,C-1628,2
TA-13513,C-1628,2
TA-13514,C-1421,2
TA-13515,C-0132,1
TA-13516,C-1544,1
TA-13517,C-1632,1
TA-13518,C-1629,1
TA-13519,C-2023,1
TA-13520,C-2023,1
TA-13523,C-1628,1
TA-13524,C-1628,1
TA-13525,C-1628,1
TA-13526,C-1628,1
TA-13527,C-1647,1
TA-13528,C-1647,1
TA-13529,C-0449,1
TA-13530,C-0449,1
TA-13531,C-0449,1
TA-13535,C-0250,1
TA-13537,C-1628,2
TA-13542,C-1628,2
TA-13543,C-1631,1
TA-13544,C-1631,1
TA-13545,C-2013,1
TA-13547,C-1649,1
TA-13548,C-1630,2
TA-13549,C-1630,2
TA-13550,C-2022,1
TA-13551,C-1629,2
TA-13552,C-1632,2
TA-13553,C-1632,2
TA-13554,C-2001,1
TA-13555,C-2001,1
TA-13557,C-1628,2
TA-13558,C-1628,1
TA-13559,C-1628,1
TA-13560,C-1628,1
TA-13561,C-1628,1
TA-13563,C-1846,1
TA-13565,C-1846,1
TA-13572,C-1421,2
TA-13575,C-1628,2
TA-13576,C-1629,2
TA-13577,C-1628,2
TA-13578,C-1846,1
TA-13579,C-0377,1
TA-13580,C-1628,2
TA-13581,C-1628,1
TA-13582,C-1630,2
TA-13583,C-1630,2
TA-13584,C-1628,1
TA-13585,C-1628,1
TA-13586,C-1628,1
TA-13587,C-1628,1
TA-13588,C-1628,1
TA-13589,C-1628,1
TA-13590,C-1628,1
TA-13592,C-1621,1
TA-13593,C-1621,1
TA-13594,C-1631,1
TA-13595,C-1632,1
TA-13596,C-0709,1
TA-13597,C-1641,1
TA-13598,C-1629,1
TA-13599,C-1641,1
TA-13600,C-0169,1
TA-13601,C-1628,1
TA-13602,C-1628,1
TA-13603,C-1739,1
TA-13604,C-1739,1
TA-13605,C-1739,1
TA-13606,C-1739,1
TA-13607,C-1846,1
TA-13608,C-1629,1
TA-13609,C-1628,1
TA-13610,C-1629,1
TA-13611,C-1629,1
TA-13612,C-1628,1
TA-13613,C-1629,1
TA-13614,C-1628,2
TA-13615,C-1628,2
TA-13616,C-1628,2
TA-13617,C-1629,2
TA-13618,C-1628,2
TA-13619,C-1628,2
TA-13620,C-0997,1
TA-13621,C-1631,1
TA-13622,C-1632,2
TA-13623,C-1628,2
TA-13624,C-1628,2
TA-13625,C-1629,2
TA-13626,C-1629,2
TA-13627,C-1629,2
TA-13628,C-1628,2
TA-13631,C-1629,2
TA-13632,C-1628,2
TA-13633,C-1629,2
TA-13634,C-1629,2
TA-13635,C-1628,2
TA-13636,C-1629,1
TA-13637,C-1629,2
TA-13640,C-1628,2
TA-13642,C-1625,1
TA-13643,C-1867,1
TA-13645,C-0998,1
TA-13646,C-1629,2
TA-13648,C-0449,1
TA-13649,C-0793,1
TA-13650,C-1632,1
TA-13651,C-1632,1
TA-13652,C-1627,2
TA-13653,C-1627,2
TA-13654,C-1627,2
TA-13655,C-1627,2
TA-13657,C-1627,1
TA-13658,C-1627,1
TA-13659,C-1627,1
TA-13660,C-1627,1
TA-13661,C-1627,1
TA-13665,C-1629,2
TA-13666,C-1627,2
TA-13667,C-1627,2
TA-13668,C-1627,2
TA-13669,C-1627,2
TA-13674,C-1620,1
TA-13675,C-1620,1
TA-13676,C-1620,1
TA-13677,C-1627,1
TA-13678,C-1627,2
TA-13679,C-1620,1
TA-13680,C-1627,2
TA-13681,C-1846,1
TA-13682,C-1846,1
TA-13683,C-1846,1
TA-13684,C-1628,2
TA-13685,C-1629,1
TA-13686,C-1628,1
TA-13687,C-1629,1
TA-13691,C-1628,2
TA-13692,C-1628,2
TA-13693,C-1628,2
TA-13694,C-1629,2
TA-13695,C-1629,2
TA-13696,C-1629,2
TA-13698,C-1628,2
TA-13699,C-1628,2
TA-13700,C-0449,1
TA-13701,C-1628,1
TA-13702,C-1631,1
TA-13703,C-1631,1
TA-13704,C-1998,1
TA-13706,C-1632,1
TA-13707,C-1629,1
TA-13708,C-0209,1
TA-13709,C-0209,1
TA-13710,C-1629,1
TA-13711,C-1631,1
TA-13712,C-1631,1
TA-13713,C-0411,2
TA-13714,C-0411,2
TA-13715,C-1631,1
TA-13716,C-1631,1
TA-13718,C-1630,1
TA-13719,C-1630,1
TA-13720,C-1629,1
TA-13721,C-1000,1
TA-13722,C-1000,1
TA-13723,C-1629,2
TA-13726,C-1625,1
TA-13727,C-1306,1
TA-13729,C-1491,1
TA-13730,C-1491,1
TA-13731,C-1629,1
TA-13732,C-1629,1
TA-13733,C-1639,1
TA-13734,C-1628,1
TA-13735,C-1622,1
TA-13736,C-1628,1
TA-13738,C-1628,2
TA-13739,C-1628,2
TA-13740,C-1628,1
TA-13741,C-1628,1
TA-13742,C-1628,1
TA-13743,C-1628,1
TA-13744,C-1628,1
TA-13745,C-0654,1
TA-13746,C-1792,1
TA-13747,C-1631,2
TA-13748,C-1004,1
TA-13749,C-1146,1
TA-13750,C-1629,1
TA-13751,C-1628,1
TA-13752,C-1631,2
TA-13753,C-1633,1
TA-13754,C-1630,2
TA-13755,C-1630,2
TA-13756,C-1631,2
TA-13757,C-1631,2
TA-13758,C-1631,1
TA-13760,C-1631,1
TA-13761,C-1624,1
TA-13765,C-1632,2
TA-13766,C-1632,2
TA-13767,C-2032,1
TA-13770,C-1647,1
TA-13771,C-1629,2
TA-13772,C-1629,2
TA-13773,C-1629,1
TA-13776,C-1628,1
TA-13777,C-1629,1
TA-13778,C-1628,2
TA-13779,C-0048,2
TA-13780,C-1632,1
TA-13781,C-1635,1
TA-13782,C-1635,1
TA-13783,C-1635,2
TA-13784,C-1635,1
TA-13785,C-1624,1
TA-13786,C-1629,2
TA-13787,C-1624,1
TA-13788,C-1631,1
TA-13789,C-1630,2
TA-13790,C-1630,2
TA-13791,C-1631,1
TA-13792,C-1632,1
TA-13793,C-1632,1
TA-13794,C-1632,1
TA-13795,C-1632,1
TA-13796,C-1595,1
TA-13797,C-1595,1
TA-13799,C-1631,2
TA-13800,C-1632,2
TA-13801,C-1632,1
TA-13802,C-1628,2
TA-13803,C-1628,2
TA-13804,C-1846,1
TA-13805,C-1629,1
TA-13806,C-1629,1
TA-13807,C-1637,1
TA-13808,C-1637,1
TA-13809,C-1627,2
TA-13810,C-1627,2
TA-13811,C-1637,1
TA-13812,C-1637,1
TA-13814,C-1629,2
TA-13815,C-1629,1
TA-13816,C-1629,1
TA-13817,C-1629,2
TA-13818,C-1625,1
TA-13819,C-1631,1
TA-13820,C-1632,2
TA-13821,C-1629,2
TA-13822,C-1630,1
TA-13823,C-1631,1
TA-13824,C-1629,1
TA-13828,C-1244,2
TA-13829,C-1706,1
TA-13830,C-1430,1
TA-13831,C-1632,2
TA-13832,C-1632,2
TA-13835,C-1622,1
TA-13836,C-1632,1
TA-13837,C-1907,1
TA-13841,C-1632,1
TA-13842,C-1587,1
TA-13843,C-0296,1
TA-13844,C-1816,1
TA-13847,C-1631,1
TA-13848,C-1631,1
TA-13850,C-1630,2
TA-13851,C-1628,1
TA-13852,C-1628,1
TA-13853,C-1632,1
TA-13854,C-1628,1
TA-13855,C-1628,1
TA-13856,C-1631,2
TA-13857,C-1628,1
TA-13858,C-1622,1
TA-13867,C-0927,1
TA-13868,C-0927,1
TA-13869,C-0927,1
TA-13870,C-0927,1
TA-13871,C-1621,1
TA-13873,C-1628,2
TA-13875,C-1792,1
TA-13876,C-1630,1
TA-13877,C-2029,2
TA-13878,C-2029,2
TA-13882,C-1759,1
TA-13883,C-1759,1
TA-13884,C-1759,1
TA-13885,C-1759,1
TA-13886,C-1629,2
TA-13889,C-1629,2
TA-13890,C-1629,1
TA-13891,C-1627,2
TA-13892,C-1627,2
TA-13893,C-1627,2
TA-13894,C-1627,1
TA-13895,C-1627,1
TA-13896,C-1627,2
TA-13897,C-1627,2
TA-13898,C-1627,2
TA-13902,C-1627,2
TA-13903,C-1627,1
TA-13905,C-1628,2
TA-13906,C-1628,1
TA-13907,C-1628,2
TA-13908,C-1628,2
TA-13909,C-1628,2
TA-13910,C-1630,1
TA-13911,C-1630,2
TA-13912,C-1629,1
TA-13913,C-1629,2
TA-13914,C-1628,1
TA-13915,C-1630,1
TA-13916,C-1629,1
TA-13917,C-1631,1
TA-13918,C-1631,1
TA-13919,C-1630,2
TA-13920,C-1628,1
TA-13921,C-1628,1
TA-13922,C-1628,1
TA-13923,C-1628,1
TA-13925,C-1631,2
TA-13927,C-1629,2
TA-13928,C-1846,2
TA-13929,C-1626,1
TA-13930,C-0001,2
TA-13931,C-1627,1
TA-13932,C-1631,1
TA-13933,C-1628,2
TA-13934,C-1632,2
TA-13935,C-1632,2
TA-13936,C-1635,2
TA-13937,C-1631,2
TA-13938,C-1631,2
TA-13939,C-1635,2
TA-13940,C-1632,1
TA-13941,C-1632,1
TA-13942,C-1629,1
TA-13957,C-1631,2
TA-13958,C-0449,1
TA-13959,C-0449,1
TA-13960,C-0449,1
TA-13961,C-1628,2
TA-13962,C-1628,2
TA-13965,C-1629,1
TA-13966,C-1629,2
TA-13973,C-1629,2
TA-13974,C-1628,2
TA-13977,C-2021,1
TA-13978,C-1641,1
TA-13979,C-1632,1
TA-13980,C-1632,1
TA-13981,C-0192,1
TA-13982,C-1643,1
TA-13983,C-1630,1
TA-13984,C-1613,1
TA-13985,C-0579,2
TA-13988,C-1630,1
TA-13989,C-0765,1
TA-13990,C-1244,2
TA-13992,C-1632,1
TA-13993,C-1632,1
TA-13994,C-1846,2
TA-13995,C-1846,2
TA-14001,C-1624,1
TA-14002,C-1624,1
TA-14003,C-1792,1
TA-14005,C-1995,1
TA-14006,C-1631,1
TA-14007,C-1629,2
TA-14008,C-1629,2
TA-14009,C-1631,1
TA-14010,C-1910,1
TA-14011,C-1907,1
TA-14019,C-1631,2
TA-14020,C-0015,1
TA-14021,C-0015,1
TA-14022,C-1901,1
TA-14023,C-1628,2
TA-14024,C-0577,2
TA-14025,C-0577,2
TA-14026,C-1846,2
TA-14027,C-1632,2
TA-14028,C-1629,2
TA-14029,C-1632,2
TA-14030,C-1632,2
TA-14031,C-1632,2
TA-14032,C-1632,1
TA-14033,C-1633,1
TA-14034,C-1633,1
TA-14035,C-1633,1
TA-14036,C-1629,2
TA-14048,C-1630,1
TA-14049,C-0366,1
TA-14050,C-1641,1
TA-14051,C-1629,2
TA-14052,C-1421,2
TA-14053,C-1421,2
TA-14054,C-1421,2
TA-14055,C-1632,2
TA-14056,C-1632,1
TA-14057,C-0580,2
TA-14058,C-0749,2
TA-14060,C-0994,1
TA-14061,C-1631,2
TA-14062,C-1739,1
TA-14063,C-1739,1
TA-14067,C-1846,1
TA-14068,C-1846,2
TA-14073,C-1013,1
TA-14074,C-1621,1
TA-14075,C-1629,2
TA-14076,C-1846,1
TA-14085,C-1627,2
TA-14087,C-1629,2
TA-14088,C-1627,2
TA-14089,C-1627,2
TA-14090,C-1629,1
TA-14091,C-1627,2
TA-14092,C-1627,2
TA-14093,C-1627,2
TA-14094,C-1629,1
TA-14095,C-1629,1
TA-14096,C-1629,1
TA-14097,C-1627,1
TA-14098,C-1629,2
TA-14099,C-1013,1
TA-14103,C-0633,1
TA-14104,C-1595,1
TA-14105,C-0580,2
TA-14106,C-0580,2
TA-14107,C-0580,2
TA-14108,C-0580,2
TA-14109,C-0580,2
TA-14110,C-0580,2
TA-14111,C-0580,2
TA-14112,C-0580,2
TA-14113,C-0580,2
TA-14114,C-1632,1
TA-14115,C-1632,1
TA-14119,C-1474,1
TA-14120,C-0602,1
TA-14122,C-1628,1
TA-14123,C-1629,2
TA-14127,C-1421,2
TA-14128,C-1421,2
TA-14129,C-1630,1
TA-14130,C-1630,1
TA-14131,C-1629,2
TA-14132,C-1631,2
TA-14133,C-0915,1
TA-14134,C-1633,1
TA-14135,C-1684,1
TA-14136,C-1627,2
TA-14148,C-1642,1
TA-14149,C-1642,1
TA-14150,C-1846,2
TA-14151,C-1386,2
TA-14152,C-1386,2
TA-14153,C-1386,2
TA-14154,C-1386,2
TA-14155,C-1632,2
TA-14156,C-1632,1
TA-14157,C-1631,1
TA-14158,C-1631,1
TA-14159,C-0449,1
TA-14163,C-1632,2
TA-14164,C-1630,1
TA-14165,C-1630,1
TA-14166,C-1627,1
TA-14168,C-1023,2
TA-14173,C-1846,1
TA-14174,C-1846,2
TA-14175,C-1629,2
TA-14176,C-1631,1
TA-14177,C-1214,1
TA-14178,C-0895,1
TA-14179,C-0200,1
TA-14180,C-1622,1
TA-14181,C-1622,1
TA-14182,C-1628,1
TA-14183,C-1628,1
TA-14185,C-0449,1
TA-14187,C-1606,1
TA-14191,C-0514,1
TA-14192,C-0244,1
TA-14193,C-0275,1
TA-14194,C-0285,1
TA-14196,C-1846,2
TA-14198,C-1632,2
TA-14199,C-1632,2
TA-14200,C-1846,1
TA-14201,C-0831,2
TA-14202,C-1629,2
TA-14205,C-1621,1
TA-14206,C-1792,1
TA-14208,C-1628,2
TA-14209,C-1628,2
TA-14210,C-1631,2
TA-14211,C-1629,2
TA-14212,C-1631,2
TA-14213,C-1629,2
TA-14216,C-1033,1
TA-14217,C-1792,1
TA-14218,C-1629,1
TA-14219,C-1628,1
TA-14220,C-1628,1
TA-14221,C-1629,2
TA-14222,C-1629,2
TA-14223,C-1631,1
TA-14224,C-1631,2
TA-14225,C-1631,1
TA-14226,C-1631,2
TA-14227,C-0048,2
TA-14229,C-0915,1
TA-14230,C-1901,1
TA-14231,C-1901,1
TA-14234,C-1632,1
TA-14235,C-1632,1
TA-14236,C-1632,1
TA-14241,C-1901,1
TA-14243,C-1631,1
TA-14244,C-1631,2
TA-14245,C-1632,2
TA-14250,C-1628,2
TA-14251,C-1628,2
TA-14252,C-1031,2
TA-14253,C-1629,1
TA-14254,C-1606,1
TA-14256,C-0978,1
TA-14257,C-1628,1
TA-14258,C-1628,2
TA-14259,C-1629,1
TA-14260,C-1628,2
TA-14261,C-1628,2
TA-14267,C-1846,2
TA-14270,C-1633,1
TA-14271,C-1629,2
TA-14273,C-1630,1
TA-14276,C-1632,1
TA-14277,C-1643,2
TA-14278,C-1629,2
TA-14279,C-1628,2
TA-14280,C-1628,2
TA-14281,C-1628,2
TA-14282,C-1629,2
TA-14283,C-1629,2
TA-14284,C-1631,2
TA-14285,C-1629,2
TA-14286,C-1630,2
TA-14287,C-1629,2
TA-14288,C-0359,1
TA-14289,C-1629,1
TA-14290,C-1629,1
TA-14291,C-1629,1
TA-14292,C-1629,1
TA-14293,C-1632,1
TA-14295,C-1629,2
TA-14296,C-1629,1
TA-14297,C-1632,1
TA-14298,C-1632,2
TA-14299,C-1625,2
TA-14300,C-1761,1
TA-14301,C-1761,1
TA-14302,C-1628,2
TA-14304,C-1051,1
TA-14305,C-1628,2
TA-14306,C-1632,1
TA-14307,C-1631,1
TA-14308,C-1631,2
TA-14313,C-1628,2
TA-14314,C-1630,2
TA-14315,C-1630,2
TA-14316,C-1630,2
TA-14317,C-1630,2
TA-14318,C-1630,1
TA-14319,C-1630,1
TA-14320,C-1632,1
TA-14321,C-1638,1
TA-14322,C-1638,1
TA-14323,C-1638,1
TA-14324,C-1638,1
TA-14325,C-1629,2
TA-14326,C-1630,1
TA-14327,C-1630,2
TA-14328,C-1005,1
TA-14329,C-1005,1
TA-14331,C-1879,1
TA-14336,C-1005,1
TA-14337,C-1005,1
TA-14339,C-1879,1
TA-14340,C-1660,2
TA-14341,C-1631,2
TA-14342,C-1631,2
TA-14343,C-1629,2
TA-14344,C-1628,1
TA-14345,C-2029,2
TA-14346,C-2029,2
TA-14347,C-2029,2
TA-14348,C-1632,1
TA-14349,C-1629,2
TA-14350,C-1631,2
TA-14351,C-1598,1
TA-14353,C-1641,1
TA-14354,C-1641,1
TA-14355,C-1641,1
TA-14356,C-1631,1
TA-14357,C-1631,1
TA-14358,C-1631,1
TA-14359,C-1632,1
TA-14362,C-1629,2
TA-14364,C-1758,1
TA-14365,C-2007,1
TA-14366,C-2007,1
TA-14367,C-1639,1
TA-14368,C-2007,1
TA-14369,C-1628,2
TA-14376,C-1630,1
TA-14378,C-1629,1
TA-14381,C-1628,2
TA-14383,C-1879,1
TA-14384,C-1244,1
TA-14385,C-1707,1
TA-14386,C-0449,2
TA-14387,C-0449,1
TA-14392,C-1038,1
TA-14393,C-1421,1
TA-14394,C-1631,2
TA-14395,C-1846,1
TA-14399,C-1630,2
TA-14400,C-1630,2
TA-14401,C-1633,2
TA-14402,C-1632,1
TA-14403,C-1633,2
TA-14405,C-0449,1
TA-14406,C-0449,2
TA-14407,C-1894,1
TA-14408,C-1629,1
TA-14409,C-1627,1
TA-14410,C-0449,1
TA-14412,C-1627,2
TA-14413,C-1046,1
TA-14414,C-1660,1
TA-14415,C-1660,1
TA-14416,C-1660,1
TA-14419,C-1630,2
TA-14420,C-1630,2
TA-14421,C-1630,2
TA-14422,C-1630,2
TA-14423,C-1630,2
TA-14424,C-1631,1
TA-14425,C-1631,1
TA-14426,C-1630,2
TA-14427,C-1630,2
TA-14428,C-1630,2
TA-14429,C-1630,2
TA-14430,C-1630,2
TA-14431,C-1630,2
TA-14433,C-1628,2
TA-14434,C-1628,2
TA-14435,C-1631,1
TA-14436,C-1631,1
TA-14437,C-0449,2
TA-14440,C-1631,2
TA-14441,C-0449,1
TA-14444,C-1244,2
TA-14445,C-1621,1
TA-14446,C-1621,1
TA-14447,C-1638,1
TA-14452,C-1630,2
TA-14453,C-1630,2
TA-14454,C-1630,2
TA-14455,C-1630,2
TA-14456,C-1630,2
TA-14457,C-1630,2
TA-14458,C-1630,2
TA-14459,C-1630,2
TA-14460,C-1630,2
TA-14461,C-1630,2
TA-14462,C-1630,2
TA-14463,C-1630,2
TA-14464,C-1629,1
TA-14465,C-1629,1
TA-14468,C-1631,2
TA-14469,C-1631,1
TA-14470,C-1630,1
TA-14471,C-1629,1
TA-14472,C-1631,1
TA-14473,C-1631,1
TA-14474,C-1630,2
TA-14475,C-1631,2
TA-14480,C-0449,2
TA-14481,C-0449,2
TA-14482,C-0449,1
TA-14483,C-0449,1
TA-14484,C-1421,1
TA-14485,C-1421,1
TA-14488,C-0449,1
TA-14489,C-0449,1
TA-14490,C-1759,1
TA-14491,C-1759,1
TA-14492,C-1628,1
TA-14493,C-1628,1
TA-14494,C-1628,1
TA-14495,C-1628,1
TA-14496,C-1628,1
TA-14497,C-1628,1
TA-14498,C-1628,1
TA-14499,C-1628,1
TA-14500,C-1759,1
TA-14501,C-1629,2
TA-14502,C-1629,2
TA-14503,C-1629,2
TA-14509,C-1631,1
TA-14511,C-1629,2
TA-14512,C-1629,2
TA-14513,C-1598,1
TA-14514,C-1629,2
TA-14516,C-1586,1
TA-14521,C-1628,2
TA-14526,C-1632,1
TA-14527,C-1632,2
TA-14528,C-1632,2
TA-14529,C-1628,2
TA-14532,C-1629,1
TA-14533,C-1629,1
TA-14534,C-1629,1
TA-14535,C-1629,1
TA-14536,C-1050,1
TA-14539,C-1630,1
TA-14541,C-1761,1
TA-14542,C-1628,1
TA-14543,C-1638,1
TA-14544,C-1628,1
TA-14546,C-1628,1
TA-14547,C-1631,1
TA-14549,C-1631,1
TA-14550,C-1628,1
TA-14551,C-1628,1
TA-14554,C-1628,2
TA-14555,C-1628,1
TA-14556,C-1628,1
TA-14557,C-1761,1
TA-14558,C-1761,1
TA-14559,C-2032,1
TA-14561,C-1631,1
TA-14562,C-1632,1
TA-14563,C-1631,1
TA-14564,C-1631,2
TA-14565,C-1910,1
TA-14566,C-1067,1
TA-14567,C-1631,1
TA-14568,C-2005,1
TA-14569,C-1628,1
TA-14571,C-1628,1
TA-14572,C-1631,2
TA-14573,C-1631,2
TA-14574,C-1628,1
TA-14576,C-1631,2
TA-14577,C-1631,2
TA-14578,C-1632,1
TA-14579,C-1631,1
TA-14580,C-1631,1
TA-14582,C-1632,1
TA-14583,C-1632,1
TA-14584,C-1632,1
TA-14586,C-1630,1
TA-14587,C-1630,1
TA-14588,C-1630,1
TA-14589,C-1630,1
TA-14590,C-1631,1
TA-14591,C-2032,1
TA-14592,C-2032,1
TA-14593,C-1629,1
TA-14594,C-1629,1
TA-14595,C-1631,1
TA-14596,C-1629,1
TA-14597,C-1629,1
TA-14598,C-1629,1
TA-14599,C-1629,1
TA-14602,C-1052,1
TA-14606,C-0001,1
TA-14609,C-1631,2
TA-14610,C-1628,2
TA-14611,C-1056,1
TA-14612,C-0001,1
TA-14613,C-1630,1
TA-14614,C-1630,1
TA-14617,C-1891,1
TA-14618,C-1630,2
TA-14619,C-1630,2
TA-14620,C-0449,1
TA-14621,C-1628,2
TA-14622,C-1629,2
TA-14626,C-1633,1
TA-14627,C-1633,1
TA-14628,C-0578,2
TA-14629,C-0974,1
TA-14630,C-0212,1
TA-14631,C-0212,1
TA-14632,C-0212,1
TA-14633,C-1013,1
TA-14634,C-1631,1
TA-14636,C-1629,1
TA-14637,C-1585,1
TA-14638,C-1621,1
TA-14641,C-1627,2
TA-14643,C-1885,1
TA-14645,C-1995,1
TA-14646,C-1995,1
TA-14652,C-1469,1
TA-14653,C-1846,2
TA-14655,C-1629,2
TA-14656,C-1627,1
TA-14657,C-1627,2
TA-14658,C-1627,2
TA-14659,C-1627,2
TA-14660,C-1627,2
TA-14661,C-1627,2
TA-14663,C-1708,1
TA-14664,C-1621,1
TA-14665,C-1621,1
TA-14666,C-1781,1
TA-14674,C-1059,2
TA-14675,C-1059,2
TA-14676,C-1059,2
TA-14677,C-1059,2
TA-14678,C-1059,2
TA-14679,C-1059,2
TA-14680,C-1059,2
TA-14681,C-1059,2
TA-14682,C-1059,2
TA-14683,C-1059,2
TA-14684,C-1059,2
TA-14685,C-1059,2
TA-14686,C-1624,1
TA-14687,C-1632,2
TA-14688,C-1090,1
TA-14693,C-1630,1
TA-14700,C-1386,2
TA-14701,C-1386,2
TA-14703,C-1631,2
TA-14704,C-1629,2
TA-14705,C-1629,2
TA-14706,C-1630,1
TA-14707,C-1630,1
TA-14710,C-0863,1
TA-14711,C-1631,1
TA-14712,C-1631,2
TA-14713,C-1631,2
TA-14714,C-1631,1
TA-14715,C-1631,1
TA-14716,C-1631,1
TA-14717,C-1631,1
TA-14718,C-1631,1
TA-14719,C-1630,2
TA-14720,C-1630,2
TA-14724,C-1628,2
TA-14725,C-1628,2
TA-14729,C-1629,2
TA-14730,C-1629,2
TA-14731,C-1633,2
TA-14732,C-1632,2
TA-14733,C-1628,2
TA-14734,C-1631,2
TA-14735,C-1631,2
TA-14736,C-1631,2
TA-14737,C-1628,2
TA-14738,C-0212,1
TA-14739,C-1632,1
TA-14740,C-1629,2
TA-14741,C-1629,2
TA-14744,C-1628,2
TA-14745,C-1628,2
TA-14747,C-1995,1
TA-14748,C-1995,1
TA-14754,C-1628,2
TA-14755,C-1628,2
TA-14764,C-1629,2
TA-14765,C-1629,2
TA-14766,C-1624,1
TA-14769,C-1898,4
TA-14770,C-1622,1
TA-14771,C-1622,1
TA-14772,C-1628,2
TA-14773,C-1628,2
TA-14774,C-1628,2
TA-14775,C-1628,2
TA-14776,C-1628,2
TA-14777,C-1628,2
TA-14778,C-1632,2
TA-14779,C-1631,2
TA-14780,C-0017,1
TA-14781,C-0017,1
TA-14782,C-1629,2
TA-14783,C-1628,2
TA-14784,C-1063,1
TA-14787,C-1623,1
TA-14788,C-2029,2
TA-14789,C-2029,2
TA-14792,C-1627,1
TA-14793,C-1627,1
TA-14794,C-1624,1
TA-14795,C-1628,2
TA-14796,C-1628,2
TA-14797,C-1631,1
TA-14798,C-1628,1
TA-14799,C-1628,1
TA-14800,C-0449,1
TA-14801,C-1629,1
TA-14802,C-0449,1
TA-14803,C-1628,2
TA-14804,C-1629,2
TA-14805,C-1632,1
TA-14806,C-1582,1
TA-14812,C-1629,1
TA-14813,C-1629,2
TA-14814,C-0581,2
TA-14815,C-1607,1
TA-14818,C-1846,1
TA-14819,C-1846,1
TA-14820,C-1630,1
TA-14821,C-1632,1
TA-14822,C-1629,1
TA-14823,C-1629,1
TA-14824,C-1631,1
TA-14825,C-1632,1
TA-14826,C-1632,1
TA-14828,C-1629,2
TA-14829,C-1947,1
TA-14830,C-1628,2
TA-14831,C-1628,2
TA-14832,C-1628,2
TA-14833,C-1628,2
TA-14834,C-1632,1
TA-14835,C-2019,1
TA-14836,C-1629,2
TA-14837,C-1629,2
TA-14838,C-1629,2
TA-14839,C-1629,2
TA-14840,C-1630,1
TA-14841,C-1630,1
TA-14842,C-1630,1
TA-14843,C-1630,1
TA-14844,C-1629,1
TA-14845,C-1707,1
TA-14846,C-1592,1
TA-14847,C-1592,1
TA-14848,C-1592,1
TA-14849,C-1592,1
TA-14851,C-1630,1
TA-14852,C-1633,1
TA-14853,C-1632,2
TA-14854,C-1621,1
TA-14855,C-1628,1
TA-14856,C-1628,1
TA-14857,C-1628,2
TA-14858,C-1628,2
TA-14859,C-1628,2
TA-14860,C-1628,2
TA-14861,C-1630,2
TA-14862,C-1630,2
TA-14863,C-1630,2
TA-14864,C-1630,2
TA-14865,C-1630,2
TA-14866,C-1630,2
TA-14867,C-1630,1
TA-14868,C-1630,2
TA-14869,C-1630,2
TA-14870,C-1630,2
TA-14872,C-1628,2
TA-14873,C-1629,2
TA-14875,C-1894,1
TA-14876,C-1606,1
TA-14877,C-1628,2
TA-14879,C-1628,2
TA-14880,C-1625,1
TA-14881,C-1625,1
TA-14882,C-1625,1
TA-14883,C-1625,1
TA-14884,C-1625,1
TA-14885,C-1631,1
TA-14886,C-1628,2
TA-14887,C-1739,1
TA-14888,C-0449,1
TA-14889,C-1628,2
TA-14890,C-1629,1
TA-14891,C-0401,1
TA-14892,C-1639,1
TA-14893,C-2004,1
TA-14894,C-1629,2
TA-14895,C-1629,1
TA-14896,C-1739,1
TA-14898,C-1630,2
TA-14899,C-1630,2
TA-14900,C-1630,2
TA-14901,C-1630,2
TA-14902,C-1628,2
TA-14903,C-1630,2
TA-14904,C-0449,2
TA-14905,C-0449,1
TA-14906,C-1620,1
TA-14908,C-1628,2
TA-14909,C-1627,2
TA-14911,C-0449,2
TA-14912,C-0449,2
TA-14914,C-1421,2
TA-14915,C-1150,1
TA-14916,C-1846,2
TA-14917,C-1846,2
TA-14919,C-1647,1
TA-14922,C-1632,1
TA-14923,C-1627,2
TA-14924,C-1627,2
TA-14925,C-1630,2
TA-14926,C-1630,2
TA-14927,C-1631,2
TA-14928,C-1635,2
TA-14929,C-1628,1
TA-14930,C-1628,2
TA-14931,C-1068,2
TA-14932,C-1068,2
TA-14938,C-1628,2
TA-14939,C-1628,1
TA-14940,C-1150,1
TA-14941,C-1655,2
TA-14942,C-1629,1
TA-14943,C-1629,2
TA-14944,C-1631,2
TA-14945,C-1633,1
TA-14946,C-1650,1
TA-14947,C-1633,1
TA-14948,C-1650,1
TA-14949,C-1633,1
TA-14952,C-1627,1
TA-14954,C-1627,1
TA-14955,C-1629,2
TA-14956,C-1629,2
TA-14957,C-1244,2
TA-14966,C-1630,1
TA-14967,C-1630,1
TA-14968,C-1630,1
TA-14969,C-1630,1
TA-14970,C-0578,2
TA-14971,C-1866,1
TA-14972,C-1630,1
TA-14973,C-1630,1
TA-14974,C-1630,1
TA-14975,C-1630,1
TA-14976,C-1069,1
TA-14977,C-1627,2
TA-14981,C-1627,2
TA-14982,C-1627,2
TA-14983,C-1627,2
TA-14989,C-1627,2
TA-14990,C-1627,2
TA-14991,C-1627,2
TA-14992,C-1627,2
TA-14997,C-1627,2
TA-14998,C-1627,2
TA-14999,C-1627,2
TA-15000,C-1627,2
TA-15001,C-1627,1
TA-15002,C-1629,2
TA-15003,C-1628,1
TA-15007,C-1627,1
TA-15008,C-1627,2
TA-15009,C-1627,2
TA-15010,C-1627,2
TA-15011,C-1627,2
TA-15012,C-1627,2
TA-15013,C-1627,2
TA-15014,C-1627,2
TA-15017,C-1629,2
TA-15018,C-1069,1
TA-15021,C-1627,2
TA-15022,C-1625,1
TA-15023,C-1629,2
TA-15024,C-1630,1
TA-15027,C-0445,2
TA-15028,C-0445,2
TA-15029,C-0583,1
TA-15031,C-1588,1
TA-15032,C-1985,1
TA-15033,C-1595,1
TA-15034,C-1846,1
TA-15035,C-1846,1
TA-15036,C-1846,1
TA-15037,C-1846,1
TA-15038,C-1846,1
TA-15039,C-1846,1
TA-15040,C-1244,2
TA-15041,C-1629,1
TA-15042,C-1648,1
TA-15043,C-1628,2
TA-15044,C-1629,2
TA-15045,C-1628,2
TA-15046,C-1628,2
TA-15047,C-1632,2
TA-15048,C-1631,2
TA-15049,C-0976,1
TA-15052,C-1630,2
TA-15054,C-1846,1
TA-15055,C-1846,1
TA-15060,C-1630,1
TA-15061,C-1846,1
TA-15062,C-1846,1
TA-15063,C-1630,1
TA-15064,C-1630,1
TA-15065,C-1642,1
TA-15066,C-1631,2
TA-15067,C-1631,1
TA-15068,C-1629,1
TA-15069,C-1846,1
TA-15070,C-2005,1
TA-15071,C-1629,1
TA-15072,C-1628,2
TA-15073,C-1629,2
TA-15074,C-1629,1
TA-15075,C-1629,2
TA-15076,C-1631,1
TA-15077,C-1631,1
TA-15078,C-1624,1
TA-15079,C-1624,1
TA-15081,C-1648,1
TA-15082,C-1631,1
TA-15083,C-1630,2
TA-15084,C-1631,1
TA-15085,C-1631,1
TA-15087,C-1846,1
TA-15088,C-1846,1
TA-15089,C-0449,2
TA-15090,C-1629,2
TA-15091,C-1629,2
TA-15092,C-1628,2
TA-15093,C-1631,2
TA-15094,C-1631,2
TA-15095,C-1631,2
TA-15096,C-1631,2
TA-15097,C-1631,2
TA-15098,C-1631,2
TA-15099,C-1632,1
TA-15100,C-1642,1
TA-15101,C-0893,1
TA-15102,C-1726,1
TA-15103,C-1629,1
TA-15111,C-1632,1
TA-15112,C-1630,1
TA-15113,C-1629,2
TA-15116,C-1632,1
TA-15117,C-1632,1
TA-15122,C-1639,1
TA-15123,C-0193,1
TA-15124,C-1846,1
TA-15126,C-1628,2
TA-15127,C-1633,1
TA-15130,C-0284,1
TA-15131,C-0284,1
TA-15132,C-0284,1
TA-15133,C-1633,2
TA-15135,C-1631,2
TA-15136,C-1631,2
TA-15137,C-1631,2
TA-15138,C-1631,2
TA-15139,C-1631,2
TA-15140,C-1631,2
TA-15141,C-1631,2
TA-15142,C-1631,2
TA-15143,C-1846,2
TA-15144,C-1846,1
TA-15145,C-1846,1
TA-15146,C-1846,1
TA-15147,C-1846,2
TA-15148,C-1846,2
TA-15149,C-1846,1
TA-15150,C-1846,1
TA-15151,C-1846,1
TA-15152,C-1846,1
TA-15153,C-1846,1
TA-15154,C-1846,1
TA-15155,C-1846,1
TA-15160,C-1632,1
TA-15161,C-1632,2
TA-15162,C-1632,2
TA-15163,C-1630,1
TA-15164,C-1624,1
TA-15165,C-1628,1
TA-15166,C-1846,1
TA-15167,C-1629,2
TA-15168,C-1631,2
TA-15169,C-1630,2
TA-15170,C-1629,1
TA-15171,C-1648,1
TA-15172,C-1648,1
TA-15173,C-1648,1
TA-15174,C-1648,1
TA-15175,C-1633,1
TA-15176,C-1633,2
TA-15177,C-0578,2
TA-15178,C-0578,2
TA-15179,C-1631,2
TA-15180,C-1631,2
TA-15181,C-1631,2
TA-15182,C-1631,2
TA-15183,C-1631,2
TA-15184,C-1631,2
TA-15185,C-1631,2
TA-15186,C-1631,2
TA-15187,C-1631,2
TA-15189,C-1628,2
TA-15190,C-1628,2
TA-15191,C-1628,2
TA-15193,C-2004,1
TA-15194,C-1638,1
TA-15195,C-1631,1
TA-15196,C-1846,1
TA-15198,C-1846,2
TA-15199,C-1846,2
TA-15200,C-1630,2
TA-15201,C-1630,2
TA-15202,C-1907,1
TA-15203,C-1632,1
TA-15204,C-1631,1
TA-15205,C-1632,2
TA-15206,C-1631,1
TA-15207,C-1846,1
TA-15208,C-1846,1
TA-15209,C-1846,1
TA-15210,C-1846,1
TA-15211,C-1846,1
TA-15212,C-0134,1
TA-15213,C-0134,1
TA-15218,C-1629,1
TA-15219,C-1629,1
TA-15220,C-0134,1
TA-15221,C-0134,1
TA-15222,C-1421,2
TA-15223,C-1630,1
TA-15224,C-1630,1
TA-15225,C-1630,1
TA-15226,C-1631,2
TA-15228,C-1627,2
TA-15229,C-1627,2
TA-15230,C-1631,2
TA-15231,C-1628,2
TA-15232,C-1628,2
TA-15233,C-1628,2
TA-15234,C-1628,2
TA-15235,C-1632,2
TA-15240,C-1632,1
TA-15241,C-1632,1
TA-15242,C-1846,1
TA-15243,C-1846,1
TA-15244,C-1629,2
TA-15245,C-1628,2
TA-15247,C-1629,2
TA-15250,C-1628,1
TA-15251,C-1632,2
TA-15254,C-0275,1
TA-15255,C-1630,2
TA-15256,C-1631,2
TA-15257,C-1630,2
TA-15259,C-1630,2
TA-15260,C-1631,1
TA-15261,C-1630,1
TA-15262,C-1631,2
TA-15263,C-1244,2
TA-15264,C-1846,1
TA-15265,C-1846,1
TA-15266,C-1846,1
TA-15267,C-1846,1
TA-15268,C-0356,2
TA-15269,C-1632,2
TA-15270,C-1632,1
TA-15271,C-1846,1
TA-15272,C-1846,1
TA-15273,C-1846,1
TA-15274,C-1846,1
TA-15275,C-1846,1
TA-15276,C-1846,1
TA-15278,C-0977,1
TA-15279,C-0977,1
TA-15281,C-1630,2
TA-15282,C-1631,1
TA-15283,C-1630,2
TA-15284,C-0930,2
TA-15285,C-1629,1
TA-15286,C-1660,1
TA-15287,C-1660,1
TA-15288,C-1626,2
TA-15292,C-1630,1
TA-15293,C-2029,2
TA-15294,C-2029,2
TA-15295,C-0578,2
TA-15299,C-1629,2
TA-15300,C-1629,2
TA-15301,C-1629,2
TA-15302,C-1629,2
TA-15303,C-1629,2
TA-15304,C-1631,1
TA-15305,C-1629,2
TA-15306,C-1632,2
TA-15308,C-1631,1
TA-15309,C-1631,2
TA-15311,C-1632,1
TA-15312,C-1628,2
TA-15313,C-0544,1
TA-15314,C-1632,2
TA-15315,C-1846,1
TA-15316,C-1846,1
TA-15317,C-1846,1
TA-15318,C-1846,1
TA-15321,C-1781,1
TA-15322,C-1781,1
TA-15329,C-1628,2
TA-15330,C-1629,2
TA-15331,C-1627,2
TA-15332,C-1627,1
TA-15333,C-1629,2
TA-15334,C-1632,2
TA-15337,C-1846,1
TA-15338,C-1846,1
TA-15339,C-1846,1
TA-15340,C-1846,1
TA-15341,C-1846,1
TA-15342,C-1846,2
TA-15343,C-1846,2
TA-15344,C-1846,1
TA-15345,C-1846,1
TA-15347,C-1846,1
TA-15348,C-1846,1
TA-15349,C-1846,1
TA-15350,C-1628,2
TA-15351,C-1628,2
TA-15355,C-1628,2
TA-15356,C-1628,1
TA-15357,C-1628,1
TA-15358,C-1628,1
TA-15359,C-1628,1
TA-15360,C-1628,1
TA-15361,C-1628,1
TA-15363,C-1879,1
TA-15364,C-1630,1
TA-15366,C-1630,1
TA-15367,C-1630,1
TA-15368,C-1630,1
TA-15369,C-1846,1
TA-15370,C-1846,2
TA-15371,C-1846,1
TA-15372,C-1846,1
TA-15373,C-1846,1
TA-15375,C-1846,1
TA-15376,C-1013,1
TA-15377,C-1630,1
TA-15378,C-1629,2
TA-15384,C-1628,1
TA-15386,C-1627,1
TA-15387,C-1627,2
TA-15388,C-1627,2
TA-15389,C-1627,2
TA-15390,C-1627,2
TA-15391,C-1627,2
TA-15392,C-1627,2
TA-15393,C-1627,2
TA-15394,C-1627,2
TA-15395,C-1627,2
TA-15396,C-1627,1
TA-15397,C-1627,2
TA-15398,C-1627,2
TA-15399,C-1627,2
TA-15400,C-1627,2
TA-15401,C-1627,1
TA-15402,C-1629,2
TA-15403,C-1629,2
TA-15404,C-1629,1
TA-15406,C-1627,1
TA-15407,C-1627,1
TA-15408,C-1627,1
TA-15409,C-1627,1
TA-15410,C-1627,2
TA-15411,C-1627,2
TA-15412,C-1846,1
TA-15413,C-1846,1
TA-15414,C-1846,1
TA-15415,C-1846,1
TA-15416,C-1631,2
TA-15425,C-1111,1
TA-15429,C-1846,1
TA-15430,C-1846,1
TA-15431,C-1846,1
TA-15435,C-0579,2
TA-15436,C-1631,1
TA-15437,C-1630,1
TA-15439,C-1630,1
TA-15440,C-1631,1
TA-15442,C-1846,1
TA-15443,C-1846,1
TA-15444,C-1846,1
TA-15445,C-1632,1
TA-15447,C-1628,2
TA-15448,C-1654,1
TA-15454,C-1629,2
TA-15455,C-1629,1
TA-15456,C-1632,1
TA-15457,C-1631,1
TA-15458,C-1631,1
TA-15459,C-1630,1
TA-15460,C-1632,2
TA-15461,C-1630,1
TA-15462,C-1629,1
TA-15463,C-0580,2
TA-15464,C-1628,2
TA-15468,C-1628,2
TA-15469,C-1628,2
TA-15475,C-1628,2
TA-15478,C-1630,2
TA-15479,C-1630,2
TA-15480,C-1630,2
TA-15481,C-1761,1
TA-15482,C-1761,1
TA-15483,C-1631,1
TA-15484,C-1632,2
TA-15485,C-1632,2
TA-15488,C-0583,1
TA-15489,C-1628,1
TA-15491,C-1885,1
TA-15492,C-0683,1
TA-15493,C-1629,1
TA-15496,C-1628,2
TA-15497,C-1628,2
TA-15498,C-1628,2
TA-15499,C-1629,2
TA-15500,C-1631,2
TA-15505,C-0580,2
TA-15506,C-0580,2
TA-15507,C-0580,2
TA-15508,C-1630,1
TA-15509,C-1630,1
TA-15510,C-1631,1
TA-15511,C-1631,1
TA-15512,C-1595,1
TA-15515,C-1630,2
TA-15516,C-1627,1
TA-15518,C-1632,1
TA-15519,C-1632,2
TA-15522,C-1233,1
TA-15528,C-1661,1
TA-15529,C-1627,1
TA-15533,C-1627,2
TA-15534,C-1631,1
TA-15535,C-1632,1
TA-15536,C-1630,1
TA-15537,C-0979,1
TA-15538,C-0979,1
TA-15541,C-1846,1
TA-15545,C-1089,1
TA-15548,C-1089,1
TA-15551,C-0449,2
TA-15552,C-0581,2
TA-15553,C-0053,1
TA-15554,C-1911,1
TA-15555,C-1630,2
TA-15556,C-1911,1
TA-15557,C-2029,1
TA-15558,C-1629,1
TA-15559,C-1629,1
TA-15561,C-1632,1
TA-15567,C-1632,2
TA-15568,C-1632,1
TA-15569,C-0793,1
TA-15576,C-1631,1
TA-15577,C-2029,1
TA-15581,C-1846,1
TA-15582,C-1630,1
TA-15583,C-1630,1
TA-15584,C-1421,1
TA-15585,C-1629,2
TA-15586,C-1629,2
TA-15587,C-1629,1
TA-15588,C-1629,1
TA-15590,C-1846,2
TA-15591,C-1630,2
TA-15592,C-1630,2
TA-15593,C-1629,2
TA-15594,C-1629,2
TA-15595,C-1631,1
TA-15596,C-0405,1
TA-15597,C-1726,1
TA-15602,C-1627,2
TA-15603,C-1627,2
TA-15604,C-1627,2
TA-15605,C-1627,2
TA-15606,C-1627,2
TA-15607,C-1627,2
TA-15608,C-1627,2
TA-15609,C-1627,2
TA-15610,C-1627,2
TA-15611,C-1627,2
TA-15612,C-1627,2
TA-15613,C-1637,1
TA-15614,C-1637,1
TA-15620,C-0863,1
TA-15622,C-1781,1
TA-15623,C-1781,1
TA-15624,C-1628,2
TA-15626,C-1631,2
TA-15629,C-1421,1
TA-15630,C-1632,2
TA-15631,C-1846,1
TA-15632,C-0401,1
TA-15638,C-1630,1
TA-15639,C-1630,1
TA-15640,C-1629,2
TA-15641,C-1627,2
TA-15642,C-1598,1
TA-15643,C-1629,1
TA-15644,C-1629,2
TA-15648,C-1628,2
TA-15650,C-1095,1
TA-15652,C-1102,1
TA-15653,C-0275,1
TA-15654,C-1095,1
TA-15655,C-0071,1
TA-15656,C-2009,1
TA-15657,C-1628,2
TA-15658,C-1628,2
TA-15659,C-1628,2
TA-15660,C-1628,2
TA-15661,C-1628,2
TA-15662,C-1628,2
TA-15663,C-1628,2
TA-15664,C-1628,2
TA-15665,C-1628,2
TA-15666,C-1628,2
TA-15667,C-1846,1
TA-15668,C-1628,2
TA-15669,C-1631,1
TA-15670,C-1629,2
TA-15671,C-1629,1
TA-15672,C-1631,2
TA-15673,C-1654,2
TA-15674,C-1629,2
TA-15675,C-1631,1
TA-15676,C-1629,2
TA-15677,C-1628,2
TA-15678,C-1629,2
TA-15679,C-1744,1
TA-15680,C-1631,1
TA-15681,C-1631,1
TA-15682,C-1631,1
TA-15683,C-1631,2
TA-15684,C-2029,2
TA-15685,C-2029,2
TA-15686,C-1627,2
TA-15687,C-1632,2
TA-15688,C-1632,2
TA-15689,C-1628,2
TA-15690,C-1421,2
TA-15691,C-1631,2
TA-15692,C-1631,2
TA-15693,C-1631,2
TA-15694,C-1631,2
TA-15695,C-1631,2
TA-15696,C-2003,1
TA-15697,C-2003,1
TA-15698,C-1635,1
TA-15699,C-1635,1
TA-15703,C-1630,1
TA-15704,C-1123,1
TA-15708,C-1631,1
TA-15709,C-1631,1
TA-15712,C-1632,1
TA-15713,C-1640,1
TA-15714,C-1631,1
TA-15715,C-1631,1
TA-15716,C-1630,1
TA-15717,C-1630,1
TA-15718,C-1628,2
TA-15719,C-1629,2
TA-15720,C-1628,2
TA-15721,C-1632,1
TA-15722,C-1631,2
TA-15723,C-1629,2
TA-15724,C-1244,2
TA-15725,C-1244,2
TA-15726,C-1628,2
TA-15729,C-1632,1
TA-15730,C-1630,1
TA-15731,C-1631,1
TA-15732,C-1631,1
TA-15733,C-1631,2
TA-15734,C-1631,2
TA-15735,C-1631,1
TA-15736,C-1631,1
TA-15737,C-1631,1
TA-15738,C-1629,1
TA-15739,C-1649,1
TA-15741,C-1632,1
TA-15742,C-1629,1
TA-15743,C-1631,2
TA-15744,C-1630,1
TA-15745,C-1641,1
TA-15746,C-1631,2
TA-15747,C-1654,2
TA-15748,C-1632,1
TA-15749,C-1846,2
TA-15750,C-1846,2
TA-15751,C-1846,2
TA-15752,C-1631,1
TA-15753,C-1629,1
TA-15754,C-1629,1
TA-15755,C-1629,1
TA-15762,C-1631,1
TA-15763,C-1632,2
TA-15764,C-1628,2
TA-15765,C-1631,2
TA-15766,C-1631,1
TA-15767,C-1630,2
TA-15769,C-1630,1
TA-15770,C-1631,2
TA-15771,C-1630,2
TA-15772,C-1631,1
TA-15774,C-1631,1
TA-15775,C-1631,1
TA-15782,C-1632,1
TA-15783,C-1632,1
TA-15786,C-1963,1
TA-15795,C-1632,1
TA-15796,C-1635,1
TA-15797,C-1635,1
TA-15798,C-1635,2
TA-15799,C-1635,1
TA-15800,C-1629,2
TA-15801,C-1640,1
TA-15802,C-1629,2
TA-15810,C-1632,1
TA-15812,C-1629,1
TA-15814,C-1661,1
TA-15815,C-1629,2
TA-15816,C-1629,2
TA-15817,C-1244,2
TA-15818,C-1629,2
TA-15819,C-1629,2
TA-15820,C-1629,2
TA-15821,C-1629,2
TA-15822,C-1629,2
TA-15823,C-1631,2
TA-15824,C-1629,2
TA-15825,C-1629,2
TA-15826,C-1629,2
TA-15827,C-1631,2
TA-15828,C-1629,2
TA-15829,C-1624,1
TA-15830,C-1629,1
TA-15831,C-1629,2
TA-15832,C-1629,2
TA-15838,C-1630,2
TA-15839,C-1630,2
TA-15840,C-1632,2
TA-15841,C-1628,2
TA-15847,C-0112,1
TA-15848,C-0112,1
TA-15850,C-2009,1
TA-15851,C-2009,1
TA-15853,C-1867,1
TA-15854,C-1633,1
TA-15855,C-1552,1
TA-15857,C-1628,1
TA-15858,C-1628,1
TA-15862,C-1631,1
TA-15863,C-1846,1
TA-15864,C-1846,1
TA-15865,C-1846,1
TA-15866,C-1846,1
TA-15867,C-1846,1
TA-15871,C-1628,1
TA-15874,C-0491,1
TA-15875,C-0581,2
TA-15876,C-1632,1
TA-15877,C-1630,2
TA-15878,C-1628,2
TA-15879,C-1969,1
TA-15881,C-0817,1
TA-15884,C-1629,2
TA-15885,C-1632,1
TA-15886,C-1629,2
TA-15887,C-1631,2
TA-15888,C-1631,2
TA-15890,C-1629,2
TA-15891,C-1629,2
TA-15892,C-1629,2
TA-15893,C-1629,1
TA-15911,C-1629,1
TA-15912,C-1633,1
TA-15914,C-0774,1
TA-15915,C-0774,1
TA-15916,C-1629,2
TA-15917,C-1629,2
TA-15918,C-1627,1
TA-15922,C-1846,1
TA-15923,C-0688,1
TA-15924,C-0016,1
TA-15925,C-0016,1
TA-15926,C-0016,1
TA-15927,C-0016,1
TA-15928,C-0688,1
TA-15929,C-1024,1
TA-15930,C-1024,1
TA-15934,C-1910,1
TA-15935,C-1761,1
TA-15936,C-1910,1
TA-15938,C-1607,1
TA-15939,C-1507,1
TA-15941,C-1633,1
TA-15942,C-1633,1
TA-15943,C-1631,1
TA-15945,C-1654,2
TA-15946,C-1631,2
TA-15954,C-1629,2
TA-15955,C-2004,1
TA-15956,C-1625,1
TA-15965,C-1627,2
TA-15966,C-1629,2
TA-15967,C-1654,2
TA-15968,C-1631,2
TA-15969,C-2005,1
TA-15975,C-2019,1
TA-15976,C-1631,1
TA-15979,C-1632,1
TA-15980,C-1632,1
TA-15981,C-1632,1
TA-15984,C-1621,1
TA-15985,C-1629,1
TA-15986,C-1629,2
TA-15990,C-1628,2
TA-15991,C-1628,2
TA-15992,C-1629,2
TA-15993,C-1629,2
TA-15994,C-1629,2
TA-15995,C-1629,2
TA-15996,C-1629,2
TA-15997,C-1642,1
TA-15998,C-1642,1
TA-16009,C-1629,2
TA-16010,C-1629,1
TA-16011,C-1631,2
TA-16012,C-1631,1
TA-16013,C-1631,2
TA-16014,C-1631,2
TA-16015,C-1631,2
TA-16016,C-1631,2
TA-16017,C-1631,1
TA-16018,C-0095,2
TA-16019,C-1629,2
TA-16021,C-1630,1
TA-16023,C-1628,1
TA-16024,C-1631,2
TA-16025,C-1632,1
TA-16026,C-1632,1
TA-16027,C-1628,1
TA-16028,C-1628,1
TA-16029,C-1600,1
TA-16035,C-1244,2
TA-16036,C-1846,1
TA-16037,C-1631,2
TA-16038,C-1631,2
TA-16039,C-1631,2
TA-16040,C-1631,2
TA-16041,C-1631,1
TA-16042,C-1631,1
TA-16043,C-1631,1
TA-16044,C-2005,1
TA-16046,C-1628,2
TA-16047,C-1744,1
TA-16048,C-1631,2
TA-16049,C-1631,2
TA-16050,C-1632,2
TA-16054,C-1628,2
TA-16055,C-1628,2
TA-16056,C-1628,2
TA-16057,C-1628,2
TA-16058,C-1622,1
TA-16059,C-1660,2
TA-16060,C-1632,2
TA-16061,C-1631,2
TA-16062,C-1629,2
TA-16063,C-1629,1
TA-16064,C-1244,2
TA-16065,C-1629,2
TA-16066,C-1628,1
TA-16067,C-1629,2
TA-16068,C-1631,2
TA-16069,C-1631,2
TA-16070,C-1629,2
TA-16071,C-1631,2
TA-16073,C-1648,1
TA-16074,C-1138,1
TA-16075,C-1631,2
TA-16076,C-1630,2
TA-16077,C-1629,2
TA-16078,C-1629,2
TA-16079,C-1631,2
TA-16081,C-1631,1
TA-16082,C-1629,2
TA-16083,C-1628,2
TA-16084,C-1628,2
TA-16085,C-1628,2
TA-16086,C-1629,2
TA-16087,C-1622,1
TA-16088,C-1630,2
TA-16089,C-1631,2
TA-16092,C-1631,1
TA-16093,C-1631,1
TA-16097,C-1632,2
TA-16098,C-1629,2
TA-16099,C-1629,2
TA-16100,C-1629,2
TA-16103,C-2028,2
TA-16108,C-1122,1
TA-16110,C-1622,1
TA-16111,C-1622,1
TA-16112,C-1628,2
TA-16113,C-1628,2
TA-16114,C-1629,1
TA-16115,C-2026,2
TA-16116,C-1633,1
TA-16117,C-1630,2
TA-16118,C-1630,2
TA-16119,C-1630,2
TA-16120,C-1630,2
TA-16121,C-1628,1
TA-16122,C-1628,2
TA-16123,C-1642,1
TA-16124,C-1628,2
TA-16125,C-1628,2
TA-16128,C-0449,2
TA-16130,C-1632,2
TA-16131,C-1631,1
TA-16132,C-1631,1
TA-16133,C-1631,2
TA-16134,C-1631,2
TA-16135,C-1631,1
TA-16136,C-1631,1
TA-16137,C-1630,2
TA-16138,C-1630,2
TA-16140,C-1631,1
TA-16141,C-1631,2
TA-16142,C-2005,1
TA-16143,C-1631,1
TA-16144,C-0261,1
TA-16145,C-1913,1
TA-16146,C-1632,1
TA-16147,C-1632,1
TA-16148,C-1632,1
TA-16149,C-1632,1
TA-16150,C-1632,1
TA-16151,C-1632,1
TA-16152,C-1632,1
TA-16153,C-1632,1
TA-16154,C-1632,1
TA-16155,C-1632,1
TA-16156,C-1632,1
TA-16157,C-1629,2
TA-16161,C-0900,1
TA-16162,C-1629,2
TA-16163,C-1627,2
TA-16164,C-1627,2
TA-16165,C-1627,1
TA-16167,C-1627,2
TA-16168,C-1627,2
TA-16169,C-1627,2
TA-16170,C-1627,2
TA-16172,C-1627,1
TA-16173,C-1627,2
TA-16174,C-1627,1
TA-16175,C-1627,1
TA-16176,C-1627,1
TA-16177,C-1627,2
TA-16178,C-1627,1
TA-16179,C-1630,1
TA-16180,C-2008,1
TA-16182,C-1629,1
TA-16183,C-1629,1
TA-16184,C-1641,1
TA-16187,C-1631,1
TA-16188,C-1630,1
TA-16189,C-1631,1
TA-16190,C-1631,1
TA-16191,C-1629,1
TA-16193,C-1631,1
TA-16196,C-1631,1
TA-16197,C-1631,1
TA-16198,C-1638,1
TA-16199,C-1629,1
TA-16200,C-0808,1
TA-16202,C-1632,2
TA-16204,C-1631,2
TA-16205,C-1654,2
TA-16206,C-1629,2
TA-16211,C-1629,2
TA-16212,C-1629,2
TA-16213,C-1631,1
TA-16214,C-1629,2
TA-16215,C-1624,1
TA-16216,C-1629,2
TA-16217,C-1660,2
TA-16218,C-1629,2
TA-16219,C-1629,2
TA-16220,C-1622,1
TA-16221,C-1629,1
TA-16222,C-1622,1
TA-16223,C-1638,1
TA-16225,C-1645,1
TA-16226,C-1628,1
TA-16227,C-1628,1
TA-16228,C-1628,1
TA-16229,C-1629,2
TA-16230,C-1629,2
TA-16231,C-1629,2
TA-16232,C-1629,2
TA-16233,C-1629,2
TA-16234,C-1629,2
TA-16235,C-1631,1
TA-16237,C-1632,1
TA-16238,C-1632,2
TA-16239,C-1632,2
TA-16240,C-1629,2
TA-16241,C-1630,1
TA-16242,C-1630,1
TA-16243,C-1629,1
TA-16246,C-1628,2
TA-16250,C-1631,2
TA-16251,C-1893,1
TA-16252,C-1893,1
TA-16253,C-1629,2
TA-16254,C-0449,2
TA-16256,C-1632,2
TA-16258,C-1630,1
TA-16259,C-1629,2
TA-16260,C-1629,2
TA-16261,C-1244,2
TA-16262,C-1244,2
TA-16263,C-1124,1
TA-16265,C-1631,2
TA-16266,C-1631,2
TA-16267,C-1627,1
TA-16268,C-1628,2
TA-16269,C-1628,2
TA-16270,C-1628,2
TA-16271,C-1622,1
TA-16272,C-1628,2
TA-16273,C-1585,1
TA-16274,C-1629,2
TA-16276,C-1622,1
TA-16277,C-1622,1
TA-16283,C-1622,1
TA-16284,C-1622,1
TA-16285,C-1622,1
TA-16286,C-1622,1
TA-16287,C-1622,1
TA-16288,C-1628,2
TA-16289,C-1630,1
TA-16290,C-1629,2
TA-16291,C-1846,2
TA-16292,C-1846,2
TA-16295,C-1792,1
TA-16299,C-1631,2
TA-16300,C-1630,1
TA-16301,C-1128,1
TA-16302,C-1630,2
TA-16303,C-1631,1
TA-16305,C-1631,2
TA-16306,C-1631,1
TA-16307,C-1631,1
TA-16312,C-1628,1
TA-16321,C-1233,1
TA-16323,C-1969,1
TA-16329,C-1598,1
TA-16330,C-0520,1
TA-16333,C-1172,1
TA-16338,C-1631,2
TA-16339,C-1631,2
TA-16340,C-1317,1
TA-16341,C-1317,1
TA-16342,C-1317,1
TA-16343,C-1317,1
TA-16344,C-1631,1
TA-16345,C-0989,1
TA-16346,C-0989,1
TA-16347,C-0989,1
TA-16348,C-1075,1
TA-16349,C-1632,1
TA-16351,C-1632,1
TA-16352,C-1005,1
TA-16353,C-0388,1
TA-16354,C-1761,1
TA-16355,C-0389,1
TA-16356,C-1628,1
TA-16358,C-1630,1
TA-16359,C-1631,1
TA-16360,C-0924,1
TA-16361,C-1600,1
TA-16362,C-1628,2
TA-16363,C-1628,2
TA-16364,C-1631,2
TA-16365,C-1631,2
TA-16366,C-1628,2
TA-16367,C-1627,2
TA-16369,C-1628,2
TA-16371,C-1628,2
TA-16372,C-1628,2
TA-16373,C-1628,2
TA-16374,C-1628,2
TA-16375,C-1631,2
TA-16376,C-1631,2
TA-16377,C-1628,2
TA-16378,C-1628,2
TA-16379,C-1628,2
TA-16380,C-1628,2
TA-16381,C-1628,2
TA-16382,C-1628,2
TA-16383,C-1632,2
TA-16384,C-1632,2
TA-16385,C-1628,2
TA-16387,C-1846,1
TA-16388,C-1629,2
TA-16389,C-1629,2
TA-16395,C-0964,1
TA-16396,C-1627,2
TA-16397,C-1627,2
TA-16398,C-1631,2
TA-16399,C-1631,2
TA-16400,C-1629,1
TA-16401,C-1633,1
TA-16402,C-1633,1
TA-16403,C-1633,1
TA-16404,C-1633,1
TA-16405,C-1633,1
TA-16406,C-1633,1
TA-16409,C-1630,2
TA-16410,C-1630,2
TA-16411,C-1867,1
TA-16412,C-1628,2
TA-16413,C-1630,2
TA-16415,C-1647,1
TA-16419,C-1628,2
TA-16420,C-1628,2
TA-16421,C-1628,2
TA-16422,C-1628,2
TA-16423,C-1631,2
TA-16425,C-0071,1
TA-16426,C-0071,1
TA-16427,C-0071,1
TA-16428,C-1615,1
TA-16430,C-1761,1
TA-16431,C-1628,1
TA-16432,C-0389,1
TA-16433,C-1628,2
TA-16434,C-1629,2
TA-16437,C-1083,1
TA-16438,C-1630,1
TA-16439,C-1630,1
TA-16441,C-1140,1
TA-16442,C-1632,1
TA-16443,C-1898,4
TA-16447,C-2026,2
TA-16448,C-1649,1
TA-16449,C-1632,1
TA-16451,C-1632,1
TA-16453,C-1632,1
TA-16457,C-1907,1
TA-16458,C-1907,1
TA-16459,C-0090,1
TA-16462,C-1631,2
TA-16463,C-0071,1
TA-16464,C-1095,1
TA-16466,C-2029,2
TA-16467,C-2029,2
TA-16469,C-2029,2
TA-16471,C-2029,2
TA-16473,C-1625,1
TA-16474,C-2029,2
TA-16475,C-1632,1
TA-16476,C-1632,1
TA-16477,C-1628,1
TA-16478,C-1628,1
TA-16495,C-1637,1
TA-16496,C-1637,1
TA-16497,C-1620,1
TA-16498,C-1620,1
TA-16499,C-1846,1
TA-16500,C-1846,1
TA-16501,C-1632,2
TA-16502,C-1632,2
TA-16504,C-1940,4
TA-16505,C-1629,2
TA-16506,C-1629,2
TA-16507,C-1628,2
TA-16508,C-1631,2
TA-16509,C-1629,2
TA-16510,C-1629,2
TA-16511,C-1631,2
TA-16512,C-1629,1
TA-16513,C-1629,1
TA-16514,C-0388,1
TA-16515,C-0388,1
TA-16516,C-1846,1
TA-16517,C-1846,1
TA-16518,C-1846,1
TA-16519,C-1846,1
TA-16520,C-1846,1
TA-16521,C-1846,1
TA-16522,C-1630,1
TA-16523,C-0770,1
TA-16524,C-1707,1
TA-16526,C-1630,1
TA-16528,C-1244,1
TA-16529,C-1244,1
TA-16530,C-1244,1
TA-16531,C-1095,1
TA-16535,C-1632,2
TA-16536,C-1627,2
TA-16537,C-1628,2
TA-16538,C-1633,1
TA-16539,C-0497,1
TA-16540,C-1631,1
TA-16545,C-1104,1
TA-16546,C-1628,2
TA-16547,C-1628,2
TA-16548,C-1631,2
TA-16549,C-0163,1
TA-16550,C-1629,1
TA-16551,C-1629,1
TA-16556,C-1628,2
TA-16557,C-1649,1
TA-16558,C-1649,1
TA-16559,C-1629,1
TA-16560,C-1629,1
TA-16561,C-1629,2
TA-16562,C-1629,1
TA-16563,C-1629,2
TA-16564,C-1624,1
TA-16565,C-1624,1
TA-16566,C-1631,1
TA-16567,C-1631,1
TA-16568,C-1631,1
TA-16569,C-1631,1
TA-16570,C-1631,1
TA-16571,C-1631,1
TA-16572,C-1631,1
TA-16575,C-1629,1
TA-16576,C-1629,1
TA-16577,C-1633,1
TA-16578,C-1911,1
TA-16579,C-1630,1
TA-16580,C-1631,1
TA-16581,C-1632,1
TA-16584,C-1846,1
TA-16587,C-0288,1
TA-16588,C-0071,2
TA-16589,C-0071,2
TA-16592,C-1628,2
TA-16593,C-1628,1
TA-16599,C-0449,2
TA-16600,C-1628,2
TA-16601,C-1628,2
TA-16602,C-1629,1
TA-16603,C-1629,1
TA-16604,C-1629,1
TA-16605,C-1631,1
TA-16607,C-1652,1
TA-16608,C-1652,1
TA-16609,C-1652,1
TA-16610,C-1652,1
TA-16611,C-1629,2
TA-16612,C-1627,2
TA-16613,C-1627,2
TA-16616,C-1627,2
TA-16617,C-1627,2
TA-16619,C-1627,1
TA-16620,C-1627,2
TA-16621,C-1629,1
TA-16623,C-1629,1
TA-16624,C-1631,1
TA-16628,C-1628,2
TA-16629,C-1632,2
TA-16630,C-1629,1
TA-16631,C-1629,1
TA-16632,C-1628,2
TA-16633,C-1628,2
TA-16636,C-1632,2
TA-16637,C-1631,2
TA-16638,C-1629,2
TA-16639,C-1628,2
TA-16640,C-1628,2
TA-16641,C-1628,2
TA-16642,C-1628,2
TA-16643,C-1629,2
TA-16644,C-1628,2
TA-16645,C-1628,2
TA-16646,C-1628,2
TA-16647,C-1628,2
TA-16650,C-0774,1
TA-16651,C-0774,1
TA-16665,C-1632,2
TA-16670,C-0404,1
TA-16671,C-1629,1
TA-16673,C-1843,1
TA-16674,C-1628,2
TA-16675,C-1628,2
TA-16676,C-1843,1
TA-16677,C-0787,1
TA-16678,C-1629,1
TA-16679,C-1629,1
TA-16680,C-1631,2
TA-16681,C-1631,2
TA-16682,C-0449,1
TA-16684,C-1641,1
TA-16685,C-0580,1
TA-16688,C-1102,1
TA-16689,C-1095,1
TA-16692,C-1630,1
TA-16693,C-1630,1
TA-16694,C-1630,2
TA-16695,C-1630,1
TA-16696,C-1631,2
TA-16697,C-1631,2
TA-16698,C-1630,2
TA-16699,C-1630,2
TA-16700,C-1630,1
TA-16701,C-1630,1
TA-16702,C-1632,1
TA-16703,C-1631,1
TA-16704,C-1631,1
TA-16708,C-1631,2
TA-16709,C-1631,2
TA-16710,C-1628,2
TA-16711,C-1628,2
TA-16713,C-1143,1
TA-16714,C-1846,1
TA-16715,C-1632,1
TA-16716,C-1631,2
TA-16722,C-1846,1
TA-16723,C-1629,2
TA-16727,C-1628,2
TA-16728,C-1628,2
TA-16729,C-1309,1
TA-16730,C-1309,1
TA-16731,C-1628,2
TA-16732,C-1628,2
TA-16733,C-1630,2
TA-16734,C-1628,2
TA-16735,C-1629,1
TA-16736,C-1629,1
TA-16737,C-1629,1
TA-16739,C-1632,2
TA-16742,C-1624,1
TA-16743,C-1624,1
TA-16744,C-1628,2
TA-16745,C-1660,2
TA-16746,C-1758,1
TA-16747,C-1758,1
TA-16748,C-1628,1
TA-16749,C-1627,1
TA-16750,C-1627,2
TA-16751,C-1627,2
TA-16752,C-1627,1
TA-16755,C-1630,1
TA-16756,C-1630,1
TA-16757,C-1628,1
TA-16758,C-1628,1
TA-16759,C-1628,1
TA-16760,C-2028,2
TA-16761,C-1640,1
TA-16762,C-0001,2
TA-16764,C-1631,2
TA-16765,C-1630,2
TA-16766,C-1774,1
TA-16768,C-0008,2
TA-16769,C-0008,2
TA-16770,C-1907,1
TA-16772,C-1161,1
TA-16774,C-1627,1
TA-16775,C-1627,1
TA-16776,C-0071,1
TA-16778,C-1629,2
TA-16779,C-1629,2
TA-16782,C-1244,2
TA-16783,C-1630,1
TA-16784,C-1910,1
TA-16785,C-2005,1
TA-16787,C-2021,1
TA-16788,C-2021,1
TA-16789,C-1164,1
TA-16790,C-1632,1
TA-16791,C-1632,1
TA-16793,C-1629,1
TA-16796,C-1244,1
TA-16797,C-1244,1
TA-16799,C-1629,1
TA-16800,C-0409,1
TA-16801,C-0409,1
TA-16802,C-1629,2
TA-16807,C-1631,1
TA-16808,C-1631,2
TA-16810,C-0389,1
TA-16811,C-0389,1
TA-16813,C-1629,2
TA-16815,C-0449,1
TA-16816,C-1622,1
TA-16817,C-1622,1
TA-16818,C-1622,1
TA-16819,C-1622,1
TA-16820,C-1622,1
TA-16850,C-1598,1
TA-16853,C-1632,1
TA-16854,C-1631,2
TA-16855,C-1631,2
TA-16856,C-1627,1
TA-16857,C-1627,1
TA-16858,C-1631,1
TA-16859,C-1631,1
TA-16860,C-1729,1
TA-16862,C-1631,2
TA-16863,C-1631,2
TA-16864,C-1631,2
TA-16865,C-1631,2
TA-16866,C-1120,1
TA-16867,C-1628,2
TA-16868,C-1781,1
TA-16871,C-1628,1
TA-16872,C-1628,2
TA-16877,C-1628,1
TA-16880,C-1631,2
TA-16881,C-1997,1
TA-16882,C-1628,2
TA-16883,C-1628,2
TA-16884,C-1997,1
TA-16885,C-1997,1
TA-16886,C-1867,1
TA-16887,C-1633,1
TA-16888,C-1632,2
TA-16890,C-0102,2
TA-16891,C-0102,2
TA-16896,C-1631,1
TA-16897,C-1631,1
TA-16898,C-1631,1
TA-16899,C-1629,2
TA-16900,C-1632,1
TA-16901,C-1632,1
TA-16902,C-2021,1
TA-16903,C-2021,1
TA-16904,C-2019,1
TA-16905,C-1628,1
TA-16906,C-1631,2
TA-16907,C-1631,1
TA-16908,C-1631,1
TA-16910,C-1631,2
TA-16912,C-1631,1
TA-16913,C-1625,1
TA-16914,C-1631,2
TA-16915,C-1629,2
TA-16916,C-1629,1
TA-16917,C-1629,2
TA-16918,C-1629,1
TA-16919,C-1627,2
TA-16920,C-1627,2
TA-16921,C-1627,1
TA-16922,C-1627,1
TA-16923,C-1627,2
TA-16924,C-1627,2
TA-16925,C-1627,2
TA-16926,C-1627,2
TA-16927,C-1627,2
TA-16928,C-1627,2
TA-16929,C-1627,2
TA-16930,C-1627,2
TA-16933,C-1627,2
TA-16934,C-1627,2
TA-16935,C-1627,1
TA-16936,C-1627,2
TA-16937,C-1627,1
TA-16938,C-1627,1
TA-16939,C-1627,2
TA-16940,C-1627,1
TA-16941,C-1627,2
TA-16942,C-1627,2
TA-16943,C-1627,1
TA-16944,C-1627,2
TA-16945,C-1627,2
TA-16946,C-1629,2
TA-16947,C-1627,2
TA-16948,C-1627,2
TA-16949,C-1627,2
TA-16950,C-1627,2
TA-16951,C-1627,1
TA-16952,C-1627,1
TA-16953,C-1627,2
TA-16954,C-1627,2
TA-16955,C-1629,2
TA-16956,C-1627,2
TA-16957,C-1627,2
TA-16958,C-1627,1
TA-16959,C-1627,1
TA-16961,C-1627,1
TA-16962,C-1627,2
TA-16963,C-1627,2
TA-16964,C-1627,2
TA-16965,C-1627,2
TA-16966,C-1627,2
TA-16967,C-1627,2
TA-16968,C-1627,1
TA-16970,C-1627,2
TA-16971,C-1627,2
TA-16972,C-1627,2
TA-16973,C-1627,1
TA-16975,C-1627,2
TA-16976,C-1627,1
TA-16977,C-1629,1
TA-16978,C-1629,1
TA-16982,C-1604,1
TA-16985,C-1631,1
TA-16986,C-1629,2
TA-16990,C-1629,1
TA-16991,C-1629,1
TA-16993,C-1630,2
TA-16994,C-1630,2
TA-16995,C-1631,2
TA-16996,C-1635,2
TA-16997,C-1631,2
TA-16998,C-1631,2
TA-16999,C-1629,2
TA-17000,C-1629,1
TA-17001,C-1627,2
TA-17002,C-1627,2
TA-17003,C-1627,1
TA-17004,C-1627,1
TA-17005,C-1627,1
TA-17006,C-1627,1
TA-17007,C-1627,1
TA-17009,C-1629,2
TA-17010,C-1631,1
TA-17011,C-1629,1
TA-17013,C-1629,1
TA-17014,C-1629,1
TA-17015,C-1627,2
TA-17016,C-1627,1
TA-17017,C-1629,1
TA-17019,C-1627,2
TA-17020,C-1627,2
TA-17021,C-1627,1
TA-17022,C-1627,2
TA-17023,C-1627,2
TA-17024,C-1627,2
TA-17025,C-1627,2
TA-17026,C-1627,1
TA-17027,C-1627,1
TA-17028,C-1627,1
TA-17030,C-1629,2
TA-17031,C-1629,2
TA-17032,C-1629,2
TA-17033,C-1628,2
TA-17036,C-0683,1
TA-17038,C-0102,2
TA-17039,C-0102,2
TA-17040,C-1628,1
TA-17041,C-1628,1
TA-17043,C-1628,2
TA-17045,C-1629,1
TA-17046,C-1628,1
TA-17047,C-1629,1
TA-17048,C-1005,1
TA-17049,C-1629,1
TA-17050,C-1629,1
TA-17053,C-1761,1
TA-17054,C-1632,1
TA-17055,C-1632,2
TA-17057,C-0052,2
TA-17059,C-1999,1
TA-17060,C-1999,1
TA-17062,C-1262,1
TA-17063,C-1262,1
TA-17064,C-1277,1
TA-17065,C-0388,1
TA-17066,C-0388,1
TA-17067,C-1632,2
TA-17068,C-1629,2
TA-17069,C-1629,2
TA-17070,C-1631,1
TA-17074,C-0001,1
TA-17080,C-1628,2
TA-17081,C-1622,1
TA-17082,C-1660,2
TA-17083,C-1629,2
TA-17084,C-1628,1
TA-17085,C-1628,2
TA-17086,C-0970,1
TA-17087,C-0945,1
TA-17088,C-0946,1
TA-17089,C-0959,1
TA-17090,C-0947,1
TA-17091,C-0970,1
TA-17094,C-0102,1
TA-17095,C-0102,1
TA-17096,C-0415,1
TA-17097,C-0415,1
TA-17098,C-0102,1
TA-17099,C-0102,1
TA-17100,C-1846,1
TA-17101,C-1632,1
TA-17102,C-1631,1
TA-17103,C-1630,2
TA-17104,C-1630,2
TA-17105,C-1625,1
TA-17106,C-1635,2
TA-17109,C-1629,2
TA-17110,C-1629,2
TA-17111,C-1649,1
TA-17112,C-1649,1
TA-17113,C-0122,1
TA-17114,C-0122,1
TA-17115,C-1628,2
TA-17116,C-1632,1
TA-17117,C-1631,2
TA-17118,C-1631,2
TA-17119,C-1135,1
TA-17120,C-1628,1
TA-17121,C-1731,1
TA-17122,C-1731,1
TA-17126,C-1629,1
TA-17127,C-1629,1
TA-17128,C-1629,1
TA-17129,C-1598,1
TA-17130,C-1625,1
TA-17131,C-1625,1
TA-17132,C-1631,2
TA-17133,C-1629,2
TA-17134,C-1104,1
TA-17135,C-0683,1
TA-17136,C-1632,1
TA-17137,C-1632,1
TA-17141,C-1632,1
TA-17142,C-1632,1
TA-17143,C-0388,1
TA-17144,C-0388,1
TA-17145,C-1632,1
TA-17146,C-1632,1
TA-17147,C-0388,1
TA-17148,C-0388,1
TA-17153,C-1627,2
TA-17154,C-1629,2
TA-17156,C-1631,2
TA-17157,C-0937,2
TA-17158,C-1632,1
TA-17159,C-1632,1
TA-17161,C-1632,1
TA-17162,C-1631,1
TA-17163,C-1629,1
TA-17166,C-1172,1
TA-17167,C-1187,1
TA-17168,C-1629,2
TA-17169,C-1630,2
TA-17170,C-1632,2
TA-17171,C-1632,1
TA-17172,C-1631,1
TA-17173,C-1631,1
TA-17174,C-1628,2
TA-17175,C-1628,2
TA-17181,C-1631,1
TA-17182,C-1630,1
TA-17183,C-1628,1
TA-17184,C-1628,2
TA-17185,C-1649,1
TA-17186,C-1632,2
TA-17187,C-1649,1
TA-17188,C-1631,1
TA-17189,C-1632,1
TA-17190,C-1632,1
TA-17193,C-1632,1
TA-17194,C-1625,2
TA-17195,C-1625,2
TA-17196,C-1630,2
TA-17197,C-1631,1
TA-17198,C-1631,1
TA-17199,C-1632,1
TA-17200,C-1421,2
TA-17201,C-1770,1
TA-17202,C-1770,1
TA-17203,C-1628,2
TA-17204,C-1630,1
TA-17205,C-1630,1
TA-17206,C-1630,1
TA-17207,C-1630,1
TA-17208,C-1630,1
TA-17209,C-1630,1
TA-17210,C-1630,1
TA-17211,C-1630,1
TA-17212,C-1168,1
TA-17214,C-1182,4
TA-17215,C-1940,4
TA-17222,C-1628,2
TA-17223,C-1586,1
TA-17224,C-1621,1
TA-17225,C-1622,1
TA-17227,C-1654,1
TA-17228,C-1630,1
TA-17229,C-1629,2
TA-17230,C-1632,1
TA-17233,C-1632,1
TA-17234,C-1628,1
TA-17235,C-1421,2
TA-17236,C-1630,2
TA-17237,C-0405,1
TA-17238,C-1726,1
TA-17239,C-1631,1
TA-17240,C-1631,1
TA-17241,C-1629,2
TA-17242,C-1907,1
TA-17243,C-1628,1
TA-17244,C-1630,2
TA-17245,C-1630,2
TA-17246,C-1629,2
TA-17247,C-1629,2
TA-17248,C-1629,2
TA-17249,C-1244,2
TA-17250,C-1632,2
TA-17251,C-1632,2
TA-17253,C-0048,2
TA-17254,C-0048,2
TA-17255,C-1632,2
TA-17256,C-1631,1
TA-17257,C-1631,1
TA-17258,C-1631,1
TA-17259,C-1631,1
TA-17260,C-1846,1
TA-17261,C-1846,1
TA-17262,C-1183,1
TA-17264,C-1630,1
TA-17265,C-1630,1
TA-17268,C-0679,1
TA-17269,C-0679,1
TA-17270,C-1183,1
TA-17271,C-1628,1
TA-17272,C-1628,1
TA-17274,C-1599,1
TA-17275,C-1599,1
TA-17276,C-1183,1
TA-17277,C-1183,1
TA-17278,C-1183,1
TA-17279,C-1183,1
TA-17280,C-1630,1
TA-17281,C-1630,1
TA-17282,C-1630,1
TA-17283,C-1630,1
TA-17284,C-1630,1
TA-17285,C-1647,1
TA-17286,C-1630,1
TA-17287,C-1630,1
TA-17288,C-1647,1
TA-17289,C-1647,1
TA-17290,C-1630,1
TA-17291,C-1630,1
TA-17293,C-1650,1
TA-17294,C-1633,1
TA-17295,C-1633,1
TA-17296,C-1633,1
TA-17297,C-1650,1
TA-17298,C-0679,1
TA-17299,C-0679,1
TA-17300,C-0679,1
TA-17301,C-0679,1
TA-17303,C-0174,1
TA-17304,C-1846,2
TA-17305,C-1846,2
TA-17307,C-0987,1
TA-17308,C-1745,3
TA-17309,C-1633,1
TA-17313,C-1846,2
TA-17314,C-1632,2
TA-17315,C-1630,1
TA-17316,C-1630,1
TA-17317,C-1630,1
TA-17318,C-1630,1
TA-17319,C-1846,1
TA-17320,C-1631,2
TA-17321,C-1629,1
TA-17322,C-1640,1
TA-17324,C-1846,2
TA-17327,C-1629,1
TA-17328,C-1628,1
TA-17329,C-1629,1
TA-17330,C-1629,2
TA-17331,C-1629,1
TA-17333,C-1629,2
TA-17334,C-1629,2
TA-17335,C-1629,2
TA-17336,C-1629,2
TA-17337,C-1629,2
TA-17338,C-1629,2
TA-17339,C-1629,2
TA-17340,C-1628,1
TA-17343,C-1233,1
TA-17344,C-1846,1
TA-17345,C-1629,1
TA-17346,C-1846,1
TA-17349,C-1629,1
TA-17350,C-1632,2
TA-17353,C-1629,2
TA-17356,C-1631,1
TA-17357,C-1628,2
TA-17359,C-1005,1
TA-17360,C-1005,1
TA-17363,C-0683,1
TA-17364,C-1629,2
TA-17365,C-1144,1
TA-17366,C-1631,2
TA-17368,C-1627,2
TA-17369,C-1631,2
TA-17370,C-0388,1
TA-17371,C-0388,1
TA-17375,C-2019,1
TA-17378,C-1244,2
TA-17382,C-1244,1
TA-17384,C-1629,2
TA-17385,C-1629,2
TA-17386,C-1632,1
TA-17387,C-1631,2
TA-17388,C-1631,2
TA-17389,C-1628,1
TA-17391,C-1630,1
TA-17392,C-1846,1
TA-17393,C-1632,2
TA-17394,C-1074,1
TA-17395,C-1629,2
TA-17397,C-1632,1
TA-17398,C-1632,1
TA-17399,C-1632,1
TA-17400,C-1631,1
TA-17401,C-1631,1
TA-17403,C-1790,1
TA-17406,C-1631,2
TA-17407,C-1629,2
TA-17408,C-1624,1
TA-17409,C-1631,2
TA-17410,C-1631,2
TA-17411,C-2001,1
TA-17412,C-1632,1
TA-17413,C-1846,1
TA-17414,C-1846,1
TA-17415,C-1172,1
TA-17417,C-1631,2
TA-17418,C-1846,1
TA-17419,C-1846,1
TA-17420,C-1631,2
TA-17421,C-1631,2
TA-17430,C-1104,1
TA-17431,C-1903,1
TA-17433,C-0409,1
TA-17434,C-0409,1
TA-17435,C-0409,1
TA-17436,C-0409,1
TA-17437,C-1995,1
TA-17438,C-1995,1
TA-17440,C-0831,1
TA-17445,C-0449,2
TA-17448,C-1244,1
TA-17449,C-1244,1
TA-17450,C-0449,2
TA-17459,C-1244,2
TA-17460,C-1244,2
TA-17461,C-1244,2
TA-17462,C-1244,2
TA-17463,C-1244,2
TA-17464,C-1244,2
TA-17465,C-1244,2
TA-17470,C-0449,1
TA-17472,C-1312,1
TA-17474,C-1845,1
TA-17475,C-1845,1
TA-17476,C-1845,1
TA-17478,C-1244,2
TA-17479,C-1244,2
TA-17481,C-0449,1
TA-17482,C-1846,1
TA-17485,C-0449,1
TA-17488,C-1206,2
TA-17496,C-0449,2
TA-17497,C-0449,2
TA-17498,C-0449,2
TA-17499,C-0449,2
TA-17500,C-1244,2
TA-17502,C-1846,2
TA-17503,C-1846,2
TA-17504,C-1846,2
TA-17505,C-1846,2
TA-17506,C-1846,2
TA-17509,C-0004,2
TA-17522,C-0001,2
TA-17523,C-0449,2
TA-17524,C-0449,2
TA-17525,C-1244,2
TA-17526,C-0449,2
TA-17527,C-0449,2
TA-17528,C-1421,1
TA-17529,C-0449,1
TA-17531,C-1244,2
TA-17532,C-1846,2
TA-17533,C-0449,2
TA-17534,C-1244,2
TA-17535,C-0004,2
TA-17536,C-0001,1
TA-17537,C-1394,1
TA-17538,C-1244,2
TA-17539,C-1244,2
TA-17540,C-1244,2
TA-17541,C-1846,2
TA-17542,C-1244,2
TA-17543,C-1846,2
TA-17544,C-0449,2
TA-17545,C-0449,2
TA-17546,C-0004,2
TA-17555,C-0445,1
TA-17556,C-1244,2
TA-17557,C-1244,2
TA-17558,C-1244,2
TA-17559,C-1244,2
TA-17560,C-1244,2
TA-17561,C-1244,2
TA-17567,C-0445,2
TA-17568,C-0001,2
TA-17573,C-1244,2
TA-17574,C-1244,2
TA-17575,C-0004,2
TA-17577,C-0449,2
TA-17578,C-0449,2
TA-17579,C-0449,2
TA-17582,C-1714,1
TA-17583,C-1244,2
TA-17584,C-0458,1
TA-17585,C-0449,2
TA-17586,C-0449,2
TA-17587,C-0449,2
TA-17588,C-0449,2
TA-17589,C-0449,2
TA-17590,C-0449,2
TA-17591,C-0449,2
TA-17592,C-0449,2
TA-17593,C-0449,2
TA-17594,C-1846,2
TA-17595,C-1846,1
TA-17597,C-1630,2
TA-17598,C-1631,2
TA-17599,C-1631,2
TA-17600,C-1629,2
TA-17601,C-1629,2
TA-17602,C-1629,2
TA-17603,C-1630,2
TA-17604,C-1630,1
TA-17605,C-1631,1
TA-17606,C-1631,1
TA-17607,C-1631,1
TA-17608,C-1630,2
TA-17609,C-1630,2
TA-17611,C-1718,1
TA-17612,C-1718,1
TA-17613,C-1846,1
TA-17614,C-1244,1
TA-17615,C-1631,1
TA-17616,C-1631,1
TA-17617,C-1548,1
TA-17618,C-1548,1
TA-17619,C-1897,1
TA-17620,C-1896,1
TA-17621,C-1627,2
TA-17622,C-1625,1
TA-17623,C-1845,1
TA-17624,C-1845,1
TA-17625,C-1628,1
TA-17626,C-1628,2
TA-17627,C-1628,2
TA-17629,C-1632,1
TA-17630,C-1621,1
TA-17631,C-1627,2
TA-17632,C-1627,2
TA-17633,C-1625,2
TA-17635,C-1589,1
TA-17637,C-1626,1
TA-17641,C-1244,1
TA-17642,C-1244,1
TA-17643,C-1244,1
TA-17644,C-1244,1
TA-17645,C-1244,1
TA-17646,C-1244,1
TA-17650,C-1641,1
TA-17651,C-1632,1
TA-17652,C-1632,1
TA-17656,C-1472,1
TA-17657,C-1473,1
TA-17658,C-1631,2
TA-17659,C-1631,1
TA-17660,C-1631,2
TA-17661,C-1631,1
TA-17662,C-1630,1
TA-17663,C-1631,1
TA-17664,C-1631,2
TA-17665,C-1631,2
TA-17666,C-1630,2
TA-17667,C-1631,2
TA-17668,C-1630,2
TA-17669,C-1630,2
TA-17673,C-0410,1
TA-17674,C-0410,1
TA-17683,C-1631,1
TA-17687,C-1629,2
TA-17691,C-1244,1
TA-17692,C-1244,1
TA-17693,C-1244,1
TA-17694,C-1244,1
TA-17695,C-1244,1
TA-17696,C-1244,1
TA-17697,C-1244,1
TA-17698,C-0001,2
TA-17702,C-1628,2
TA-17703,C-1628,2
TA-17704,C-1628,2
TA-17705,C-1628,2
TA-17706,C-1628,2
TA-17707,C-1628,2
TA-17708,C-1910,1
TA-17709,C-1913,1
TA-17710,C-1632,2
TA-17717,C-1647,1
TA-17720,C-1647,1
TA-17722,C-1623,1
TA-17723,C-1263,1
TA-17725,C-1630,1
TA-17728,C-1083,1
TA-17729,C-1628,1
TA-17730,C-1628,1
TA-17731,C-1172,1
TA-17732,C-1172,1
TA-17733,C-1172,1
TA-17735,C-1630,1
TA-17736,C-1631,2
TA-17737,C-0174,1
TA-17740,C-1244,1
TA-17741,C-1244,1
TA-17742,C-1244,1
TA-17743,C-1244,1
TA-17744,C-1244,1
TA-17748,C-0817,1
TA-17749,C-1629,2
TA-17752,C-1628,1
TA-17753,C-1628,1
TA-17754,C-1628,1
TA-17755,C-1628,1
TA-17757,C-1628,1
TA-17758,C-1628,1
TA-17761,C-1630,1
TA-17762,C-1630,1
TA-17763,C-1630,1
TA-17764,C-1769,1
TA-17765,C-1769,1
TA-17768,C-1244,1
TA-17770,C-1244,1
TA-17771,C-1244,1
TA-17779,C-1631,1
TA-17780,C-1244,1
TA-17781,C-1244,1
TA-17782,C-1244,1
TA-17785,C-2028,1
TA-17787,C-0449,2
TA-17790,C-0174,1
TA-17791,C-1632,2
TA-17792,C-1632,2
TA-17794,C-1640,1
TA-17795,C-1244,1
TA-17799,C-1632,1
TA-17800,C-1642,1
TA-17801,C-1631,1
TA-17805,C-1628,1
TA-17806,C-1628,1
TA-17807,C-1244,1
TA-17808,C-1244,1
TA-17809,C-1244,1
TA-17810,C-1244,1
TA-17811,C-1244,1
TA-17812,C-1244,1
TA-17813,C-1244,1
TA-17814,C-1244,1
TA-17815,C-1244,1
TA-17819,C-1633,1
TA-17820,C-1773,1
TA-17821,C-1632,2
TA-17823,C-1269,1
TA-17824,C-1174,1
TA-17825,C-1846,2
TA-17826,C-1244,2
TA-17827,C-1628,2
TA-17828,C-1624,1
TA-17829,C-1628,2
TA-17830,C-1622,1
TA-17831,C-1629,2
TA-17832,C-1628,1
TA-17833,C-1628,2
TA-17834,C-1624,1
TA-17837,C-1631,2
TA-17838,C-1631,2
TA-17841,C-1631,2
TA-17846,C-1274,1
TA-17851,C-1846,1
TA-17852,C-1627,1
TA-17853,C-1630,2
TA-17854,C-1630,2
TA-17855,C-2028,2
TA-17856,C-1640,1
TA-17857,C-2028,2
TA-17858,C-2028,2
TA-17859,C-2028,2
TA-17860,C-1639,1
TA-17861,C-1628,1
TA-17862,C-1628,1
TA-17863,C-1598,1
TA-17864,C-1630,1
TA-17865,C-1630,1
TA-17867,C-0060,1
TA-17868,C-1628,2
TA-17869,C-1628,2
TA-17873,C-1074,1
TA-17874,C-1074,1
TA-17875,C-1074,1
TA-17876,C-1074,1
TA-17877,C-1074,1
TA-17878,C-1074,1
TA-17879,C-1629,2
TA-17882,C-1846,1
TA-17883,C-1846,1
TA-17886,C-1624,1
TA-17887,C-1624,1
TA-17888,C-1628,2
TA-17889,C-1630,1
TA-17890,C-1630,1
TA-17891,C-1632,1
TA-17892,C-1632,1
TA-17893,C-1628,2
TA-17894,C-1628,2
TA-17895,C-1632,1
TA-17896,C-1629,1
TA-17897,C-1624,1
TA-17898,C-1624,1
TA-17899,C-1244,1
TA-17900,C-1244,1
TA-17901,C-1244,1
TA-17902,C-1244,1
TA-17903,C-1244,1
TA-17906,C-1633,1
TA-17907,C-1867,1
TA-17908,C-1628,1
TA-17910,C-1867,1
TA-17911,C-1867,1
TA-17912,C-1867,1
TA-17913,C-1867,1
TA-17914,C-1867,1
TA-17915,C-1867,1
TA-17916,C-1867,1
TA-17917,C-1867,1
TA-17918,C-0550,1
TA-17923,C-1089,1
TA-17924,C-1632,1
TA-17925,C-1632,1
TA-17927,C-0445,2
TA-17928,C-0445,2
TA-17929,C-0445,2
TA-17930,C-0445,2
TA-17931,C-0001,2
TA-17932,C-0445,2
TA-17933,C-0445,2
TA-17934,C-1629,2
TA-17936,C-1628,2
TA-17938,C-0409,1
TA-17939,C-0409,1
TA-17941,C-1475,1
TA-17942,C-2029,2
TA-17947,C-1629,2
TA-17948,C-1638,1
TA-17949,C-1638,1
TA-17950,C-1627,1
TA-17952,C-1627,1
TA-17953,C-1629,1
TA-17954,C-1627,2
TA-17955,C-1629,2
TA-17956,C-1627,1
TA-17957,C-1627,2
TA-17959,C-1627,1
TA-17960,C-1627,1
TA-17962,C-1627,1
TA-17963,C-1627,1
TA-17964,C-1627,2
TA-17965,C-1627,2
TA-17966,C-1627,1
TA-17967,C-1627,2
TA-17968,C-1631,2
TA-17969,C-1633,2
TA-17970,C-1629,1
TA-17972,C-1074,1
TA-17977,C-1074,1
TA-17978,C-0209,1
TA-17979,C-0209,1
TA-17980,C-1628,1
TA-17981,C-0449,2
TA-17986,C-1631,1
TA-17987,C-1631,1
TA-17989,C-1629,2
TA-18007,C-0053,1
TA-18008,C-1630,1
TA-18009,C-1630,1
TA-18010,C-1629,1
TA-18011,C-1629,2
TA-18012,C-1624,1
TA-18013,C-1808,1
TA-18014,C-1632,1
TA-18015,C-1632,1
TA-18016,C-1631,1
TA-18022,C-1631,1
TA-18023,C-1640,1
TA-18024,C-1631,1
TA-18025,C-1630,1
TA-18026,C-1631,1
TA-18027,C-2029,2
TA-18029,C-1629,1
TA-18030,C-1631,2
TA-18031,C-1629,1
TA-18033,C-1631,2
TA-18034,C-1631,2
TA-18035,C-1631,2
TA-18037,C-1631,1
TA-18041,C-0581,2
TA-18042,C-1632,2
TA-18043,C-1632,2
TA-18044,C-1631,2
TA-18045,C-1631,2
TA-18046,C-1630,2
TA-18047,C-1630,2
TA-18048,C-1631,2
TA-18049,C-1631,2
TA-18050,C-1631,2
TA-18051,C-1630,2
TA-18052,C-1630,2
TA-18059,C-1474,1
TA-18061,C-1631,1
TA-18062,C-1649,1
TA-18063,C-0445,2
TA-18064,C-1182,3
TA-18065,C-1285,1
TA-18066,C-1278,1
TA-18067,C-1632,1
TA-18068,C-1632,2
TA-18069,C-1631,2
TA-18074,C-1244,2
TA-18075,C-1628,2
TA-18076,C-1628,2
TA-18077,C-1628,2
TA-18078,C-1628,2
TA-18079,C-1244,2
TA-18080,C-1632,1
TA-18081,C-1632,1
TA-18082,C-1630,1
TA-18083,C-1632,1
TA-18084,C-1632,1
TA-18089,C-1632,1
TA-18090,C-1632,1
TA-18091,C-1629,1
TA-18092,C-1628,1
TA-18103,C-1632,1
TA-18104,C-1632,1
TA-18111,C-1623,1
TA-18112,C-1631,1
TA-18113,C-1631,2
TA-18114,C-0596,1
TA-18115,C-0596,1
TA-18116,C-0596,1
TA-18117,C-0596,1
TA-18118,C-0596,1
TA-18119,C-0596,1
TA-18120,C-1629,2
TA-18130,C-1109,1
TA-18131,C-1286,1
TA-18134,C-1629,2
TA-18136,C-1629,1
TA-18137,C-1624,1
TA-18138,C-1629,2
TA-18139,C-1629,2
TA-18140,C-1629,2
TA-18141,C-1624,1
TA-18142,C-1629,2
TA-18143,C-1629,2
TA-18144,C-1629,2
TA-18145,C-1629,2
TA-18146,C-1629,2
TA-18147,C-1629,2
TA-18148,C-1631,2
TA-18149,C-1629,2
TA-18150,C-1655,2
TA-18151,C-1628,2
TA-18152,C-1628,2
TA-18153,C-1628,1
TA-18154,C-1628,1
TA-18155,C-1628,1
TA-18156,C-1628,1
TA-18157,C-1632,2
TA-18158,C-1631,2
TA-18159,C-1629,2
TA-18160,C-1641,1
TA-18163,C-1632,2
TA-18164,C-1632,2
TA-18165,C-1629,1
TA-18166,C-1629,1
TA-18167,C-0638,1
TA-18168,C-0638,1
TA-18170,C-1284,1
TA-18172,C-1629,2
TA-18173,C-1629,2
TA-18174,C-1629,2
TA-18175,C-1629,2
TA-18176,C-1629,2
TA-18178,C-1631,2
TA-18179,C-1628,2
TA-18180,C-1628,2
TA-18181,C-1631,2
TA-18182,C-1631,2
TA-18183,C-1631,2
TA-18184,C-1631,2
TA-18185,C-1631,2
TA-18186,C-1629,2
TA-18187,C-1629,2
TA-18188,C-1629,2
TA-18189,C-1629,2
TA-18193,C-1421,2
TA-18194,C-1848,1
TA-18195,C-1421,1
TA-18196,C-1421,2
TA-18203,C-1654,1
TA-18204,C-1726,1
TA-18206,C-1726,1
TA-18207,C-1631,1
TA-18208,C-1214,1
TA-18209,C-1244,1
TA-18210,C-1244,1
TA-18211,C-1244,1
TA-18212,C-1244,1
TA-18213,C-1244,1
TA-18214,C-1244,1
TA-18217,C-1628,2
TA-18218,C-1628,2
TA-18219,C-1628,2
TA-18220,C-1628,2
TA-18221,C-0993,1
TA-18222,C-0993,1
TA-18226,C-0244,1
TA-18227,C-0244,1
TA-18232,C-0244,1
TA-18233,C-1632,2
TA-18234,C-1625,1
TA-18235,C-1632,2
TA-18236,C-1632,2
TA-18237,C-1629,2
TA-18238,C-1629,2
TA-18239,C-1630,1
TA-18242,C-1623,1
TA-18243,C-1623,1
TA-18244,C-1624,1
TA-18245,C-1632,1
TA-18246,C-0449,2
TA-18248,C-1632,1
TA-18249,C-1631,2
TA-18250,C-1631,2
TA-18251,C-1846,2
TA-18252,C-1647,1
TA-18253,C-1647,1
TA-18254,C-1624,1
TA-18255,C-1624,1
TA-18257,C-1186,1
TA-18258,C-0445,2
TA-18260,C-1647,1
TA-18261,C-1647,1
TA-18262,C-1647,1
TA-18263,C-1647,1
TA-18264,C-0338,1
TA-18265,C-0338,1
TA-18267,C-1628,2
TA-18268,C-1628,2
TA-18272,C-1632,1
TA-18273,C-1629,2
TA-18274,C-1629,2
TA-18276,C-1629,1
TA-18278,C-1628,2
TA-18280,C-1628,1
TA-18281,C-1628,1
TA-18282,C-1628,1
TA-18287,C-1846,1
TA-18288,C-1630,1
TA-18290,C-1661,2
TA-18291,C-1661,2
TA-18293,C-1629,2
TA-18294,C-1629,2
TA-18295,C-1629,2
TA-18296,C-1629,2
TA-18297,C-1629,2
TA-18298,C-1629,2
TA-18299,C-1629,2
TA-18302,C-1628,1
TA-18303,C-1963,1
TA-18305,C-0409,1
TA-18307,C-1632,1
TA-18308,C-1632,1
TA-18309,C-1632,1
TA-18310,C-1632,1
TA-18311,C-1910,1
TA-18312,C-2004,1
TA-18313,C-1628,2
TA-18314,C-1631,1
TA-18315,C-1642,1
TA-18316,C-1631,1
TA-18317,C-1631,2
TA-18318,C-1631,1
TA-18319,C-1998,1
TA-18320,C-1814,1
TA-18321,C-1814,1
TA-18322,C-1627,2
TA-18323,C-1627,2
TA-18324,C-1627,2
TA-18325,C-1629,2
TA-18326,C-1627,1
TA-18327,C-1628,1
TA-18328,C-1628,1
TA-18329,C-1867,1
TA-18331,C-1628,2
TA-18332,C-1629,2
TA-18333,C-1633,1
TA-18334,C-0799,1
TA-18335,C-1625,1
TA-18336,C-1244,1
TA-18337,C-1244,1
TA-18338,C-1244,1
TA-18339,C-1244,1
TA-18340,C-1244,1
TA-18341,C-1244,1
TA-18342,C-1244,1
TA-18343,C-1781,1
TA-18344,C-1630,1
TA-18345,C-1708,1
TA-18351,C-1421,2
TA-18352,C-1630,1
TA-18353,C-1631,1
TA-18354,C-1629,1
TA-18355,C-1629,1
TA-18356,C-0043,1
TA-18357,C-0043,1
TA-18360,C-0338,1
TA-18361,C-0043,1
TA-18362,C-0338,1
TA-18363,C-0338,1
TA-18364,C-1296,1
TA-18365,C-1632,1
TA-18367,C-1629,1
TA-18368,C-1631,1
TA-18369,C-1639,2
TA-18370,C-2005,1
TA-18371,C-1630,1
TA-18372,C-1630,1
TA-18373,C-1629,1
TA-18374,C-1629,2
TA-18375,C-1629,2
TA-18376,C-1629,1
TA-18377,C-1629,1
TA-18378,C-1629,2
TA-18379,C-1629,2
TA-18381,C-1627,2
TA-18382,C-1628,1
TA-18384,C-1640,1
TA-18385,C-1631,1
TA-18386,C-1629,1
TA-18387,C-1629,1
TA-18388,C-1629,1
TA-18389,C-1628,1
TA-18390,C-1649,1
TA-18391,C-0971,1
TA-18393,C-1297,1
TA-18394,C-0893,1
TA-18400,C-1628,1
TA-18401,C-1628,1
TA-18402,C-1629,2
TA-18405,C-0973,1
TA-18406,C-1631,2
TA-18407,C-1631,2
TA-18408,C-1631,1
TA-18409,C-1629,1
TA-18410,C-1627,2
TA-18411,C-1627,2
TA-18412,C-1627,2
TA-18413,C-1629,2
TA-18414,C-1629,2
TA-18415,C-1627,2
TA-18416,C-1627,2
TA-18417,C-1627,2
TA-18418,C-1627,2
TA-18419,C-1629,2
TA-18420,C-1630,2
TA-18421,C-1630,2
TA-18422,C-1502,1
TA-18423,C-1629,1
TA-18426,C-0214,1
TA-18427,C-0209,1
TA-18428,C-0214,1
TA-18429,C-0209,1
TA-18430,C-1907,1
TA-18431,C-1910,1
TA-18432,C-0389,1
TA-18433,C-1758,1
TA-18434,C-1910,1
TA-18435,C-1629,2
TA-18436,C-1761,1
TA-18437,C-1629,1
TA-18438,C-1629,1
TA-18439,C-1629,1
TA-18440,C-1629,1
TA-18443,C-1624,1
TA-18444,C-1629,2
TA-18445,C-1629,2
TA-18446,C-1624,1
TA-18447,C-1631,1
TA-18448,C-1631,1
TA-18461,C-1299,1
TA-18462,C-1628,1
TA-18463,C-1631,2
TA-18464,C-1630,2
TA-18465,C-1622,1
TA-18466,C-1622,1
TA-18467,C-1622,1
TA-18468,C-1629,2
TA-18469,C-1629,2
TA-18470,C-1629,2
TA-18471,C-1629,2
TA-18473,C-1629,2
TA-18474,C-1629,2
TA-18475,C-1630,1
TA-18476,C-1624,1
TA-18477,C-1632,2
TA-18478,C-1631,2
TA-18479,C-1632,2
TA-18480,C-1631,2
TA-18481,C-1625,1
TA-18482,C-1632,2
TA-18483,C-1631,2
TA-18485,C-0001,2
TA-18486,C-1629,1
TA-18487,C-1628,2
TA-18489,C-1911,1
TA-18490,C-1632,1
TA-18493,C-1631,1
TA-18502,C-0583,1
TA-18503,C-1244,2
TA-18504,C-1629,2
TA-18505,C-1629,2
TA-18506,C-1629,2
TA-18507,C-1629,2
TA-18508,C-1632,2
TA-18511,C-0102,1
TA-18512,C-0102,1
TA-18513,C-0415,1
TA-18514,C-0415,1
TA-18517,C-0102,1
TA-18518,C-0102,1
TA-18522,C-1624,1
TA-18523,C-1629,2
TA-18528,C-1628,1
TA-18530,C-1632,1
TA-18531,C-1630,2
TA-18532,C-1660,1
TA-18533,C-1656,1
TA-18534,C-1631,1
TA-18535,C-1632,1
TA-18536,C-1260,1
TA-18537,C-1300,1
TA-18538,C-1303,1
TA-18539,C-1629,2
TA-18541,C-1304,1
TA-18543,C-1630,1
TA-18546,C-1629,2
TA-18547,C-1624,1
TA-18548,C-1624,1
TA-18549,C-1630,2
TA-18550,C-1632,2
TA-18551,C-1629,1
TA-18552,C-1629,1
TA-18553,C-1632,2
TA-18554,C-0071,1
TA-18555,C-1624,1
TA-18556,C-1244,1
TA-18557,C-1621,1
TA-18558,C-1621,1
TA-18559,C-0596,1
TA-18560,C-0449,1
TA-18561,C-1631,1
TA-18563,C-0449,1
TA-18565,C-1629,2
TA-18566,C-1631,2
TA-18567,C-1628,2
TA-18568,C-1633,1
TA-18569,C-1646,1
TA-18570,C-1629,2
TA-18572,C-1629,1
TA-18573,C-1629,1
TA-18574,C-1629,1
TA-18575,C-1629,1
TA-18576,C-1630,1
TA-18578,C-2000,1
TA-18579,C-2000,1
TA-18582,C-1867,1
TA-18589,C-1623,1
TA-18590,C-0071,1
TA-18591,C-1632,2
TA-18593,C-1632,2
TA-18594,C-1632,1
TA-18595,C-1628,1
TA-18596,C-1629,2
TA-18597,C-1629,2
TA-18598,C-1630,2
TA-18599,C-1631,2
TA-18600,C-1631,2
TA-18601,C-1630,1
TA-18602,C-1629,2
TA-18603,C-1630,2
TA-18604,C-1629,1
TA-18605,C-1629,2
TA-18606,C-1629,2
TA-18607,C-1629,2
TA-18608,C-1629,2
TA-18609,C-1244,2
TA-18613,C-1628,2
TA-18614,C-1629,2
TA-18616,C-1632,1
TA-18618,C-1632,1
TA-18620,C-1642,1
TA-18621,C-1632,1
TA-18622,C-1214,1
TA-18623,C-1628,2
TA-18624,C-1628,2
TA-18625,C-1628,2
TA-18628,C-1627,2
TA-18629,C-1632,1
TA-18630,C-1630,2
TA-18635,C-1628,1
TA-18636,C-1629,2
TA-18638,C-1623,1
TA-18639,C-1630,1
TA-18640,C-1628,2
TA-18643,C-0449,2
TA-18644,C-1628,2
TA-18645,C-1628,2
TA-18646,C-1632,1
TA-18647,C-1632,1
TA-18648,C-1627,2
TA-18649,C-1628,2
TA-18650,C-1632,2
TA-18651,C-1632,1
TA-18652,C-1631,2
TA-18654,C-1627,2
TA-18655,C-1628,2
TA-18656,C-1628,2
TA-18657,C-1632,2
TA-18658,C-1631,1
TA-18659,C-1625,1
TA-18660,C-1625,1
TA-18661,C-1632,1
TA-18662,C-1632,1
TA-18663,C-1622,1
TA-18664,C-1622,1
TA-18665,C-1481,1
TA-18666,C-1244,2
TA-18667,C-1631,1
TA-18668,C-1631,1
TA-18669,C-1631,1
TA-18670,C-1631,1
TA-18673,C-1628,2
TA-18674,C-1628,2
TA-18675,C-1628,2
TA-18676,C-1628,2
TA-18677,C-1628,2
TA-18678,C-1629,2
TA-18680,C-1631,1
TA-18681,C-1631,1
TA-18682,C-1624,1
TA-18687,C-1629,2
TA-18688,C-1625,1
TA-18689,C-1628,2
TA-18690,C-1605,1
TA-18691,C-1244,2
TA-18692,C-1627,2
TA-18693,C-1627,2
TA-18694,C-1628,2
TA-18695,C-1628,2
TA-18696,C-1628,2
TA-18697,C-1628,2
TA-18699,C-1630,2
TA-18700,C-1630,2
TA-18701,C-1848,1
TA-18702,C-1635,1
TA-18703,C-2006,1
TA-18704,C-1635,1
TA-18705,C-2006,1
TA-18706,C-1635,1
TA-18707,C-1988,1
TA-18711,C-1783,1
TA-18712,C-0018,1
TA-18713,C-0018,1
TA-18714,C-1768,1
TA-18725,C-1244,2
TA-18727,C-1244,2
TA-18730,C-0003,2
TA-18731,C-1850,1
TA-18734,C-1754,1
TA-18740,C-1244,2
TA-18741,C-1244,2
TA-18742,C-1846,2
TA-18743,C-1421,2
TA-18744,C-1421,2
TA-18745,C-1421,2
TA-18746,C-0001,2
TA-18747,C-0001,2
TA-18748,C-0449,2
TA-18749,C-0445,2
TA-18754,C-1421,2
TA-18755,C-1421,2
TA-18759,C-0001,2
TA-18761,C-0449,2
TA-18762,C-0001,2
TA-18763,C-0001,2
TA-18764,C-1421,2
TA-18765,C-1628,1
TA-18766,C-1630,2
TA-18767,C-1420,1
TA-18770,C-1244,2
TA-18773,C-1421,1
TA-18777,C-0449,2
TA-18778,C-0449,2
TA-18779,C-1556,1
TA-18780,C-1421,2
TA-18781,C-1421,2
TA-18785,C-1244,2
TA-18787,C-0449,2
TA-18789,C-1421,2
TA-18790,C-0445,1
TA-18791,C-0445,1
TA-18792,C-0445,2
TA-18793,C-1628,2
TA-18794,C-1420,1
TA-18795,C-1846,2
TA-18796,C-0445,1
TA-18797,C-0445,1
TA-18798,C-0445,1
TA-18799,C-0001,2
TA-18800,C-0445,2
TA-18802,C-0449,2
TA-18803,C-1244,2
TA-18805,C-0445,1
TA-18806,C-1848,1
TA-18808,C-1370,1
TA-18809,C-1621,1
TA-18812,C-0449,2
TA-18813,C-1374,1
TA-18814,C-1374,1
TA-18815,C-1374,1
TA-18816,C-1374,1
TA-18817,C-1374,1
TA-18825,C-1374,1
TA-18826,C-1374,1
TA-18827,C-1374,1
TA-18828,C-1374,1
TA-18829,C-1374,1
TA-18830,C-1374,1
TA-18831,C-1374,1
TA-18832,C-1374,1
TA-18833,C-1374,1
TA-18834,C-1374,1
TA-18835,C-1374,1
TA-18836,C-1374,1
TA-18837,C-1632,1
TA-18839,C-1421,1
TA-18841,C-1421,1
TA-18843,C-0003,2
TA-18844,C-0003,2
TA-18845,C-0003,2
TA-18846,C-1846,2
TA-18847,C-1846,2
TA-18848,C-0445,1
TA-18850,C-1372,1
TA-18852,C-1374,2
TA-18853,C-1374,2
TA-18854,C-1374,2
TA-18855,C-1374,2
TA-18856,C-1374,2
TA-18857,C-0449,2
TA-18858,C-0449,2
TA-18859,C-0449,2
TA-18860,C-0449,2
TA-18862,C-0449,2
TA-18865,C-0001,2
TA-18866,C-0449,2
TA-18867,C-0001,2
TA-18868,C-0449,2
TA-18870,C-1845,1
TA-18872,C-1374,1
TA-18873,C-1374,1
TA-18874,C-1374,1
TA-18875,C-1374,1
TA-18876,C-1369,2
TA-18877,C-1369,2
TA-18878,C-1369,2
TA-18879,C-1621,1
TA-18880,C-1428,1
TA-18882,C-1201,1
TA-18888,C-0004,2
TA-18889,C-1244,2
TA-18890,C-1244,2
TA-18891,C-0449,2
TA-18893,C-1846,2
TA-18894,C-1846,2
TA-18897,C-1244,2
TA-18898,C-1244,2
TA-18899,C-1244,2
TA-18908,C-0449,2
TA-18909,C-0004,2
TA-18910,C-0449,2
TA-18915,C-0445,1
TA-18923,C-0449,2
TA-18924,C-0449,2
TA-18926,C-1244,2
TA-18943,C-1547,1
TA-18944,C-1547,1
TA-18945,C-1421,1
TA-18951,C-1586,1
TA-18956,C-1846,2
TA-18957,C-1244,2
TA-18968,C-0004,2
TA-18970,C-0449,2
TA-18971,C-1244,2
TA-18983,C-1244,2
TA-18984,C-1244,2
TA-18985,C-1244,2
TA-18986,C-1244,2
TA-18987,C-1244,2
TA-18988,C-1244,2
TA-18989,C-1244,2
TA-18990,C-1244,2
TA-18991,C-0449,2
TA-18992,C-1421,2
TA-18993,C-0449,2
TA-18994,C-1846,2
TA-18995,C-1421,2
TA-18996,C-1846,2
TA-18997,C-1846,2
TA-18998,C-1846,2
TA-18999,C-1846,2
TA-19000,C-1846,2
TA-19001,C-1846,2
TA-19002,C-1846,2
TA-19003,C-1421,1
TA-19004,C-1848,1
TA-19005,C-1421,2
TA-19006,C-1846,2
TA-19007,C-0449,2
TA-19008,C-1846,2
TA-19009,C-1421,1
TA-19010,C-1421,1
TA-19013,C-0449,2
TA-19014,C-0449,2
TA-19015,C-0445,1
TA-19016,C-1421,2
TA-19017,C-1850,1
TA-19018,C-1850,1
TA-19019,C-1421,2
TA-19020,C-1846,2
TA-19021,C-1846,2
TA-19022,C-1846,2
TA-19023,C-1846,2
TA-19024,C-1846,2
TA-19025,C-1846,2
TA-19026,C-1846,2
TA-19027,C-1244,2
TA-19028,C-1846,2
TA-19031,C-1846,2
TA-19032,C-1846,2
TA-19033,C-1846,2
TA-19034,C-1846,2
TA-19035,C-1846,2
TA-19036,C-1846,2
TA-19037,C-1846,2
TA-19038,C-1846,2
TA-19039,C-1846,2
TA-19040,C-1244,2
TA-19041,C-0445,2
TA-19042,C-0445,2
TA-19043,C-1244,2
TA-19044,C-1244,2
TA-19045,C-1244,2
TA-19046,C-0001,2
TA-19048,C-1244,2
TA-19049,C-1244,2
TA-19050,C-1244,2
TA-19051,C-1244,2
TA-19052,C-1401,1
TA-19053,C-1244,2
TA-19056,C-1244,2
TA-19057,C-1628,2
TA-19058,C-1846,2
TA-19059,C-0449,1
TA-19060,C-1622,1
TA-19062,C-1625,1
TA-19063,C-1632,1
TA-19064,C-1629,2
TA-19065,C-1629,2
TA-19066,C-1629,2
TA-19067,C-1631,2
TA-19068,C-1629,1
TA-19069,C-1460,1
TA-19080,C-1770,1
TA-19081,C-1787,1
TA-19097,C-1846,2
TA-19100,C-1244,2
TA-19101,C-1244,2
TA-19102,C-1846,2
TA-19103,C-1846,2
TA-19104,C-1846,2
TA-19108,C-1421,2
TA-19110,C-1626,1
TA-19117,C-1846,2
TA-19118,C-1846,2
TA-19119,C-1630,2
TA-19120,C-1629,2
TA-19123,C-1644,1
TA-19124,C-2003,1
TA-19125,C-2003,1
TA-19126,C-2003,1
TA-19132,C-1421,1
TA-19133,C-0449,2
TA-19137,C-1686,1
TA-19139,C-1244,2
TA-19140,C-1244,2
TA-19141,C-0445,1
TA-19142,C-1421,1
TA-19143,C-1421,1
TA-19147,C-1630,2
TA-19149,C-1244,2
TA-19150,C-1244,2
TA-19151,C-1244,2
TA-19152,C-0445,1
TA-19156,C-0004,2
TA-19157,C-0449,2
TA-19158,C-0445,1
TA-19159,C-0445,1
TA-19160,C-0449,2
TA-19161,C-0449,2
TA-19162,C-0449,2
TA-19163,C-0004,2
TA-19164,C-0004,2
TA-19171,C-1244,2
TA-19183,C-1502,1
TA-19184,C-0004,2
TA-19185,C-0004,2
TA-19186,C-0004,2
TA-19187,C-1244,2
TA-19188,C-1244,2
TA-19192,C-1846,2
TA-19193,C-0449,2
TA-19194,C-1244,2
TA-19195,C-1244,2
TA-19196,C-1244,2
TA-19197,C-1244,2
TA-19198,C-0001,2
TA-19200,C-1677,1
TA-19201,C-1677,1
TA-19202,C-1677,1
TA-19203,C-1677,1
TA-19204,C-1677,1
TA-19205,C-1677,1
TA-19208,C-1853,1
TA-19209,C-1647,1
TA-19210,C-1508,2
TA-19211,C-1508,2
TA-19214,C-1627,2
TA-19215,C-1519,2
TA-19216,C-1831,4
TA-19220,C-1244,2
TA-19231,C-0449,2
TA-19232,C-1421,2
TA-19233,C-0449,2
TA-19234,C-1848,1
TA-19238,C-1369,2
TA-19239,C-1374,1
TA-19240,C-1374,1
TA-19241,C-1374,1
TA-19242,C-1374,1
TA-19243,C-1374,1
TA-19244,C-1374,1
TA-19245,C-1374,1
TA-19246,C-1374,1
TA-19247,C-1369,2
TA-19248,C-1369,2
TA-19249,C-1369,2
TA-19250,C-1421,1
TA-19251,C-0001,2
TA-19252,C-0001,2
TA-19253,C-0445,2
TA-19254,C-1244,2
TA-19255,C-1244,2
TA-19256,C-1421,2
TA-19257,C-1421,2
TA-19258,C-1421,2
TA-19260,C-1379,2
TA-19261,C-1379,2
TA-19262,C-1379,2
TA-19263,C-1379,2
TA-19264,C-1379,2
TA-19265,C-1379,2
TA-19266,C-1379,2
TA-19267,C-1379,2
TA-19268,C-1688,2
TA-19269,C-1688,2
TA-19270,C-1688,2
TA-19271,C-1688,2
TA-19272,C-1688,2
TA-19273,C-1688,2
TA-19274,C-1688,2
TA-19275,C-1688,2
TA-19280,C-1244,2
TA-19282,C-1627,2
TA-19283,C-1421,1
TA-19284,C-1421,1
TA-19286,C-1244,2
TA-19290,C-1244,1
TA-19291,C-0449,1
TA-19292,C-1244,1
TA-19293,C-0449,1
TA-19295,C-1846,2
TA-19297,C-1628,2
TA-19302,C-1415,1
TA-19303,C-1640,1
TA-19304,C-1641,1
TA-19317,C-0445,2
TA-19319,C-1846,2
TA-19323,C-0445,2
TA-19325,C-1244,2
TA-19326,C-1244,2
TA-19329,C-1244,2
TA-19330,C-0448,1
TA-19332,C-1421,2
TA-19333,C-0449,1
TA-19334,C-1953,1
TA-19336,C-1244,2
TA-19343,C-1846,2
TA-19344,C-1846,2
TA-19347,C-0003,2
TA-19348,C-1850,1
TA-19349,C-0445,1
TA-19350,C-1244,2
TA-19351,C-1244,2
TA-19352,C-1244,2
TA-19354,C-1244,2
TA-19356,C-1421,1
TA-19357,C-1845,1
TA-19358,C-1421,2
TA-19361,C-0449,2
TA-19362,C-1529,1
TA-19363,C-0429,1
TA-19364,C-1244,2
TA-19365,C-1581,1
TA-19367,C-0449,2
TA-19368,C-0449,2
TA-19370,C-1244,2
TA-19371,C-1846,2
TA-19372,C-0449,2
TA-19373,C-1845,1
TA-19374,C-1845,1
TA-19375,C-1629,1
TA-19377,C-1244,1
TA-19378,C-1244,1
TA-19379,C-0001,1
TA-19380,C-1723,1
TA-19381,C-1723,1
TA-19382,C-1591,1
TA-19383,C-0449,2
TA-19384,C-1714,1
TA-19385,C-1714,1
TA-19388,C-1873,1
TA-19394,C-1244,2
TA-19395,C-1846,2
TA-19396,C-1632,2
TA-19397,C-1632,2
TA-19398,C-1632,2
TA-19399,C-1632,2
TA-19405,C-1458,1
TA-19406,C-1244,2
TA-19411,C-1244,2
TA-19412,C-1846,2
TA-19417,C-0001,1
TA-19418,C-0001,1
TA-19419,C-1454,1
TA-19421,C-1693,1
TA-19425,C-1587,1
TA-19435,C-1254,1
TA-19436,C-1254,1
TA-19438,C-1631,1
TA-19439,C-1631,1
TA-19440,C-1627,2
TA-19441,C-1627,2
TA-19442,C-1627,2
TA-19443,C-1627,2
TA-19446,C-1627,1
TA-19447,C-1629,1
TA-19452,C-1631,2
TA-19455,C-1846,2
TA-19456,C-1846,2
TA-19457,C-1244,2
TA-19458,C-1846,2
TA-19460,C-1421,2
TA-19461,C-1846,2
TA-19462,C-1846,2
TA-19463,C-1846,2
TA-19464,C-1846,2
TA-19465,C-0445,2
TA-19467,C-1846,2
TA-19468,C-1846,2
TA-19469,C-1846,2
TA-19470,C-1846,2
TA-19471,C-0003,2
TA-19472,C-1244,2
TA-19473,C-1244,2
TA-19475,C-1846,2
TA-19476,C-1355,1
TA-19480,C-1628,1
TA-19482,C-1846,2
TA-19484,C-1846,2
TA-19485,C-1846,2
TA-19486,C-1846,2
TA-19487,C-0445,2
TA-19488,C-0445,2
TA-19489,C-0001,2
TA-19490,C-0001,2
TA-19492,C-1846,2
TA-19493,C-1244,2
TA-19495,C-0449,2
TA-19496,C-0449,2
TA-19497,C-0449,2
TA-19499,C-1421,2
TA-19501,C-0449,2
TA-19502,C-0449,2
TA-19503,C-0449,2
TA-19504,C-0449,2
TA-19505,C-0449,2
TA-19507,C-1244,2
TA-19508,C-1629,2
TA-19509,C-1629,2
TA-19510,C-0449,2
TA-19511,C-1421,2
TA-19514,C-1846,2
TA-19524,C-1846,2
TA-19525,C-1671,1
TA-19526,C-1629,2
TA-19527,C-1629,2
TA-19528,C-1629,2
TA-19529,C-1629,2
TA-19530,C-0449,2
TA-19531,C-0449,2
TA-19532,C-0449,1
TA-19533,C-0003,2
TA-19534,C-0003,2
TA-19535,C-0003,2
TA-19537,C-1628,1
TA-19540,C-0831,2
TA-19541,C-0831,2
TA-19543,C-1846,2
TA-19544,C-1846,2
TA-19545,C-0445,2
TA-19546,C-0445,2
TA-19547,C-0445,2
TA-19548,C-0445,2
TA-19549,C-0445,2
TA-19550,C-0445,2
TA-19552,C-1846,2
TA-19554,C-1632,2
TA-19556,C-1244,2
TA-19557,C-1244,2
TA-19558,C-1846,2
TA-19562,C-1244,2
TA-19563,C-0449,1
TA-19564,C-1970,1
TA-19566,C-0449,2
TA-19567,C-1244,2
TA-19568,C-1244,2
TA-19569,C-0449,2
TA-19571,C-1421,1
TA-19572,C-1421,1
TA-19573,C-1628,1
TA-19578,C-0449,1
TA-19579,C-1243,1
TA-19583,C-0449,2
TA-19588,C-0445,1
TA-19589,C-1421,2
TA-19590,C-1244,2
TA-19591,C-0445,2
TA-19592,C-1846,2
TA-19594,C-1421,2
TA-19595,C-1421,2
TA-19596,C-1421,2
TA-19597,C-1244,2
TA-19598,C-1421,2
TA-19599,C-1421,2
TA-19600,C-0001,2
TA-19601,C-1846,2
TA-19602,C-1846,2
TA-19603,C-1628,2
TA-19605,C-0445,1
TA-19606,C-1244,2
TA-19607,C-0445,2
TA-19608,C-1846,2
TA-19609,C-1846,2
TA-19610,C-1846,2
TA-19611,C-1846,2
TA-19612,C-1846,2
TA-19613,C-1846,2
TA-19614,C-0449,2
TA-19615,C-0449,2
TA-19617,C-1244,2
TA-19618,C-1846,2
TA-19620,C-1690,1
TA-19623,C-0445,2
TA-19625,C-1369,2
TA-19626,C-1629,2
TA-19627,C-1421,1
TA-19628,C-1421,1
TA-19629,C-0449,2
TA-19630,C-2046,1
TA-19631,C-2046,1
TA-19632,C-1244,1
TA-19642,C-1846,2
TA-19643,C-1846,2
TA-19644,C-1630,2
TA-19645,C-1628,1
TA-19646,C-1629,1
TA-19647,C-1421,2
TA-19648,C-1421,2
TA-19652,C-1621,1
TA-19654,C-1625,1
TA-19655,C-1421,1
TA-19656,C-1421,1
TA-19657,C-1751,1
TA-19658,C-0445,1
TA-19659,C-0445,1
TA-19660,C-0445,1
TA-19661,C-1628,1
TA-19662,C-1628,1
TA-19666,C-0449,1
TA-19667,C-1629,1
TA-19668,C-1629,2
TA-19669,C-1628,2
TA-19670,C-1631,2
TA-19671,C-1623,1
TA-19672,C-1631,2
TA-19673,C-1631,2
TA-19674,C-1629,2
TA-19675,C-1623,1
TA-19676,C-1624,1
TA-19680,C-1421,2
TA-19681,C-1421,2
TA-19682,C-1421,2
TA-19683,C-0445,1
TA-19684,C-1244,2
TA-19685,C-1846,2
TA-19686,C-1846,2
TA-19687,C-0001,2
TA-19688,C-1244,2
TA-19690,C-1421,1
TA-19693,C-0449,1
TA-19695,C-1628,2
TA-19696,C-1629,1
TA-19697,C-0445,2
TA-19698,C-0445,2
TA-19699,C-0445,2
TA-19703,C-1206,2
TA-19704,C-1206,2
TA-19706,C-1243,1
TA-19707,C-0449,1
TA-19708,C-0449,1
TA-19717,C-1846,2
TA-19718,C-1244,2
TA-19726,C-1705,1
TA-19729,C-1244,2
TA-19732,C-1846,2
TA-19733,C-1846,2
TA-19734,C-1846,2
TA-19735,C-0449,2
TA-19738,C-1244,2
TA-19740,C-1846,2
TA-19743,C-1846,2
TA-19744,C-1244,2
TA-19745,C-1846,2
TA-19746,C-1846,2
TA-19747,C-1846,2
TA-19748,C-0445,1
TA-19749,C-0445,1
TA-19750,C-0445,1
TA-19753,C-0445,2
TA-19759,C-1846,2
TA-19761,C-1728,1
TA-19764,C-0001,2
TA-19765,C-0001,2
TA-19766,C-0001,2
TA-19767,C-0001,2
TA-19768,C-1480,1
TA-19769,C-0449,2
TA-19770,C-0449,2
TA-19771,C-1728,1
TA-19772,C-1846,2
TA-19777,C-1474,1
TA-19778,C-1477,1
TA-19779,C-1610,1
TA-19782,C-1747,1
TA-19783,C-1428,1
TA-19784,C-1846,2
TA-19791,C-0001,2
TA-19798,C-0001,2
TA-19805,C-1244,2
TA-19817,C-1244,2
TA-19828,C-1846,2
TA-19829,C-1244,2
TA-19830,C-1244,2
TA-19831,C-1244,2
TA-19832,C-0449,2
TA-19833,C-1244,2
TA-19840,C-0004,2
TA-19842,C-1628,2
TA-19843,C-1627,2
TA-19845,C-0445,2
TA-19846,C-1846,2
TA-19847,C-1421,2
TA-19848,C-0831,2
TA-19849,C-0445,2
TA-19850,C-0445,2
TA-19851,C-0445,2
TA-19852,C-0445,2
TA-19853,C-0445,2
TA-19854,C-0445,2
TA-19855,C-0445,2
TA-19856,C-0445,2
TA-19857,C-1359,1
TA-19858,C-1629,2
TA-19861,C-1244,2
TA-19863,C-1846,2
TA-19864,C-0449,2
TA-19866,C-1751,1
TA-19868,C-1244,2
TA-19871,C-0001,2
TA-19872,C-1755,1
TA-19873,C-1244,2
TA-19874,C-1846,2
TA-19875,C-1846,2
TA-19876,C-1846,2
TA-19877,C-1846,2
TA-19879,C-1846,2
TA-19880,C-1244,2
TA-19882,C-1244,2
TA-19883,C-1757,1
TA-19884,C-1421,1
TA-19886,C-1846,2
TA-19888,C-1628,2
TA-19891,C-1421,2
TA-19892,C-0449,2
TA-19893,C-1244,2
TA-19894,C-1421,2
TA-19895,C-0449,2
TA-19896,C-1846,2
TA-19897,C-1846,2
TA-19899,C-0449,1
TA-19900,C-1846,2
TA-19901,C-1846,2
TA-19903,C-1846,2
TA-19904,C-1846,2
TA-19905,C-1846,2
TA-19906,C-1846,2
TA-19907,C-1885,1
TA-19909,C-1846,2
TA-19916,C-1785,1
TA-19917,C-1786,1
TA-19933,C-1627,2
TA-19934,C-1815,1
TA-19935,C-1627,2
TA-19936,C-1627,2
TA-19937,C-1627,2
TA-19938,C-1814,1
TA-19939,C-1627,2
TA-19940,C-1627,2
TA-19941,C-1627,2
TA-19942,C-1815,1
TA-19943,C-1814,1
TA-19944,C-1814,1
TA-19946,C-1631,1
TA-19947,C-1631,1
TA-19948,C-1628,2
TA-19949,C-1628,2
TA-19950,C-1629,2
TA-19951,C-1629,1
TA-19952,C-1627,1
TA-19953,C-1629,2
TA-19954,C-1629,2
TA-19955,C-1629,2
TA-19956,C-1629,2
TA-19957,C-1629,2
TA-19958,C-1628,2
TA-19959,C-1628,2
TA-19968,C-1317,1
TA-19969,C-1628,2
TA-19970,C-1629,2
TA-19971,C-1628,2
TA-19972,C-1714,1
TA-19973,C-1714,1
TA-19974,C-1821,1
TA-19975,C-1821,1
TA-19976,C-1714,1
TA-19977,C-1714,1
TA-19978,C-1820,1
TA-19979,C-1820,1
TA-19980,C-1714,1
TA-19988,C-0449,2
TA-19990,C-1715,1
TA-19991,C-1715,1
TA-19992,C-1715,1
TA-19993,C-1716,1
TA-19994,C-1236,1
TA-19995,C-0001,2
TA-19999,C-1846,2
TA-20000,C-1714,1
TA-20001,C-1714,1
TA-20002,C-1714,1
TA-20003,C-1714,1
TA-20004,C-1631,2
TA-20005,C-1630,2
TA-20006,C-0051,2
TA-20007,C-1624,1
TA-20008,C-1631,2
TA-20009,C-1244,2
TA-20010,C-1846,2
TA-20013,C-1826,1
TA-20014,C-1826,1
TA-20015,C-1848,1
TA-20016,C-1848,1
TA-20017,C-1848,1
TA-20018,C-0449,2
TA-20019,C-0449,2
TA-20020,C-0449,2
TA-20021,C-0449,2
TA-20024,C-1627,2
TA-20025,C-1631,1
TA-20026,C-0449,2
TA-20027,C-0449,2
TA-20028,C-0449,2
TA-20029,C-1642,1
TA-20030,C-1642,1
TA-20031,C-1632,1
TA-20032,C-1632,2
TA-20034,C-1632,2
TA-20036,C-1632,1
TA-20037,C-1632,1
TA-20038,C-1632,1
TA-20039,C-1632,1
TA-20040,C-1630,2
TA-20041,C-1632,1
TA-20042,C-1628,2
TA-20043,C-1630,2
TA-20044,C-1632,1
TA-20045,C-1632,1
TA-20046,C-1632,1
TA-20047,C-1632,1
TA-20048,C-0449,2
TA-20049,C-0449,2
TA-20053,C-0456,1
TA-20054,C-1244,2
TA-20055,C-1244,2
TA-20056,C-1244,2
TA-20057,C-1244,2
TA-20058,C-0449,2
TA-20059,C-1244,2
TA-20060,C-1244,2
TA-20061,C-1244,2
TA-20062,C-0449,2
TA-20063,C-1244,2
TA-20064,C-1244,2
TA-20065,C-0449,2
TA-20068,C-1846,2
TA-20069,C-0449,2
TA-20070,C-0449,2
TA-20071,C-1244,2
TA-20072,C-1244,2
TA-20073,C-1244,2
TA-20074,C-1244,2
TA-20075,C-0449,2
TA-20076,C-1244,2
TA-20077,C-1244,2
TA-20079,C-0445,1
TA-20080,C-0445,1
TA-20082,C-1244,2
TA-20084,C-1420,1
TA-20085,C-1439,2
TA-20086,C-0815,1
TA-20087,C-0815,2
TA-20088,C-0814,2
TA-20089,C-0814,2
TA-20090,C-0815,2
TA-20092,C-1846,2
TA-20093,C-0449,2
TA-20094,C-1554,2
TA-20095,C-1554,2
TA-20096,C-1554,2
TA-20097,C-1554,2
TA-20098,C-1554,2
TA-20099,C-1554,2
TA-20100,C-1554,2
TA-20101,C-1554,2
TA-20102,C-1554,2
TA-20103,C-1554,2
TA-20104,C-1554,2
TA-20105,C-1439,2
TA-20106,C-1439,2
TA-20107,C-1439,2
TA-20108,C-1439,2
TA-20109,C-1439,2
TA-20110,C-1439,2
TA-20111,C-1439,2
TA-20113,C-1554,2
TA-20115,C-0445,1
TA-20116,C-1846,2
TA-20117,C-1846,2
TA-20118,C-1846,2
TA-20119,C-1421,2
TA-20120,C-1421,2
TA-20121,C-1421,2
TA-20123,C-1846,2
TA-20124,C-1846,2
TA-20125,C-0003,2
TA-20126,C-0003,2
TA-20127,C-1846,2
TA-20131,C-1421,2
TA-20132,C-1421,2
TA-20133,C-1846,2
TA-20134,C-1846,2
TA-20135,C-1846,2
TA-20136,C-1244,2
TA-20137,C-1421,2
TA-20138,C-1244,2
TA-20139,C-0445,1
TA-20140,C-0445,1
TA-20141,C-0445,1
TA-20142,C-1439,2
TA-20143,C-1439,2
TA-20144,C-1439,2
TA-20146,C-0449,2
TA-20147,C-0449,2
TA-20148,C-0449,2
TA-20149,C-0449,2
TA-20151,C-1244,2
TA-20152,C-1244,2
TA-20153,C-1244,2
TA-20154,C-1244,2
TA-20157,C-1244,2
TA-20158,C-1244,2
TA-20159,C-1244,2
TA-20160,C-1244,2
TA-20161,C-1244,2
TA-20162,C-1244,2
TA-20163,C-1244,2
TA-20164,C-1244,2
TA-20165,C-1244,2
TA-20166,C-1244,2
TA-20170,C-1382,1
TA-20173,C-1628,2
TA-20174,C-1628,2
TA-20175,C-1628,2
TA-20176,C-1628,2
TA-20177,C-1628,2
TA-20178,C-1628,2
TA-20179,C-1628,2
TA-20180,C-1628,2
TA-20181,C-1628,2
TA-20193,C-1628,2
TA-20200,C-1629,2
TA-20201,C-1628,2
TA-20202,C-1628,2
TA-20203,C-1628,2
TA-20204,C-1631,1
TA-20205,C-1631,2
TA-20206,C-1631,2
TA-20208,C-1632,1
TA-20209,C-1628,2
TA-20210,C-1628,2
TA-20211,C-1628,1
TA-20212,C-1629,1
TA-20213,C-1628,2
TA-20217,C-1628,2
TA-20221,C-1629,2
TA-20222,C-1625,1
TA-20223,C-1635,1
TA-20224,C-1635,1
TA-20231,C-1244,2
TA-20232,C-1846,2
TA-20233,C-1244,2
TA-20234,C-1632,1
TA-20235,C-1628,2
TA-20236,C-1462,1
TA-20237,C-1462,1
TA-20238,C-1627,2
TA-20241,C-1904,1
TA-20242,C-1629,2
TA-20243,C-1244,2
TA-20244,C-1846,2
TA-20245,C-1244,2
TA-20249,C-1631,1
TA-20250,C-1652,1
TA-20251,C-1631,1
TA-20253,C-1631,1
TA-20258,C-1631,1
TA-20259,C-1631,1
TA-20260,C-1628,2
TA-20261,C-1627,2
TA-20262,C-1846,2
TA-20263,C-1846,2
TA-20264,C-1244,2
TA-20265,C-1244,2
TA-20266,C-1244,2
TA-20267,C-1846,2
TA-20268,C-0004,2
TA-20270,C-1848,1
TA-20271,C-1848,1
TA-20272,C-1421,1
TA-20273,C-1421,1
TA-20274,C-1421,1
TA-20275,C-1421,1
TA-20276,C-1848,1
TA-20277,C-0001,2
TA-20278,C-0445,1
TA-20279,C-0001,2
TA-20280,C-0001,2
TA-20281,C-0001,2
TA-20282,C-1915,1
TA-20283,C-1916,1
TA-20289,C-0001,2
TA-20292,C-1846,2
TA-20293,C-1846,2
TA-20294,C-1846,2
TA-20295,C-1846,2
TA-20296,C-1343,1
TA-20313,C-0445,1
TA-20314,C-0445,1
TA-20315,C-0445,1
TA-20316,C-1918,1
TA-20317,C-0445,1
TA-20318,C-0445,1
TA-20319,C-0445,1
TA-20320,C-0445,2
TA-20321,C-0001,2
TA-20322,C-0001,2
TA-20323,C-0001,1
TA-20324,C-0001,1
TA-20325,C-0001,1
TA-20331,C-0001,2
TA-20332,C-0001,2
TA-20333,C-0001,2
TA-20334,C-0001,2
TA-20335,C-0445,1
TA-20336,C-1846,2
TA-20337,C-0004,2
TA-20338,C-0004,2
TA-20341,C-1544,1
TA-20343,C-1629,1
TA-20344,C-1629,1
TA-20345,C-1629,1
TA-20346,C-1628,1
TA-20347,C-1629,1
TA-20349,C-1629,2
TA-20350,C-1629,2
TA-20351,C-1629,2
TA-20352,C-1629,2
TA-20354,C-1630,1
TA-20355,C-1630,1
TA-20357,C-1628,2
TA-20358,C-1628,2
TA-20359,C-1632,1
TA-20360,C-1632,1
TA-20361,C-1631,1
TA-20362,C-1631,1
TA-20363,C-1881,1
TA-20364,C-1630,2
TA-20365,C-1630,2
TA-20366,C-1628,2
TA-20367,C-1628,2
TA-20370,C-1630,1
TA-20371,C-1630,1
TA-20372,C-1630,2
TA-20373,C-1846,2
TA-20374,C-1421,2
TA-20375,C-1631,1
TA-20376,C-1632,1
TA-20377,C-1631,1
TA-20378,C-1632,1
TA-20379,C-1629,2
TA-20380,C-1629,2
TA-20381,C-1629,2
TA-20382,C-1629,2
TA-20387,C-1631,2
TA-20388,C-1629,2
TA-20389,C-1629,2
TA-20390,C-1629,2
TA-20391,C-1629,2
TA-20392,C-1629,2
TA-20393,C-1629,2
TA-20394,C-1628,2
TA-20395,C-1629,1
TA-20398,C-1629,2
TA-20399,C-1923,1
TA-20400,C-1497,2
TA-20402,C-1629,2
TA-20403,C-1629,2
TA-20404,C-1629,2
TA-20411,C-1624,1
TA-20412,C-1630,2
TA-20413,C-1630,2
TA-20414,C-1630,2
TA-20415,C-1630,2
TA-20416,C-1630,2
TA-20417,C-0817,1
TA-20418,C-1628,2
TA-20420,C-1632,2
TA-20422,C-1628,2
TA-20423,C-1628,2
TA-20424,C-1628,2
TA-20425,C-1629,2
TA-20426,C-1632,2
TA-20427,C-1632,2
TA-20428,C-1627,2
TA-20429,C-1630,2
TA-20430,C-1630,2
TA-20431,C-1630,2
TA-20432,C-1630,2
TA-20435,C-1615,1
TA-20436,C-1628,2
TA-20437,C-1628,2
TA-20438,C-1628,2
TA-20439,C-1628,2
TA-20440,C-1628,2
TA-20441,C-1624,1
TA-20442,C-1632,1
TA-20443,C-1624,1
TA-20444,C-1632,1
TA-20445,C-1624,1
TA-20446,C-1628,2
TA-20447,C-1630,2
TA-20448,C-1630,2
TA-20449,C-1631,2
TA-20450,C-1631,2
TA-20451,C-1625,1
TA-20454,C-1630,2
TA-20455,C-1630,2
TA-20456,C-1625,1
TA-20457,C-1631,2
TA-20458,C-1625,1
TA-20459,C-2017,1
TA-20460,C-1632,1
TA-20461,C-1632,1
TA-20465,C-1630,1
TA-20466,C-1630,1
TA-20467,C-1630,1
TA-20468,C-1632,1
TA-20469,C-1632,1
TA-20470,C-1631,1
TA-20471,C-1631,1
TA-20475,C-1830,1
TA-20476,C-1830,1
TA-20477,C-1624,1
TA-20478,C-1655,1
TA-20479,C-1732,1
TA-20480,C-1628,2
TA-20488,C-1629,2
TA-20489,C-1625,2
TA-20490,C-1630,2
TA-20491,C-1630,2
TA-20492,C-1630,1
TA-20494,C-1825,1
TA-20495,C-1631,2
TA-20496,C-1631,2
TA-20497,C-1632,1
TA-20498,C-1628,2
TA-20499,C-1628,2
TA-20502,C-1631,2
TA-20503,C-1631,2
TA-20504,C-1628,2
TA-20505,C-1502,1
TA-20506,C-1628,1
TA-20507,C-1628,1
TA-20508,C-1631,1
TA-20509,C-1635,1
TA-20510,C-1635,1
TA-20511,C-1632,1
TA-20512,C-1628,2
TA-20513,C-1628,2
TA-20518,C-0449,2
TA-20519,C-0449,2
TA-20520,C-0449,2
TA-20521,C-0449,2
TA-20522,C-0449,2
TA-20523,C-0449,2
TA-20524,C-1715,1
TA-20525,C-1715,1
TA-20526,C-0001,2
TA-20527,C-0001,2
TA-20528,C-0445,1
TA-20529,C-1474,1
TA-20530,C-1478,1
TA-20533,C-1736,1
TA-20534,C-1244,2
TA-20535,C-1244,2
TA-20536,C-1244,2
TA-20537,C-1244,2
TA-20539,C-0445,1
TA-20542,C-1631,1
TA-20543,C-1631,1
TA-20544,C-1621,1
TA-20545,C-1632,1
TA-20546,C-1632,1
TA-20547,C-1908,1
TA-20548,C-1632,1
TA-20550,C-1630,1
TA-20551,C-1992,1
TA-20552,C-1621,1
TA-20553,C-1632,1
TA-20554,C-1244,2
TA-20555,C-1846,2
TA-20556,C-1244,2
TA-20559,C-1627,2
TA-20560,C-1627,2
TA-20561,C-1627,2
TA-20562,C-1621,1
TA-20563,C-1661,2
TA-20564,C-1631,1
TA-20565,C-1628,2
TA-20566,C-1631,1
TA-20567,C-1909,1
TA-20568,C-1909,1
TA-20569,C-1632,1
TA-20570,C-1628,2
TA-20571,C-1628,2
TA-20572,C-1629,2
TA-20573,C-1628,2
TA-20574,C-1628,2
TA-20575,C-1628,2
TA-20580,C-1629,2
TA-20581,C-1627,2
TA-20582,C-1627,2
TA-20583,C-1629,2
TA-20584,C-1627,2
TA-20585,C-1631,1
TA-20586,C-1627,2
TA-20587,C-1631,2
TA-20588,C-1628,2
TA-20589,C-1628,2
TA-20590,C-1627,2
TA-20591,C-1627,2
TA-20594,C-1625,1
TA-20595,C-1631,1
TA-20596,C-1631,1
TA-20601,C-1630,1
TA-20602,C-1630,1
TA-20603,C-1630,1
TA-20604,C-1630,1
TA-20605,C-1906,1
TA-20606,C-1244,2
TA-20607,C-1631,1
TA-20608,C-1631,1
TA-20609,C-1244,2
TA-20610,C-1627,2
TA-20611,C-1628,2
TA-20612,C-1628,2
TA-20613,C-1625,1
TA-20614,C-1625,1
TA-20615,C-1631,2
TA-20616,C-1631,2
TA-20617,C-1632,1
TA-20619,C-1730,1
TA-20622,C-1846,2
TA-20624,C-1631,1
TA-20629,C-1907,1
TA-20634,C-1805,1
TA-20635,C-1805,1
TA-20638,C-0449,2
TA-20639,C-1934,1
TA-20642,C-1244,2
TA-20643,C-1244,2
TA-20644,C-1244,2
TA-20656,C-1631,2
TA-20657,C-1631,2
TA-20658,C-1631,2
TA-20659,C-1628,2
TA-20660,C-1628,2
TA-20661,C-1629,2
TA-20662,C-1628,2
TA-20663,C-1628,2
TA-20664,C-1664,1
TA-20666,C-1632,1
TA-20667,C-1632,2
TA-20668,C-1631,2
TA-20669,C-1628,2
TA-20670,C-1628,2
TA-20671,C-1628,2
TA-20674,C-1421,1
TA-20677,C-0449,2
TA-20678,C-0449,2
TA-20679,C-1846,2
TA-20680,C-1421,2
TA-20681,C-1421,2
TA-20683,C-1244,2
TA-20703,C-1627,2
TA-20705,C-1846,2
TA-20707,C-1244,2
TA-20710,C-1846,2
TA-20712,C-1631,1
TA-20715,C-1629,1
TA-20716,C-1629,1
TA-20717,C-1631,1
TA-20718,C-1630,1
TA-20719,C-1630,1
TA-20722,C-1630,1
TA-20723,C-1629,1
TA-20724,C-1629,1
TA-20725,C-1629,1
TA-20726,C-1846,1
TA-20727,C-1631,1
TA-20728,C-1631,1
TA-20729,C-1631,1
TA-20730,C-1630,1
TA-20731,C-1629,1
TA-20732,C-1629,1
TA-20733,C-1629,1
TA-20734,C-1629,1
TA-20735,C-1628,2
TA-20736,C-1628,2
TA-20737,C-1629,1
TA-20738,C-1630,1
TA-20739,C-1630,1
TA-20740,C-1630,1
TA-20741,C-1630,1
TA-20742,C-1631,2
TA-20745,C-1631,1
TA-20746,C-1631,1
TA-20747,C-1846,1
TA-20748,C-1630,1
TA-20749,C-1630,1
TA-20750,C-1631,1
TA-20751,C-1631,1
TA-20752,C-1631,1
TA-20755,C-1631,1
TA-20756,C-1649,1
TA-20757,C-1649,1
TA-20758,C-1649,1
TA-20759,C-1632,1
TA-20764,C-1629,1
TA-20765,C-1629,1
TA-20766,C-1476,1
TA-20767,C-1629,1
TA-20770,C-1647,1
TA-20771,C-1647,1
TA-20774,C-1632,1
TA-20775,C-1627,1
TA-20776,C-1627,1
TA-20780,C-1631,1
TA-20781,C-1631,1
TA-20782,C-1631,1
TA-20783,C-1631,1
TA-20784,C-1631,1
TA-20785,C-1630,1
TA-20786,C-1630,1
TA-20787,C-1629,2
TA-20790,C-1632,1
TA-20791,C-1632,1
TA-20792,C-1627,2
TA-20793,C-1627,2
TA-20794,C-1627,2
TA-20795,C-1631,1
TA-20798,C-1630,1
TA-20799,C-1630,1
TA-20800,C-1630,1
TA-20801,C-1637,1
TA-20802,C-1629,1
TA-20803,C-1629,1
TA-20804,C-1629,1
TA-20805,C-1629,1
TA-20806,C-1629,1
TA-20807,C-1629,1
TA-20808,C-1627,1
TA-20809,C-1627,1
TA-20810,C-1630,1
TA-20811,C-1630,1
TA-20812,C-1630,1
TA-20813,C-1630,1
TA-20814,C-1630,1
TA-20815,C-1630,1
TA-20816,C-1628,1
TA-20817,C-1620,1
TA-20818,C-1620,1
TA-20819,C-1627,1
TA-20820,C-1627,1
TA-20821,C-1631,1
TA-20822,C-1631,1
TA-20823,C-1631,1
TA-20824,C-1631,1
TA-20825,C-1630,1
TA-20826,C-1630,1
TA-20829,C-1632,1
TA-20830,C-1632,1
TA-20832,C-1631,1
TA-20833,C-1647,1
TA-20834,C-1909,1
TA-20835,C-1629,1
TA-20836,C-1629,1
TA-20839,C-1628,2
TA-20840,C-1628,2
TA-20841,C-1629,2
TA-20842,C-1629,2
TA-20843,C-1630,1
TA-20844,C-1630,2
TA-20845,C-1630,2
TA-20846,C-1627,2
TA-20847,C-1647,1
TA-20849,C-1631,1
TA-20850,C-1631,1
TA-20851,C-1628,1
TA-20852,C-1630,2
TA-20853,C-1630,2
TA-20854,C-1628,2
TA-20855,C-1628,2
TA-20856,C-1629,2
TA-20857,C-1629,2
TA-20858,C-1629,2
TA-20859,C-1628,2
TA-20860,C-1628,2
TA-20861,C-1628,2
TA-20862,C-1628,2
TA-20863,C-1629,2
TA-20864,C-1628,2
TA-20866,C-1629,2
TA-20867,C-1628,2
TA-20868,C-1622,1
TA-20869,C-1914,1
TA-20886,C-1628,1
TA-20887,C-1628,2
TA-20888,C-2019,1
TA-20889,C-1631,2
TA-20890,C-1631,2
TA-20893,C-1631,2
TA-20897,C-1244,1
TA-20898,C-1244,1
TA-20906,C-1628,2
TA-20913,C-1628,2
TA-20914,C-1629,2
TA-20915,C-1628,2
TA-20916,C-1629,2
TA-20918,C-1621,1
TA-20919,C-1629,1
TA-20920,C-1624,1
TA-20921,C-1624,1
TA-20922,C-0001,2
TA-20945,C-1481,1
TA-20946,C-1628,2
TA-20947,C-1629,2
TA-20948,C-1658,1
TA-20949,C-1658,1
TA-20950,C-1628,2
TA-20951,C-1628,2
TA-20952,C-1652,1
TA-20955,C-1630,2
TA-20956,C-1632,2
TA-20957,C-1632,2
TA-20958,C-1481,1
TA-20961,C-1626,1
TA-20962,C-1626,1
TA-20965,C-1625,1
TA-20966,C-1632,1
TA-20968,C-1632,1
TA-20972,C-1628,2
TA-20979,C-0004,2
TA-20981,C-1586,1
TA-20989,C-1846,2
TA-20990,C-1846,2
TA-20991,C-1846,2
TA-20996,C-0449,2
TA-20997,C-0001,2
TA-20998,C-0001,2
TA-21001,C-0001,1
TA-21002,C-0001,1
TA-21003,C-0001,1
TA-21019,C-1244,2
TA-21035,C-0001,1
TA-21038,C-1244,2
TA-21039,C-1244,2
TA-21040,C-1244,2
TA-21041,C-1244,2
TA-21042,C-0449,2
TA-21043,C-1244,2
TA-21044,C-1244,2
TA-21045,C-0449,2
TA-21046,C-0449,2
TA-21047,C-0001,2
TA-21049,C-0449,2
TA-21050,C-0004,2
TA-21051,C-1244,2
TA-21052,C-1244,2
TA-21053,C-0445,1
TA-21054,C-0445,1
TA-21057,C-1584,1
TA-21058,C-1630,2
TA-21059,C-1627,2
TA-21060,C-1629,2
TA-21061,C-1630,2
TA-21062,C-1629,2
TA-21071,C-1325,1
TA-21078,C-1631,2
TA-21080,C-1624,1
TA-21081,C-1624,1
TA-21082,C-0001,2
TA-21087,C-1554,2
TA-21088,C-1554,2
TA-21089,C-1554,2
TA-21090,C-1554,2
TA-21091,C-1439,2
TA-21092,C-1439,2
TA-21093,C-1439,2
TA-21094,C-1439,2
TA-21095,C-1439,2
TA-21096,C-1421,2
TA-21097,C-1421,2
TA-21101,C-1421,1
TA-21102,C-1421,1
TA-21103,C-1677,2
TA-21104,C-1677,2
TA-21105,C-1677,2
TA-21106,C-1677,2
TA-21107,C-1677,2
TA-21108,C-1677,2
TA-21109,C-1420,1
TA-21110,C-1672,1
TA-21113,C-1845,1
TA-21116,C-0449,2
TA-21117,C-0445,2
TA-21120,C-1244,2
TA-21121,C-1845,1
TA-21122,C-0449,1
TA-21123,C-0449,1
TA-21129,C-1421,2
TA-21130,C-1846,2
TA-21132,C-0003,2
TA-21133,C-1625,1
TA-21135,C-1846,2
TA-21138,C-0449,1
TA-21140,C-0449,1
TA-21145,C-0831,2
TA-21146,C-1421,2
TA-21149,C-1244,2
TA-21150,C-1628,2
TA-21151,C-1628,2
TA-21157,C-2045,1
TA-21159,C-1244,2
TA-21160,C-0445,1
TA-21161,C-0445,2
TA-21162,C-1846,2
TA-21163,C-1421,2
TA-21165,C-2045,1
TA-21167,C-2046,1
TA-21169,C-1955,1
TA-21170,C-1244,2
TA-21176,C-1846,2
TA-21177,C-1244,2
TA-21178,C-0449,1
TA-21180,C-1421,1
TA-21181,C-1421,1
TA-21182,C-1846,2
TA-21183,C-1244,2
TA-21185,C-2045,1
TA-21186,C-2045,1
TA-21187,C-2044,1
TA-21188,C-1629,1
TA-21189,C-0449,1
TA-21190,C-1421,1
TA-21191,C-1421,1
TA-21193,C-1421,1
TA-21194,C-1421,1
TA-00005,C-1641,1
TA-00006,C-1641,1
TA-00035,C-1850,1
TA-00038,C-0022,1
TA-00040,C-1628,1
TA-00041,C-1850,1
TA-00045,C-0026,2
TA-00052,C-1632,1
TA-00055,C-1647,1
TA-00056,C-1647,1
TA-00057,C-1642,1
TA-00059,C-0032,1
TA-00069,C-1375,1
TA-00072,C-1970,1
TA-00098,C-1632,1
TA-00107,C-1421,1
TA-00108,C-1842,1
TA-00109,C-1842,1
TA-00111,C-1759,1
TA-00112,C-1845,1
TA-00123,C-1641,1
TA-00125,C-1642,1
TA-00132,C-1641,1
TA-00133,C-1641,1
TA-00134,C-1641,1
TA-00154,C-1644,1
TA-00155,C-1644,1
TA-00159,C-1642,1
TA-00173,C-1654,1
TA-00174,C-1649,1
TA-00175,C-0061,1
TA-00176,C-0061,1
TA-00178,C-0045,1
TA-00184,C-1640,1
TA-00185,C-1640,1
TA-00193,C-1681,1
TA-00198,C-1970,1
TA-00203,C-1638,1
TA-00204,C-0063,1
TA-00205,C-0237,1
TA-00227,C-1627,1
TA-00231,C-1649,1
TA-00236,C-1649,1
TA-00237,C-1647,1
TA-00245,C-1627,1
TA-00246,C-2035,1
TA-00249,C-1649,1
TA-00270,C-1647,1
TA-00271,C-1647,1
TA-00293,C-1638,1
TA-00294,C-1638,1
TA-00295,C-1638,1
TA-00303,C-1850,1
TA-00314,C-1638,1
TA-00315,C-1638,1
TA-00317,C-1639,1
TA-00318,C-1639,1
TA-00320,C-1877,1
TA-00321,C-1877,1
TA-00327,C-1956,1
TA-00329,C-1735,1
TA-00333,C-1642,1
TA-00350,C-1633,2
TA-00355,C-0001,1
TA-00356,C-1640,1
TA-00357,C-1716,1
TA-00359,C-1655,1
TA-00360,C-1655,1
TA-00361,C-1655,1
TA-00375,C-1565,1
TA-00378,C-1317,1
TA-00381,C-1649,1
TA-00382,C-1650,1
TA-00383,C-1654,1
TA-00384,C-1649,1
TA-00385,C-1650,1
TA-00395,C-2001,1
TA-00413,C-0061,1
TA-00418,C-0057,1
TA-00419,C-0057,1
TA-00420,C-0057,1
TA-00421,C-0057,1
TA-00422,C-0057,1
TA-00423,C-0057,1
TA-00424,C-0057,1
TA-00425,C-0057,1
TA-00426,C-0057,1
TA-00427,C-0057,1
TA-00428,C-0057,1
TA-00429,C-0057,1
TA-00440,C-1642,1
TA-00442,C-1640,1
TA-00443,C-1642,1
TA-00478,C-1642,1
TA-00479,C-2004,1
TA-00480,C-2004,1
TA-00481,C-1631,1
TA-00485,C-0081,1
TA-00488,C-1647,1
TA-00489,C-1647,1
TA-00490,C-1647,1
TA-00491,C-1647,1
TA-00492,C-1647,1
TA-00493,C-1647,1
TA-00494,C-1647,1
TA-00495,C-1647,1
TA-00498,C-1647,1
TA-00499,C-1647,1
TA-00500,C-1647,2
TA-00510,C-1641,1
TA-00516,C-1640,1
TA-00523,C-1638,1
TA-00524,C-1638,1
TA-00531,C-1739,1
TA-00532,C-1632,1
TA-00533,C-1739,1
TA-00535,C-1655,1
TA-00538,C-1718,1
TA-00539,C-1718,1
TA-00552,C-1648,1
TA-00553,C-1648,1
TA-00554,C-1565,1
TA-00557,C-2001,1
TA-00558,C-1641,1
TA-00559,C-1641,1
TA-00560,C-1646,1
TA-00561,C-1646,1
TA-00564,C-1631,1
TA-00565,C-1631,1
TA-00568,C-1648,1
TA-00569,C-1641,1
TA-00570,C-1889,1
TA-00573,C-1648,1
TA-00574,C-1648,1
TA-00577,C-1640,1
TA-00587,C-1629,1
TA-00589,C-1648,1
TA-00597,C-1631,1
TA-00598,C-1631,1
TA-00613,C-1632,1
TA-00627,C-2004,1
TA-00644,C-1628,1
TA-00645,C-1628,1
TA-00646,C-1725,1
TA-00647,C-2017,1
TA-00648,C-1892,1
TA-00649,C-1892,1
TA-00659,C-1889,1
TA-00660,C-1648,1
TA-00661,C-1647,1
TA-00662,C-1647,1
TA-00678,C-1641,1
TA-00679,C-1647,1
TA-00680,C-1647,1
TA-00681,C-1647,1
TA-00682,C-1647,1
TA-00684,C-0082,1
TA-00686,C-1647,1
TA-00687,C-1647,1
TA-00689,C-2004,1
TA-00698,C-1638,1
TA-00715,C-1901,1
TA-00716,C-1901,1
TA-00717,C-1639,1
TA-00718,C-1641,1
TA-00719,C-1641,1
TA-00723,C-1647,1
TA-00724,C-1647,1
TA-00725,C-1647,1
TA-00726,C-1647,1
TA-00728,C-1639,1
TA-00731,C-1639,1
TA-00736,C-1641,1
TA-00737,C-1641,1
TA-00744,C-1641,1
TA-00746,C-1625,1
TA-00747,C-1625,1
TA-00748,C-0021,1
TA-00752,C-1654,1
TA-00761,C-1639,1
TA-00763,C-2004,1
TA-00765,C-2004,1
TA-00768,C-1639,1
TA-00769,C-2004,1
TA-00774,C-1639,1
TA-00775,C-1639,1
TA-00779,C-2001,1
TA-00781,C-1632,1
TA-00782,C-2032,1
TA-00783,C-1649,1
TA-00784,C-1649,1
TA-00789,C-1642,1
TA-00790,C-1642,1
TA-00797,C-0111,1
TA-00802,C-1850,1
TA-00809,C-1885,1
TA-00811,C-1638,1
TA-00812,C-1632,1
TA-00814,C-1892,1
TA-00815,C-1892,1
TA-00831,C-0089,1
TA-00834,C-1641,1
TA-00835,C-1641,1
TA-00844,C-1641,1
TA-00848,C-1628,1
TA-00851,C-1870,1
TA-00853,C-1642,1
TA-00854,C-1649,1
TA-00859,C-1647,1
TA-00863,C-1901,1
TA-00864,C-1632,2
TA-00866,C-1647,1
TA-00867,C-0113,1
TA-00868,C-1978,2
TA-00876,C-1647,1
TA-00877,C-1647,1
TA-00878,C-1647,1
TA-00879,C-1647,1
TA-00885,C-1632,2
TA-00886,C-1632,2
TA-00895,C-1647,1
TA-00909,C-1627,1
TA-00913,C-1639,1
TA-00921,C-1641,1
TA-00933,C-1629,1
TA-00934,C-1629,1
TA-00947,C-0117,1
TA-00950,C-1867,1
TA-00952,C-1628,1
TA-00958,C-1421,1
TA-00959,C-1632,1
TA-00963,C-2004,1
TA-00964,C-0116,1
TA-00976,C-1869,1
TA-00981,C-1639,1
TA-00982,C-1639,1
TA-00983,C-1641,1
TA-00986,C-1806,1
TA-00987,C-1806,1
TA-00990,C-2005,1
TA-00991,C-2005,1
TA-00992,C-2005,1
TA-00993,C-2005,1
TA-00997,C-2005,1
TA-01004,C-0121,1
TA-01005,C-0121,1
TA-01006,C-1638,1
TA-01008,C-1638,1
TA-01019,C-1565,1
TA-01024,C-0045,1
TA-01033,C-1639,1
TA-01038,C-1644,1
TA-01039,C-1901,1
TA-01040,C-1642,1
TA-01045,C-1640,1
TA-01046,C-1640,1
TA-01057,C-1631,1
TA-01058,C-1631,1
TA-01069,C-2017,1
TA-01071,C-1641,1
TA-01072,C-1641,1
TA-01073,C-1641,1
TA-01074,C-1641,1
TA-01076,C-1716,1
TA-01093,C-1640,1
TA-01094,C-0123,1
TA-01116,C-1649,1
TA-01123,C-1638,1
TA-01130,C-1647,1
TA-01131,C-1375,1
TA-01132,C-1375,1
TA-01134,C-1889,1
TA-01135,C-1642,1
TA-01143,C-1632,1
TA-01206,C-1639,1
TA-01207,C-1639,1
TA-01224,C-1660,1
TA-01225,C-2032,1
TA-01231,C-0045,1
TA-01242,C-1649,1
TA-01244,C-1642,1
TA-01253,C-1631,1
TA-01254,C-1639,1
TA-01257,C-0045,1
TA-01259,C-1639,1
TA-01272,C-1639,1
TA-01293,C-1623,1
TA-01294,C-1640,1
TA-01296,C-1647,1
TA-01298,C-1642,1
TA-01299,C-1642,1
TA-01300,C-1650,1
TA-01302,C-2005,1
TA-01303,C-2005,1
TA-01309,C-1632,1
TA-01312,C-1642,1
TA-01313,C-1642,1
TA-01317,C-0196,1
TA-01318,C-0196,1
TA-01319,C-0196,1
TA-01324,C-1724,1
TA-01338,C-1640,1
TA-01342,C-1654,1
TA-01359,C-1640,1
TA-01360,C-1640,1
TA-01361,C-1758,1
TA-01362,C-1758,1
TA-01363,C-1758,1
TA-01365,C-1956,1
TA-01372,C-1653,1
TA-01385,C-1847,1
TA-01387,C-1945,1
TA-01388,C-1504,1
TA-01390,C-1654,1
TA-01393,C-1642,1
TA-01394,C-0045,1
TA-01425,C-1640,1
TA-01426,C-1956,1
TA-01435,C-1639,1
TA-01436,C-1639,1
TA-01437,C-1639,1
TA-01438,C-1639,1
TA-01439,C-1639,1
TA-01452,C-0045,1
TA-01457,C-1647,1
TA-01458,C-1647,1
TA-01472,C-0028,2
TA-01478,C-1639,1
TA-01479,C-1641,1
TA-01480,C-1639,1
TA-01489,C-0022,1
TA-01498,C-1631,1
TA-01499,C-1641,1
TA-01500,C-1641,1
TA-01531,C-1640,1
TA-01534,C-1892,1
TA-01535,C-1892,1
TA-01553,C-1639,1
TA-01554,C-2001,1
TA-01555,C-2001,1
TA-01566,C-1646,1
TA-01567,C-1646,1
TA-01571,C-1892,1
TA-01572,C-1892,1
TA-01573,C-1638,1
TA-01574,C-1638,1
TA-01575,C-1641,1
TA-01576,C-1641,1
TA-01577,C-1641,1
TA-01578,C-1641,1
TA-01579,C-1641,1
TA-01580,C-1641,1
TA-01590,C-0021,1
TA-01596,C-1633,1
TA-01601,C-1564,1
TA-01613,C-1639,1
TA-01614,C-1655,1
TA-01615,C-1654,1
TA-01618,C-1654,1
TA-01622,C-1565,1
TA-01623,C-0045,1
TA-01626,C-0100,1
TA-01643,C-1638,1
TA-01644,C-1638,1
TA-01650,C-1631,1
TA-01651,C-1631,1
TA-01656,C-1631,1
TA-01662,C-1654,1
TA-01671,C-0022,1
TA-01672,C-1628,1
TA-01674,C-1639,1
TA-01675,C-1639,1
TA-01676,C-1633,2
TA-01677,C-1647,1
TA-01708,C-1642,1
TA-01718,C-2032,1
TA-01719,C-2032,1
TA-01726,C-0170,1
TA-01728,C-1641,1
TA-01741,C-1649,1
TA-01745,C-1889,1
TA-01754,C-1642,1
TA-01755,C-1642,1
TA-01762,C-0022,1
TA-01777,C-1739,1
TA-01778,C-0449,1
TA-01783,C-1642,1
TA-01784,C-0051,1
TA-01786,C-1970,1
TA-01825,C-1565,1
TA-01834,C-1642,1
TA-01836,C-1638,1
TA-01837,C-1638,1
TA-01843,C-1640,1
TA-01846,C-1640,1
TA-01847,C-1647,1
TA-01848,C-1647,1
TA-01849,C-1640,1
TA-01850,C-1639,1
TA-01851,C-1639,1
TA-01869,C-1647,1
TA-01891,C-0190,1
TA-01897,C-1850,1
TA-01901,C-1631,1
TA-01910,C-1638,1
TA-01921,C-1602,1
TA-01924,C-1749,1
TA-01929,C-0264,1
TA-01943,C-1648,1
TA-01944,C-0383,1
TA-01949,C-0383,1
TA-01954,C-1806,1
TA-01955,C-1806,1
TA-01956,C-1640,1
TA-01957,C-1640,1
TA-01958,C-1640,1
TA-01959,C-1956,1
TA-01960,C-1647,1
TA-01971,C-1641,1
TA-01973,C-1639,2
TA-01974,C-1639,1
TA-01975,C-1639,1
TA-01993,C-1640,1
TA-01996,C-2002,1
TA-01997,C-2032,1
TA-01998,C-1639,1
TA-01999,C-1639,1
TA-02020,C-1641,2
TA-02025,C-1627,1
TA-02026,C-0214,1
TA-02027,C-0211,1
TA-02028,C-0211,1
TA-02029,C-0211,1
TA-02030,C-0211,1
TA-02031,C-1630,1
TA-02032,C-0209,1
TA-02033,C-1630,1
TA-02037,C-0211,1
TA-02038,C-1640,1
TA-02039,C-1640,1
TA-02040,C-1641,1
TA-02041,C-1641,1
TA-02042,C-0211,1
TA-02043,C-0211,1
TA-02044,C-0211,1
TA-02045,C-0278,1
TA-02046,C-0278,1
TA-02047,C-1639,1
TA-02049,C-1639,1
TA-02050,C-1639,1
TA-02071,C-0004,1
TA-02075,C-1629,1
TA-02076,C-0147,1
TA-02083,C-1628,1
TA-02115,C-1641,1
TA-02116,C-1641,1
TA-02117,C-2027,1
TA-02118,C-1628,1
TA-02124,C-1647,1
TA-02125,C-1647,1
TA-02126,C-1647,1
TA-02153,C-2005,1
TA-02154,C-1641,1
TA-02158,C-1647,1
TA-02159,C-1647,1
TA-02160,C-1647,1
TA-02161,C-1647,1
TA-02183,C-1647,1
TA-02185,C-0246,1
TA-02193,C-1639,1
TA-02194,C-1639,1
TA-02195,C-1639,1
TA-02196,C-1639,1
TA-02212,C-1761,1
TA-02228,C-1907,1
TA-02229,C-1907,1
TA-02233,C-1639,1
TA-02235,C-2005,1
TA-02252,C-0236,1
TA-02255,C-1647,1
TA-02257,C-1638,1
TA-02261,C-1639,1
TA-02270,C-1641,1
TA-02271,C-1641,1
TA-02282,C-1638,1
TA-02303,C-2032,1
TA-02312,C-1641,1
TA-02313,C-1641,1
TA-02317,C-1632,1
TA-02324,C-1910,1
TA-02325,C-1910,1
TA-02326,C-1910,1
TA-02327,C-1910,1
TA-02332,C-1629,1
TA-02337,C-1627,1
TA-02338,C-1646,1
TA-02343,C-1642,1
TA-02344,C-1646,1
TA-02345,C-1646,1
TA-02346,C-1646,1
TA-02347,C-1646,1
TA-02354,C-1641,1
TA-02370,C-1646,1
TA-02372,C-1646,1
TA-02374,C-1646,1
TA-02376,C-1646,1
TA-02378,C-1646,1
TA-02380,C-1646,1
TA-02381,C-1646,1
TA-02382,C-1646,1
TA-02383,C-1646,1
TA-02384,C-1641,1
TA-02388,C-2047,1
TA-02389,C-1627,1
TA-02392,C-0247,1
TA-02393,C-0249,1
TA-02394,C-0250,1
TA-02403,C-1647,1
TA-02405,C-1639,1
TA-02406,C-1639,1
TA-02427,C-1639,1
TA-02428,C-1639,1
TA-02429,C-1638,1
TA-02430,C-1639,1
TA-02431,C-1639,1
TA-02432,C-2004,1
TA-02434,C-1645,1
TA-02435,C-1630,1
TA-02436,C-1630,1
TA-02437,C-1630,1
TA-02438,C-1630,1
TA-02445,C-0256,1
TA-02452,C-1647,1
TA-02453,C-1647,1
TA-02455,C-1628,1
TA-02456,C-1628,1
TA-02459,C-1889,1
TA-02461,C-1889,1
TA-02466,C-1638,1
TA-02475,C-2008,1
TA-02476,C-2008,1
TA-02483,C-1641,1
TA-02484,C-1642,1
TA-02485,C-1641,1
TA-02486,C-1642,1
TA-02491,C-1870,1
TA-02510,C-2002,1
TA-02511,C-2002,1
TA-02516,C-1629,1
TA-02521,C-1850,1
TA-02523,C-1639,1
TA-02525,C-0206,1
TA-02526,C-0206,1
TA-02531,C-1739,1
TA-02532,C-1749,1
TA-02560,C-1642,1
TA-02561,C-1654,1
TA-02572,C-1565,1
TA-02579,C-1639,1
TA-02584,C-1641,1
TA-02589,C-1642,1
TA-02591,C-1641,1
TA-02592,C-1641,1
TA-02593,C-0211,1
TA-02594,C-0211,1
TA-02595,C-0211,1
TA-02596,C-1641,1
TA-02598,C-0209,1
TA-02599,C-1629,1
TA-02600,C-1629,1
TA-02601,C-2005,1
TA-02602,C-2005,1
TA-02603,C-1652,1
TA-02604,C-1652,1
TA-02605,C-1652,1
TA-02606,C-1652,1
TA-02608,C-1639,1
TA-02626,C-1628,1
TA-02628,C-1641,1
TA-02630,C-1639,1
TA-02636,C-1565,1
TA-02639,C-1565,1
TA-02646,C-1647,1
TA-02647,C-1640,1
TA-02648,C-1647,1
TA-02672,C-1850,1
TA-02673,C-1610,1
TA-02680,C-0382,1
TA-02701,C-1630,1
TA-02710,C-1939,1
TA-02711,C-1939,1
TA-02712,C-1641,1
TA-02713,C-1641,1
TA-02717,C-1421,1
TA-02719,C-1630,1
TA-02724,C-1647,1
TA-02729,C-1640,1
TA-02730,C-1640,1
TA-02731,C-1640,1
TA-02732,C-1647,1
TA-02765,C-1639,1
TA-02766,C-1639,1
TA-02767,C-1639,1
TA-02768,C-1910,1
TA-02769,C-1910,1
TA-02770,C-1910,1
TA-02778,C-1639,1
TA-02779,C-1639,1
TA-02782,C-0214,1
TA-02784,C-0211,1
TA-02785,C-1630,1
TA-02787,C-1639,1
TA-02789,C-1986,1
TA-02790,C-1642,1
TA-02792,C-1647,1
TA-02793,C-1647,1
TA-02799,C-1654,1
TA-02810,C-1648,1
TA-02812,C-1646,1
TA-02815,C-1628,1
TA-02818,C-0212,1
TA-02828,C-1644,1
TA-02829,C-1799,1
TA-02859,C-1639,1
TA-02864,C-1739,1
TA-02867,C-1632,1
TA-02868,C-1638,1
TA-02870,C-1638,1
TA-02875,C-1623,1
TA-02878,C-1565,1
TA-02880,C-1500,1
TA-02883,C-1641,1
TA-02886,C-1440,1
TA-02891,C-1647,1
TA-02892,C-1647,1
TA-02896,C-0084,1
TA-02925,C-0300,1
TA-02929,C-1739,1
TA-02932,C-0360,1
TA-02936,C-1640,1
TA-02937,C-1640,1
TA-02938,C-1640,1
TA-02939,C-1647,1
TA-02946,C-1639,1
TA-02947,C-1639,1
TA-02953,C-1856,1
TA-02961,C-0284,1
TA-02962,C-0284,1
TA-02969,C-1258,1
TA-02971,C-1630,1
TA-02972,C-1641,1
TA-02978,C-1628,1
TA-02984,C-1638,1
TA-02986,C-1638,1
TA-02987,C-1637,1
TA-02992,C-0315,2
TA-02993,C-0315,2
TA-02996,C-0314,1
TA-02997,C-0314,1
TA-03006,C-0307,1
TA-03007,C-1641,1
TA-03028,C-1647,1
TA-03029,C-1647,1
TA-03031,C-1630,1
TA-03036,C-0102,1
TA-03043,C-1647,1
TA-03044,C-1647,1
TA-03047,C-1638,1
TA-03054,C-1648,1
TA-03055,C-1648,1
TA-03057,C-1749,1
TA-03067,C-1970,1
TA-03090,C-1640,1
TA-03091,C-1640,1
TA-03092,C-1758,1
TA-03093,C-1758,1
TA-03094,C-1758,1
TA-03095,C-1758,1
TA-03097,C-1758,1
TA-03099,C-0328,1
TA-03100,C-0328,1
TA-03113,C-1607,1
TA-03152,C-0329,1
TA-03153,C-1642,1
TA-03154,C-1638,1
TA-03155,C-1638,1
TA-03163,C-2008,1
TA-03164,C-2008,1
TA-03196,C-1638,1
TA-03201,C-2005,1
TA-03224,C-1628,1
TA-03225,C-1628,1
TA-03227,C-1640,1
TA-03230,C-1870,1
TA-03233,C-1648,1
TA-03243,C-1641,1
TA-03244,C-1936,1
TA-03245,C-1936,1
TA-03246,C-0147,1
TA-03247,C-1630,1
TA-03248,C-1630,1
TA-03250,C-1907,1
TA-03251,C-1907,1
TA-03252,C-1630,1
TA-03258,C-1885,1
TA-03260,C-0340,1
TA-03263,C-1629,1
TA-03264,C-1631,1
TA-03278,C-1639,1
TA-03279,C-1630,1
TA-03283,C-1648,1
TA-03284,C-1648,1
TA-03285,C-1639,1
TA-03286,C-1639,1
TA-03293,C-1648,1
TA-03295,C-1641,1
TA-03297,C-1641,1
TA-03301,C-0123,1
TA-03307,C-1739,1
TA-03308,C-0449,1
TA-03313,C-1640,1
TA-03316,C-1628,1
TA-03321,C-1647,1
TA-03323,C-1641,1
TA-03324,C-1641,1
TA-03325,C-1641,1
TA-03326,C-1641,1
TA-03327,C-1638,1
TA-03341,C-1652,1
TA-03346,C-1979,1
TA-03347,C-1639,1
TA-03348,C-1639,1
TA-03352,C-1639,1
TA-03359,C-1642,1
TA-03360,C-1648,1
TA-03369,C-0233,1
TA-03380,C-1359,1
TA-03381,C-1637,1
TA-03382,C-1637,1
TA-03383,C-1637,1
TA-03384,C-1637,1
TA-03391,C-1641,1
TA-03392,C-1910,1
TA-03393,C-1758,1
TA-03394,C-1758,1
TA-03395,C-1758,1
TA-03396,C-0346,1
TA-03402,C-1641,1
TA-03422,C-1641,1
TA-03424,C-1565,1
TA-03426,C-1648,1
TA-03427,C-1648,1
TA-03428,C-1639,1
TA-03429,C-1639,1
TA-03430,C-1639,1
TA-03462,C-1641,1
TA-03468,C-1628,1
TA-03470,C-0350,1
TA-03489,C-1877,1
TA-03494,C-1637,1
TA-03495,C-1637,1
TA-03496,C-1637,1
TA-03498,C-1637,1
TA-03499,C-1637,1
TA-03502,C-1638,1
TA-03504,C-1638,1
TA-03507,C-1642,1
TA-03517,C-0358,1
TA-03519,C-1650,1
TA-03521,C-1641,1
TA-03538,C-1627,1
TA-03539,C-2032,1
TA-03542,C-2026,1
TA-03543,C-1640,1
TA-03554,C-1654,1
TA-03569,C-2009,1
TA-03581,C-1637,1
TA-03582,C-1637,1
TA-03585,C-1629,1
TA-03586,C-1629,1
TA-03589,C-1628,1
TA-03590,C-1639,1
TA-03594,C-1641,1
TA-03595,C-1641,1
TA-03599,C-1641,1
TA-03604,C-0021,1
TA-03617,C-1642,1
TA-03625,C-1637,1
TA-03626,C-1739,1
TA-03632,C-1642,1
TA-03638,C-1628,1
TA-03641,C-1641,1
TA-03642,C-1500,1
TA-03644,C-1638,1
TA-03651,C-1647,1
TA-03653,C-1637,1
TA-03655,C-1637,1
TA-03657,C-1637,1
TA-03658,C-1640,1
TA-03659,C-1716,1
TA-03661,C-1639,1
TA-03662,C-1639,1
TA-03665,C-1496,2
TA-03668,C-1629,1
TA-03687,C-1740,1
TA-03692,C-1637,1
TA-03693,C-2004,1
TA-03700,C-1639,1
TA-03708,C-1761,1
TA-03712,C-1639,1
TA-03718,C-1652,1
TA-03720,C-1641,1
TA-03721,C-1641,1
TA-03726,C-1667,1
TA-03729,C-1639,1
TA-03767,C-1632,1
TA-03769,C-1698,1
TA-03794,C-1647,1
TA-03795,C-0276,1
TA-03802,C-1850,1
TA-03812,C-1654,1
TA-03813,C-1640,1
TA-03823,C-1637,1
TA-03828,C-0381,1
TA-03837,C-0384,1
TA-03849,C-0388,1
TA-03855,C-1639,1
TA-03856,C-1639,1
TA-03858,C-1639,1
TA-03859,C-1639,1
TA-03865,C-1966,1
TA-03877,C-0520,1
TA-03879,C-1641,1
TA-03884,C-0388,1
TA-03885,C-0388,1
TA-03886,C-0388,1
TA-03887,C-0388,1
TA-03888,C-0388,1
TA-03889,C-0388,1
TA-03896,C-1674,1
TA-03911,C-1639,1
TA-03912,C-1640,1
TA-03957,C-1647,1
TA-03960,C-0362,1
TA-03980,C-1641,1
TA-04001,C-0156,1
TA-04002,C-0154,1
TA-04009,C-1641,1
TA-04012,C-1647,1
TA-04013,C-1647,1
TA-04024,C-1649,1
TA-04026,C-1647,1
TA-04027,C-1647,1
TA-04028,C-1647,1
TA-04029,C-1647,1
TA-04032,C-1649,1
TA-04039,C-0395,1
TA-04041,C-1639,1
TA-04043,C-1638,1
TA-04049,C-1639,1
TA-04079,C-0415,2
TA-04080,C-0415,1
TA-04083,C-0414,1
TA-04084,C-0414,1
TA-04085,C-0415,1
TA-04086,C-0415,1
TA-04089,C-0414,1
TA-04090,C-0414,1
TA-04094,C-1635,1
TA-04096,C-1623,1
TA-04102,C-0405,1
TA-04105,C-1630,1
TA-04109,C-1639,1
TA-04115,C-1641,1
TA-04132,C-1641,1
TA-04133,C-1638,1
TA-04177,C-1641,1
TA-04183,C-1649,1
TA-04189,C-1359,1
TA-04195,C-1910,1
TA-04196,C-1910,1
TA-04200,C-1910,1
TA-04201,C-1910,1
TA-04205,C-1639,1
TA-04207,C-1642,1
TA-04215,C-0214,1
TA-04217,C-0214,1
TA-04222,C-0210,1
TA-04223,C-1647,1
TA-04227,C-1647,1
TA-04228,C-1640,1
TA-04235,C-1652,1
TA-04236,C-1652,1
TA-04237,C-1652,1
TA-04249,C-2005,1
TA-04251,C-1639,1
TA-04252,C-1641,1
TA-04262,C-1641,1
TA-04263,C-1641,1
TA-04264,C-1990,1
TA-04283,C-1824,1
TA-04284,C-1741,1
TA-04296,C-0362,1
TA-04298,C-0362,1
TA-04301,C-0211,1
TA-04302,C-0211,1
TA-04303,C-0211,1
TA-04309,C-0250,1
TA-04310,C-0249,1
TA-04311,C-0249,2
TA-04312,C-1639,1
TA-04320,C-1628,1
TA-04321,C-1628,1
TA-04323,C-1739,1
TA-04330,C-2027,1
TA-04337,C-1638,1
TA-04338,C-1638,1
TA-04339,C-0284,1
TA-04348,C-1892,1
TA-04349,C-1892,1
TA-04358,C-0211,1
TA-04359,C-0210,1
TA-04360,C-0211,1
TA-04361,C-0211,1
TA-04362,C-0211,1
TA-04363,C-0211,1
TA-04365,C-1641,1
TA-04366,C-1641,1
TA-04367,C-1641,1
TA-04368,C-1641,1
TA-04370,C-1910,1
TA-04371,C-1758,1
TA-04372,C-1758,1
TA-04389,C-1639,1
TA-04397,C-1640,1
TA-04398,C-1647,1
TA-04402,C-1647,1
TA-04403,C-0411,1
TA-04404,C-0411,1
TA-04415,C-1641,1
TA-04419,C-1632,1
TA-04420,C-0170,1
TA-04430,C-0567,1
TA-04432,C-1647,1
TA-04437,C-1648,1
TA-04438,C-1648,1
TA-04439,C-1638,1
TA-04441,C-1637,1
TA-04442,C-1637,1
TA-04495,C-0480,1
TA-04500,C-1639,1
TA-04502,C-1639,1
TA-04505,C-0045,1
TA-04506,C-0045,1
TA-04510,C-1638,1
TA-04511,C-1641,1
TA-04520,C-1629,1
TA-04521,C-1629,1
TA-04524,C-2009,1
TA-04542,C-1633,1
TA-04543,C-2027,1
TA-04546,C-1628,1
TA-04549,C-1629,1
TA-04550,C-1629,1
TA-04599,C-1607,1
TA-04602,C-1739,1
TA-04610,C-1910,1
TA-04611,C-1910,1
TA-04612,C-1910,1
TA-04613,C-1910,1
TA-04617,C-1638,1
TA-04618,C-1638,1
TA-04621,C-1640,1
TA-04622,C-1640,1
TA-04623,C-1647,1
TA-04634,C-1641,1
TA-04636,C-1639,1
TA-04651,C-2004,1
TA-04652,C-2004,1
TA-04653,C-1640,1
TA-04654,C-1640,1
TA-04658,C-1647,1
TA-04659,C-1647,1
TA-04660,C-1647,1
TA-04662,C-1647,1
TA-04663,C-1647,1
TA-04666,C-1648,1
TA-04667,C-2004,1
TA-04672,C-1475,1
TA-04684,C-1647,1
TA-04685,C-1647,1
TA-04694,C-0210,1
TA-04695,C-0210,1
TA-04696,C-0211,1
TA-04697,C-0214,1
TA-04698,C-0211,1
TA-04699,C-0211,1
TA-04700,C-1640,1
TA-04701,C-0211,1
TA-04702,C-0211,1
TA-04703,C-1628,1
TA-04710,C-1638,1
TA-04721,C-1647,1
TA-04722,C-1647,1
TA-04734,C-0449,1
TA-04735,C-1739,1
TA-04736,C-1421,1
TA-04778,C-1742,1
TA-04787,C-1844,1
TA-04830,C-1641,1
TA-04848,C-1648,1
TA-04849,C-1641,1
TA-04850,C-1639,1
TA-04853,C-1638,1
TA-04859,C-1639,1
TA-04877,C-1648,1
TA-04878,C-1648,1
TA-04881,C-1648,1
TA-04883,C-1646,1
TA-04884,C-1646,1
TA-04885,C-1646,1
TA-04886,C-1646,1
TA-04909,C-1629,1
TA-04923,C-1638,1
TA-04926,C-1641,1
TA-04947,C-0284,1
TA-04948,C-1639,1
TA-04960,C-1642,1
TA-04965,C-1469,1
TA-04966,C-1475,1
TA-04973,C-1641,1
TA-04978,C-0528,1
TA-04992,C-1990,1
TA-05000,C-0063,1
TA-05001,C-1638,1
TA-05002,C-1642,1
TA-05007,C-0121,1
TA-05008,C-1739,1
TA-05011,C-1885,1
TA-05012,C-1640,1
TA-05016,C-1647,1
TA-05017,C-1647,1
TA-05021,C-1641,1
TA-05032,C-1629,1
TA-05033,C-1641,1
TA-05056,C-1642,1
TA-05057,C-1642,1
TA-05058,C-1638,1
TA-05059,C-1639,1
TA-05060,C-1639,1
TA-05063,C-1639,1
TA-05070,C-0284,1
TA-05071,C-0284,1
TA-05091,C-1630,1
TA-05092,C-1630,1
TA-05093,C-1630,1
TA-05094,C-1630,1
TA-05104,C-1639,1
TA-05105,C-1639,1
TA-05115,C-1647,1
TA-05116,C-1629,1
TA-05117,C-1642,1
TA-05118,C-1761,1
TA-05132,C-0273,1
TA-05133,C-1642,1
TA-05138,C-0045,1
TA-05159,C-0415,1
TA-05160,C-0415,1
TA-05163,C-0414,1
TA-05164,C-0414,1
TA-05184,C-1724,1
TA-05186,C-1641,1
TA-05193,C-1640,1
TA-05194,C-1640,1
TA-05201,C-1641,1
TA-05205,C-1641,1
TA-05207,C-1641,1
TA-05208,C-2005,1
TA-05211,C-1640,1
TA-05212,C-1640,1
TA-05215,C-1640,1
TA-05216,C-1640,1
TA-05219,C-1629,1
TA-05242,C-1632,1
TA-05246,C-1630,1
TA-05247,C-1630,1
TA-05248,C-1630,1
TA-05249,C-1630,1
TA-05250,C-1641,1
TA-05251,C-1639,1
TA-05252,C-1648,1
TA-05253,C-1648,1
TA-05254,C-1647,1
TA-05255,C-1647,1
TA-05256,C-1639,1
TA-05258,C-1641,1
TA-05259,C-1639,1
TA-05260,C-1647,1
TA-05265,C-1885,1
TA-05266,C-1647,1
TA-05267,C-1647,1
TA-05269,C-1647,1
TA-05270,C-1647,1
TA-05271,C-1648,1
TA-05272,C-1648,1
TA-05274,C-1632,1
TA-05275,C-1639,1
TA-05276,C-1641,1
TA-05277,C-1641,1
TA-05288,C-1641,1
TA-05292,C-1632,1
TA-05296,C-1641,1
TA-05297,C-1641,1
TA-05299,C-1641,1
TA-05302,C-1641,1
TA-05303,C-0264,1
TA-05324,C-1641,1
TA-05325,C-1641,1
TA-05337,C-1642,1
TA-05338,C-1641,1
TA-05342,C-1632,1
TA-05343,C-1632,1
TA-05344,C-1638,1
TA-05348,C-1638,1
TA-05359,C-1623,1
TA-05365,C-1637,1
TA-05367,C-1637,1
TA-05368,C-1637,1
TA-05369,C-1637,1
TA-05370,C-1637,1
TA-05371,C-1637,1
TA-05372,C-1637,1
TA-05373,C-1637,1
TA-05374,C-1637,1
TA-05375,C-1641,1
TA-05376,C-1641,1
TA-05377,C-1641,1
TA-05378,C-1641,1
TA-05379,C-1641,1
TA-05391,C-1637,1
TA-05392,C-1637,1
TA-05399,C-1647,1
TA-05401,C-1870,1
TA-05404,C-1637,1
TA-05407,C-1637,1
TA-05408,C-1628,1
TA-05409,C-0177,1
TA-05418,C-1637,1
TA-05422,C-1637,1
TA-05423,C-1637,1
TA-05425,C-1637,1
TA-05426,C-1637,1
TA-05429,C-1637,1
TA-05430,C-1637,1
TA-05431,C-1637,1
TA-05436,C-1639,1
TA-05438,C-2009,1
TA-05439,C-1638,1
TA-05442,C-1907,1
TA-05447,C-1639,1
TA-05448,C-1647,1
TA-05449,C-1647,1
TA-05452,C-1907,1
TA-05457,C-1647,1
TA-05458,C-1647,1
TA-05470,C-1739,1
TA-05471,C-1739,1
TA-05477,C-2027,1
TA-05478,C-2027,1
TA-05480,C-1652,1
TA-05481,C-1652,1
TA-05482,C-1652,1
TA-05483,C-1652,1
TA-05490,C-0210,1
TA-05491,C-0210,1
TA-05492,C-1628,1
TA-05496,C-0214,1
TA-05506,C-0030,1
TA-05507,C-0030,1
TA-05521,C-1647,1
TA-05522,C-1640,1
TA-05523,C-1641,1
TA-05524,C-1641,1
TA-05529,C-1637,1
TA-05535,C-1641,1
TA-05537,C-1640,1
TA-05549,C-1750,1
TA-05550,C-0395,1
TA-05558,C-1469,1
TA-05566,C-1845,1
TA-05572,C-1628,1
TA-05577,C-0530,1
TA-05596,C-1637,1
TA-05615,C-0415,1
TA-05616,C-0415,1
TA-05617,C-0414,1
TA-05618,C-0414,1
TA-05633,C-0284,1
TA-05634,C-0284,1
TA-05638,C-1641,1
TA-05639,C-1870,1
TA-05641,C-1870,1
TA-05646,C-1637,1
TA-05647,C-1637,1
TA-05648,C-1637,1
TA-05652,C-1631,1
TA-05653,C-1631,1
TA-05654,C-1631,1
TA-05655,C-1631,1
TA-05661,C-1740,1
TA-05663,C-2005,1
TA-05667,C-1642,1
TA-05668,C-1642,1
TA-05669,C-1647,1
TA-05670,C-1647,1
TA-05671,C-1642,1
TA-05672,C-1637,1
TA-05673,C-1641,1
TA-05674,C-1637,1
TA-05675,C-1637,1
TA-05676,C-1637,1
TA-05677,C-1637,1
TA-05678,C-1637,1
TA-05679,C-1637,1
TA-05680,C-1637,1
TA-05682,C-1642,1
TA-05683,C-1642,1
TA-05690,C-1641,1
TA-05696,C-1639,1
TA-05701,C-1640,1
TA-05703,C-0147,1
TA-05715,C-1640,1
TA-05716,C-1640,1
TA-05717,C-1640,1
TA-05718,C-1640,1
TA-05720,C-1641,1
TA-05739,C-1889,1
TA-05747,C-1899,1
TA-05750,C-0208,1
TA-05763,C-1739,1
TA-05771,C-0542,1
TA-05785,C-0170,1
TA-05792,C-2004,1
TA-05793,C-2004,1
TA-05794,C-2004,1
TA-05795,C-2004,1
TA-05798,C-2004,1
TA-05799,C-2004,1
TA-05800,C-1643,1
TA-05802,C-1639,1
TA-05803,C-1639,1
TA-05822,C-1621,1
TA-05825,C-1638,1
TA-05826,C-1638,1
TA-05828,C-1655,1
TA-05831,C-0415,1
TA-05832,C-0415,1
TA-05833,C-0415,1
TA-05834,C-0415,1
TA-05836,C-0414,1
TA-05837,C-0414,1
TA-05842,C-1359,1
TA-05845,C-1647,1
TA-05846,C-1647,1
TA-05847,C-1640,1
TA-05848,C-1640,1
TA-05849,C-1640,1
TA-05850,C-1640,1
TA-05862,C-1638,1
TA-05863,C-1638,1
TA-05864,C-1889,1
TA-05867,C-2004,1
TA-05868,C-2004,1
TA-05869,C-2004,1
TA-05870,C-2004,1
TA-05871,C-1641,1
TA-05874,C-0548,2
TA-05877,C-0214,1
TA-05878,C-1639,1
TA-05879,C-0214,1
TA-05880,C-1640,1
TA-05883,C-1640,1
TA-05884,C-1638,1
TA-05885,C-1638,1
TA-05887,C-0208,1
TA-05889,C-1639,1
TA-05890,C-1638,1
TA-05891,C-1638,1
TA-05892,C-1638,1
TA-05893,C-1639,1
TA-05894,C-1638,1
TA-05897,C-1638,1
TA-05898,C-1638,1
TA-05899,C-1641,1
TA-05900,C-0547,1
TA-05906,C-1639,1
TA-05907,C-1638,1
TA-05908,C-1638,1
TA-05909,C-1641,1
TA-05910,C-1641,1
TA-05911,C-1639,1
TA-05912,C-1638,1
TA-05913,C-1638,1
TA-05914,C-1640,1
TA-05915,C-1640,1
TA-05916,C-0215,2
TA-05917,C-1638,1
TA-05922,C-0210,1
TA-05923,C-0209,1
TA-05927,C-1640,1
TA-05928,C-1640,1
TA-05929,C-1640,1
TA-05930,C-1640,1
TA-05931,C-0208,2
TA-05932,C-0548,2
TA-05935,C-0208,2
TA-05936,C-0549,1
TA-05942,C-0548,2
TA-05944,C-1638,1
TA-05945,C-1638,1
TA-05946,C-1639,1
TA-05947,C-1639,1
TA-05950,C-1638,1
TA-05952,C-0208,1
TA-05954,C-1639,1
TA-05955,C-1638,1
TA-05956,C-1638,1
TA-05957,C-1638,1
TA-05958,C-0215,2
TA-05966,C-1649,1
TA-05967,C-1649,1
TA-05980,C-2004,1
TA-05981,C-2004,1
TA-05983,C-1740,1
TA-05984,C-1740,1
TA-05985,C-1739,1
TA-05986,C-1739,1
TA-05987,C-1739,1
TA-05988,C-1739,1
TA-05990,C-0021,1
TA-05993,C-0480,1
TA-06004,C-1758,1
TA-06005,C-1630,1
TA-06006,C-1758,1
TA-06014,C-1639,1
TA-06015,C-2004,1
TA-06016,C-2004,1
TA-06017,C-1639,1
TA-06033,C-1639,1
TA-06037,C-1739,1
TA-06039,C-0415,1
TA-06040,C-0414,1
TA-06041,C-0414,1
TA-06053,C-0556,1
TA-06062,C-1641,1
TA-06066,C-0556,1
TA-06067,C-0368,1
TA-06069,C-0260,1
TA-06072,C-2005,1
TA-06076,C-0415,1
TA-06077,C-0415,1
TA-06078,C-0415,1
TA-06079,C-0415,1
TA-06080,C-0414,1
TA-06081,C-0414,1
TA-06110,C-1637,1
TA-06111,C-1637,1
TA-06115,C-0560,1
TA-06116,C-1639,1
TA-06118,C-1639,1
TA-06123,C-1638,1
TA-06124,C-1639,1
TA-06125,C-1639,1
TA-06126,C-1638,1
TA-06127,C-1638,1
TA-06128,C-1638,1
TA-06129,C-1638,1
TA-06149,C-1832,1
TA-06152,C-1781,1
TA-06161,C-0516,1
TA-06162,C-1627,1
TA-06177,C-1639,1
TA-06189,C-1880,1
TA-06190,C-1880,1
TA-06206,C-1910,1
TA-06207,C-1910,1
TA-06208,C-1910,1
TA-06209,C-1910,1
TA-06218,C-1978,2
TA-06231,C-0368,1
TA-06241,C-0063,1
TA-06242,C-0121,1
TA-06245,C-1641,1
TA-06246,C-1641,1
TA-06247,C-1641,1
TA-06248,C-1641,1
TA-06249,C-1641,1
TA-06250,C-1641,1
TA-06251,C-1641,1
TA-06252,C-1641,1
TA-06255,C-1641,1
TA-06260,C-0571,1
TA-06264,C-2032,1
TA-06287,C-1637,1
TA-06288,C-1637,1
TA-06289,C-1637,1
TA-06290,C-1637,1
TA-06291,C-1637,1
TA-06294,C-1637,1
TA-06295,C-1637,1
TA-06296,C-1637,1
TA-06298,C-1639,1
TA-06299,C-1639,1
TA-06300,C-1639,1
TA-06301,C-1639,1
TA-06302,C-1628,1
TA-06305,C-2029,1
TA-06307,C-2029,1
TA-06308,C-2029,1
TA-06324,C-1642,1
TA-06335,C-1874,1
TA-06346,C-0585,1
TA-06347,C-0585,1
TA-06349,C-0585,1
TA-06350,C-0585,1
TA-06351,C-1648,1
TA-06353,C-1640,1
TA-06357,C-0505,1
TA-06362,C-1640,1
TA-06363,C-1640,1
TA-06385,C-2004,1
TA-06386,C-2004,1
TA-06387,C-1640,1
TA-06388,C-1640,1
TA-06389,C-1640,1
TA-06391,C-1640,2
TA-06397,C-1640,1
TA-06404,C-1640,1
TA-06405,C-1640,1
TA-06406,C-1640,1
TA-06408,C-1640,1
TA-06409,C-1640,1
TA-06410,C-1640,1
TA-06411,C-1641,1
TA-06412,C-1641,1
TA-06424,C-1641,1
TA-06431,C-1639,1
TA-06434,C-1758,1
TA-06435,C-1758,1
TA-06436,C-2008,1
TA-06438,C-1640,1
TA-06439,C-1640,1
TA-06443,C-1640,1
TA-06444,C-1640,1
TA-06451,C-1639,1
TA-06452,C-1639,1
TA-06453,C-1639,1
TA-06454,C-1639,1
TA-06465,C-1907,1
TA-06468,C-1639,1
TA-06469,C-1639,1
TA-06472,C-1631,2
TA-06476,C-1884,1
TA-06485,C-1643,1
TA-06486,C-1628,1
TA-06498,C-1621,1
TA-06515,C-2005,1
TA-06516,C-2005,1
TA-06518,C-1628,1
TA-06520,C-1647,1
TA-06521,C-1640,1
TA-06522,C-1647,1
TA-06523,C-2030,1
TA-06525,C-1627,1
TA-06527,C-1641,1
TA-06528,C-1648,1
TA-06529,C-1648,1
TA-06540,C-2009,1
TA-06541,C-1628,1
TA-06542,C-1648,1
TA-06543,C-1648,1
TA-06544,C-1641,1
TA-06545,C-1641,1
TA-06548,C-1621,1
TA-06549,C-1641,1
TA-06550,C-1641,1
TA-06551,C-1621,1
TA-06552,C-1647,1
TA-06553,C-1647,1
TA-06556,C-1627,1
TA-06563,C-1621,1
TA-06568,C-1638,1
TA-06569,C-1638,1
TA-06588,C-1648,1
TA-06590,C-0594,1
TA-06592,C-1638,1
TA-06597,C-0595,1
TA-06598,C-0318,1
TA-06599,C-0318,1
TA-06600,C-0318,1
TA-06601,C-0318,1
TA-06602,C-0318,1
TA-06607,C-1647,1
TA-06609,C-0584,1
TA-06615,C-1640,1
TA-06616,C-1640,1
TA-06625,C-1865,1
TA-06626,C-1865,1
TA-06630,C-1640,1
TA-06634,C-1646,1
TA-06644,C-1640,1
TA-06645,C-1640,1
TA-06648,C-2009,1
TA-06651,C-1630,1
TA-06652,C-0584,1
TA-06654,C-1641,1
TA-06660,C-1639,1
TA-06661,C-0215,2
TA-06664,C-0208,1
TA-06665,C-0215,2
TA-06666,C-0215,2
TA-06667,C-0215,2
TA-06668,C-1639,1
TA-06669,C-1646,1
TA-06672,C-1640,1
TA-06673,C-1640,1
TA-06674,C-1640,1
TA-06691,C-1647,1
TA-06697,C-1630,1
TA-06699,C-1654,1
TA-06704,C-1654,1
TA-06737,C-1609,1
TA-06738,C-0359,1
TA-06752,C-0585,1
TA-06753,C-0585,1
TA-06761,C-1648,1
TA-06762,C-1647,1
TA-06763,C-1647,1
TA-06782,C-0415,1
TA-06784,C-1638,1
TA-06789,C-2027,1
TA-06790,C-2027,1
TA-06796,C-1642,1
TA-06799,C-1884,1
TA-06800,C-1884,1
TA-06805,C-0008,1
TA-06807,C-0520,2
TA-06820,C-0051,1
TA-06821,C-0049,1
TA-06824,C-0600,1
TA-06838,C-1641,1
TA-06839,C-0314,1
TA-06847,C-1970,1
TA-06851,C-1638,1
TA-06852,C-1638,1
TA-06853,C-1638,1
TA-06854,C-1638,1
TA-06855,C-1638,1
TA-06856,C-1638,1
TA-06857,C-1638,1
TA-06858,C-1638,1
TA-06871,C-1640,1
TA-06874,C-0208,2
TA-06875,C-0208,2
TA-06897,C-1638,1
TA-06899,C-0030,1
TA-06900,C-0030,1
TA-06901,C-1638,1
TA-06902,C-1638,1
TA-06903,C-1621,1
TA-06904,C-1621,1
TA-06905,C-1621,1
TA-06916,C-1654,1
TA-06917,C-1638,1
TA-06938,C-1649,1
TA-06951,C-1621,1
TA-06958,C-1639,1
TA-06966,C-1637,1
TA-06967,C-1637,1
TA-06969,C-1643,1
TA-06974,C-1763,1
TA-06975,C-1627,1
TA-06976,C-1627,1
TA-06982,C-1870,1
TA-06984,C-1639,1
TA-06985,C-1639,1
TA-06986,C-1641,1
TA-06987,C-1801,1
TA-06988,C-1801,1
TA-07002,C-1628,1
TA-07003,C-1639,1
TA-07005,C-1639,1
TA-07025,C-1638,1
TA-07026,C-1638,1
TA-07033,C-1638,1
TA-07034,C-1638,1
TA-07042,C-1643,1
TA-07044,C-0567,1
TA-07061,C-1892,1
TA-07063,C-1892,1
TA-07066,C-1647,1
TA-07067,C-1647,1
TA-07074,C-1642,1
TA-07075,C-1642,1
TA-07076,C-1641,1
TA-07077,C-1641,1
TA-07079,C-1641,1
TA-07080,C-1641,1
TA-07084,C-2005,1
TA-07085,C-1588,1
TA-07087,C-1647,1
TA-07088,C-1647,1
TA-07089,C-1647,1
TA-07098,C-1641,1
TA-07099,C-1641,1
TA-07114,C-1637,1
TA-07117,C-1647,1
TA-07120,C-1647,1
TA-07128,C-1889,1
TA-07129,C-1889,1
TA-07136,C-0630,1
TA-07138,C-2026,1
TA-07139,C-1640,1
TA-07164,C-1565,1
TA-07165,C-1648,1
TA-07170,C-1642,1
TA-07171,C-1642,1
TA-07173,C-0605,1
TA-07174,C-0521,1
TA-07175,C-0521,1
TA-07176,C-1638,1
TA-07183,C-1907,1
TA-07184,C-1907,1
TA-07189,C-2026,1
TA-07190,C-2026,1
TA-07218,C-1637,1
TA-07222,C-1649,1
TA-07223,C-1649,1
TA-07224,C-1649,1
TA-07227,C-1649,1
TA-07228,C-1902,1
TA-07231,C-1647,1
TA-07232,C-1647,1
TA-07243,C-1642,2
TA-07249,C-1642,1
TA-07259,C-1907,1
TA-07260,C-1907,1
TA-07261,C-1907,1
TA-07262,C-1907,1
TA-07264,C-0219,1
TA-07273,C-1843,1
TA-07276,C-1647,1
TA-07277,C-1647,1
TA-07278,C-1647,1
TA-07279,C-1647,1
TA-07280,C-1647,1
TA-07281,C-1647,1
TA-07285,C-1638,1
TA-07286,C-1638,1
TA-07305,C-1629,1
TA-07306,C-1629,1
TA-07307,C-1629,1
TA-07309,C-1633,1
TA-07322,C-0314,1
TA-07323,C-0314,1
TA-07348,C-1632,1
TA-07349,C-1632,1
TA-07350,C-0263,1
TA-07351,C-0263,1
TA-07357,C-0645,1
TA-07359,C-0133,1
TA-07360,C-0133,1
TA-07369,C-0001,1
TA-07377,C-1475,1
TA-07378,C-1640,1
TA-07385,C-1598,1
TA-07386,C-1598,1
TA-07390,C-1638,1
TA-07391,C-1638,1
TA-07401,C-0415,1
TA-07402,C-0415,1
TA-07403,C-0414,1
TA-07404,C-0414,1
TA-07408,C-1628,1
TA-07410,C-1628,1
TA-07425,C-1640,1
TA-07427,C-1640,1
TA-07428,C-1640,1
TA-07454,C-1648,1
TA-07456,C-0623,1
TA-07460,C-1638,1
TA-07461,C-1638,1
TA-07462,C-1638,1
TA-07477,C-1621,1
TA-07484,C-1647,1
TA-07485,C-1647,1
TA-07486,C-1647,1
TA-07487,C-1647,1
TA-07488,C-1647,1
TA-07489,C-1647,1
TA-07494,C-1639,1
TA-07495,C-1639,1
TA-07496,C-1639,1
TA-07497,C-1639,1
TA-07503,C-0609,1
TA-07504,C-0609,1
TA-07507,C-1648,1
TA-07508,C-1648,1
TA-07514,C-1639,1
TA-07515,C-1639,1
TA-07516,C-1639,1
TA-07517,C-1639,1
TA-07518,C-1639,1
TA-07519,C-1639,1
TA-07520,C-1630,1
TA-07521,C-1630,1
TA-07523,C-1641,1
TA-07524,C-1641,1
TA-07525,C-1648,1
TA-07542,C-1631,1
TA-07544,C-0660,1
TA-07547,C-1640,1
TA-07552,C-1647,1
TA-07553,C-1647,1
TA-07570,C-1642,1
TA-07571,C-1650,1
TA-07579,C-1643,1
TA-07581,C-1479,1
TA-07582,C-1479,1
TA-07586,C-1647,1
TA-07587,C-1647,1
TA-07588,C-1647,1
TA-07589,C-1647,1
TA-07590,C-1647,1
TA-07591,C-1647,1
TA-07592,C-1648,1
TA-07593,C-1649,1
TA-07594,C-1649,1
TA-07603,C-1649,1
TA-07607,C-1986,1
TA-07608,C-1982,1
TA-07609,C-0203,1
TA-07619,C-1649,1
TA-07622,C-0725,1
TA-07629,C-0618,1
TA-07633,C-1642,1
TA-07636,C-1522,1
TA-07644,C-1648,1
TA-07651,C-1641,1
TA-07652,C-1639,1
TA-07661,C-1638,1
TA-07676,C-0170,1
TA-07684,C-1638,1
TA-07690,C-1642,1
TA-07697,C-1638,1
TA-07711,C-0063,1
TA-07723,C-0127,1
TA-07730,C-1475,2
TA-07758,C-1564,1
TA-07769,C-1629,1
TA-07771,C-1638,1
TA-07772,C-1638,1
TA-07773,C-1641,1
TA-07774,C-1641,1
TA-07780,C-1638,1
TA-07781,C-1638,1
TA-07787,C-1647,1
TA-07795,C-0368,1
TA-07797,C-1440,1
TA-07805,C-0584,1
TA-07815,C-2029,1
TA-07816,C-0095,4
TA-07828,C-2004,1
TA-07831,C-0607,1
TA-07832,C-1628,1
TA-07833,C-1628,1
TA-07834,C-1639,1
TA-07837,C-1638,1
TA-07838,C-1638,1
TA-07845,C-1621,1
TA-07846,C-1639,1
TA-07848,C-0336,1
TA-07862,C-1639,1
TA-07863,C-1639,1
TA-07873,C-0617,1
TA-07874,C-1627,1
TA-07877,C-1628,1
TA-07878,C-1244,1
TA-07890,C-1638,1
TA-07892,C-1642,1
TA-07898,C-0215,1
TA-07899,C-0209,1
TA-07900,C-0215,1
TA-07909,C-0209,1
TA-07910,C-0209,1
TA-07911,C-0209,1
TA-07912,C-0209,1
TA-07913,C-0214,1
TA-07914,C-0214,1
TA-07915,C-1639,1
TA-07916,C-1639,1
TA-07917,C-1634,1
TA-07939,C-0548,3
TA-07940,C-0548,3
TA-07941,C-1639,1
TA-07942,C-1639,1
TA-07948,C-0208,1
TA-07967,C-1632,2
TA-07973,C-1638,1
TA-07974,C-1638,1
TA-07975,C-1645,1
TA-07976,C-1645,1
TA-08004,C-1647,1
TA-08005,C-1647,1
TA-08006,C-1640,1
TA-08007,C-1640,1
TA-08008,C-1640,1
TA-08009,C-1640,1
TA-08011,C-1640,1
TA-08024,C-1640,1
TA-08025,C-1640,1
TA-08026,C-1640,1
TA-08066,C-1638,1
TA-08067,C-1638,1
TA-08071,C-0598,1
TA-08076,C-1641,1
TA-08077,C-1641,1
TA-08078,C-1641,1
TA-08079,C-1641,1
TA-08082,C-1638,1
TA-08083,C-1638,1
TA-08084,C-1638,1
TA-08085,C-1638,1
TA-08093,C-0684,1
TA-08100,C-1643,1
TA-08104,C-0124,1
TA-08105,C-0336,1
TA-08108,C-1631,1
TA-08109,C-1631,1
TA-08110,C-2004,1
TA-08111,C-1630,1
TA-08112,C-1640,1
TA-08113,C-1630,1
TA-08114,C-1641,1
TA-08115,C-1641,1
TA-08116,C-1640,1
TA-08117,C-1630,1
TA-08118,C-1640,1
TA-08119,C-1630,1
TA-08120,C-1631,1
TA-08121,C-1631,1
TA-08122,C-0208,2
TA-08129,C-1631,1
TA-08130,C-1631,1
TA-08131,C-2004,1
TA-08132,C-2026,1
TA-08161,C-1642,1
TA-08162,C-1642,1
TA-08164,C-1629,1
TA-08165,C-2005,1
TA-08166,C-1629,1
TA-08168,C-1641,1
TA-08171,C-1631,1
TA-08173,C-1631,1
TA-08178,C-1642,1
TA-08179,C-1642,1
TA-08188,C-1642,1
TA-08192,C-2008,1
TA-08193,C-2008,1
TA-08195,C-1639,1
TA-08205,C-0051,1
TA-08211,C-0031,1
TA-08217,C-1640,1
TA-08218,C-1640,1
TA-08219,C-1640,1
TA-08221,C-0211,1
TA-08222,C-0631,1
TA-08223,C-0692,1
TA-08224,C-0185,1
TA-08225,C-1995,1
TA-08248,C-1639,1
TA-08249,C-1639,1
TA-08253,C-1843,1
TA-08259,C-0697,1
TA-08268,C-1643,1
TA-08269,C-1642,1
TA-08270,C-1479,1
TA-08271,C-1479,1
TA-08282,C-0126,1
TA-08301,C-1647,1
TA-08302,C-1647,1
TA-08306,C-1639,1
TA-08307,C-1639,1
TA-08319,C-1638,1
TA-08339,C-1638,1
TA-08340,C-1638,1
TA-08343,C-1641,1
TA-08344,C-1641,1
TA-08357,C-1758,1
TA-08358,C-1758,1
TA-08370,C-1641,1
TA-08373,C-1638,1
TA-08374,C-1639,1
TA-08375,C-0700,1
TA-08376,C-0701,1
TA-08379,C-0709,1
TA-08384,C-1641,1
TA-08385,C-1641,1
TA-08386,C-1641,1
TA-08387,C-1638,1
TA-08388,C-1638,1
TA-08424,C-1870,1
TA-08432,C-0157,1
TA-08437,C-1910,1
TA-08438,C-1910,1
TA-08440,C-1640,1
TA-08441,C-1640,1
TA-08445,C-1638,1
TA-08446,C-1638,1
TA-08449,C-1642,1
TA-08459,C-0616,1
TA-08460,C-0616,1
TA-08465,C-1632,2
TA-08466,C-1632,2
TA-08491,C-1995,1
TA-08499,C-2032,1
TA-08501,C-0702,1
TA-08503,C-0674,1
TA-08505,C-0045,1
TA-08507,C-0045,1
TA-08511,C-1643,1
TA-08512,C-0891,1
TA-08513,C-0891,1
TA-08514,C-2004,1
TA-08515,C-0891,1
TA-08516,C-0891,1
TA-08517,C-2004,1
TA-08547,C-0623,1
TA-08548,C-0624,1
TA-08549,C-1642,1
TA-08550,C-1642,1
TA-08551,C-1647,1
TA-08552,C-1647,1
TA-08553,C-1647,1
TA-08554,C-1647,1
TA-08555,C-1758,1
TA-08556,C-1758,1
TA-08557,C-1758,1
TA-08558,C-1758,1
TA-08559,C-1647,1
TA-08560,C-1647,1
TA-08561,C-1758,1
TA-08562,C-1758,1
TA-08565,C-1647,1
TA-08566,C-1647,1
TA-08575,C-1638,1
TA-08576,C-1638,1
TA-08577,C-1638,1
TA-08578,C-1638,1
TA-08579,C-1642,1
TA-08580,C-1642,1
TA-08581,C-1902,1
TA-08587,C-1638,1
TA-08589,C-1632,1
TA-08592,C-1647,1
TA-08593,C-1647,1
TA-08595,C-1648,1
TA-08596,C-1648,1
TA-08597,C-1639,1
TA-08598,C-1639,1
TA-08599,C-1475,1
TA-08601,C-1633,1
TA-08602,C-1633,1
TA-08614,C-0303,1
TA-08616,C-1641,1
TA-08617,C-1641,1
TA-08622,C-0615,1
TA-08623,C-1639,1
TA-08624,C-1639,1
TA-08626,C-1867,1
TA-08628,C-1870,1
TA-08629,C-0643,1
TA-08632,C-0643,1
TA-08633,C-1644,1
TA-08634,C-1650,1
TA-08635,C-1644,1
TA-08636,C-1644,1
TA-08664,C-1646,1
TA-08672,C-1643,1
TA-08673,C-1643,1
TA-08675,C-1639,1
TA-08676,C-1639,1
TA-08677,C-1639,1
TA-08678,C-1639,1
TA-08696,C-1640,2
TA-08697,C-1640,1
TA-08698,C-1640,1
TA-08701,C-1739,1
TA-08702,C-1739,1
TA-08703,C-1739,1
TA-08704,C-1739,1
TA-08705,C-1647,1
TA-08706,C-1647,1
TA-08709,C-1740,1
TA-08710,C-1740,1
TA-08712,C-1638,1
TA-08754,C-0721,1
TA-08756,C-1564,1
TA-08767,C-1645,1
TA-08768,C-1645,1
TA-08779,C-1995,1
TA-08780,C-2005,1
TA-08782,C-1647,1
TA-08783,C-1647,1
TA-08791,C-1629,1
TA-08792,C-1629,1
TA-08793,C-1629,1
TA-08795,C-1640,1
TA-08797,C-1621,1
TA-08803,C-0726,1
TA-08804,C-1630,1
TA-08805,C-1630,1
TA-08806,C-1630,1
TA-08807,C-1630,1
TA-08818,C-1650,1
TA-08819,C-1643,1
TA-08824,C-1647,1
TA-08827,C-1638,1
TA-08828,C-1638,1
TA-08836,C-1641,1
TA-08837,C-1641,1
TA-08841,C-1711,1
TA-08842,C-1889,1
TA-08851,C-1638,1
TA-08852,C-1638,1
TA-08853,C-1638,1
TA-08854,C-1638,1
TA-08855,C-1638,1
TA-08856,C-1638,1
TA-08857,C-1638,1
TA-08858,C-1638,1
TA-08859,C-1638,1
TA-08860,C-1640,1
TA-08866,C-1639,1
TA-08867,C-1639,1
TA-08868,C-1639,1
TA-08869,C-1639,1
TA-08870,C-1639,1
TA-08871,C-1639,1
TA-08875,C-2028,1
TA-08890,C-1642,1
TA-08891,C-1642,1
TA-08894,C-1640,1
TA-08915,C-0729,1
TA-08916,C-1638,1
TA-08917,C-1638,1
TA-08919,C-0730,1
TA-08922,C-1922,1
TA-08923,C-1922,1
TA-08927,C-1739,1
TA-08931,C-0045,1
TA-08936,C-1641,1
TA-08947,C-1643,1
TA-08948,C-1643,1
TA-08954,C-1638,1
TA-08955,C-1638,1
TA-08956,C-1638,1
TA-08960,C-0740,1
TA-08961,C-1638,1
TA-08965,C-1638,1
TA-08967,C-1639,1
TA-08969,C-1638,1
TA-08971,C-1642,1
TA-08979,C-2032,1
TA-08980,C-0584,1
TA-08986,C-1649,1
TA-09010,C-1639,1
TA-09014,C-0045,1
TA-09039,C-1907,1
TA-09040,C-1648,1
TA-09041,C-1648,1
TA-09042,C-1648,1
TA-09043,C-1638,1
TA-09046,C-1638,1
TA-09047,C-1638,1
TA-09063,C-1627,1
TA-09066,C-1627,1
TA-09071,C-1643,1
TA-09082,C-1627,1
TA-09083,C-1627,1
TA-09085,C-1639,1
TA-09086,C-1646,1
TA-09087,C-1647,1
TA-09088,C-1647,1
TA-09089,C-1647,1
TA-09090,C-1647,1
TA-09091,C-1647,1
TA-09092,C-1647,1
TA-09093,C-1643,1
TA-09098,C-1889,1
TA-09099,C-1889,1
TA-09100,C-1639,1
TA-09105,C-1905,1
TA-09106,C-1642,1
TA-09118,C-1647,1
TA-09121,C-1638,1
TA-09122,C-1638,1
TA-09123,C-1638,1
TA-09124,C-1638,1
TA-09131,C-0211,1
TA-09136,C-1630,1
TA-09144,C-1654,1
TA-09147,C-1995,1
TA-09150,C-0740,1
TA-09151,C-0740,1
TA-09155,C-1759,1
TA-09157,C-1646,1
TA-09170,C-1654,1
TA-09172,C-1632,1
TA-09173,C-1632,1
TA-09175,C-0124,1
TA-09178,C-0525,1
TA-09181,C-1644,1
TA-09199,C-1885,1
TA-09251,C-1630,1
TA-09256,C-1638,1
TA-09262,C-1740,1
TA-09264,C-1740,1
TA-09266,C-1739,1
TA-09267,C-1739,1
TA-09268,C-1739,1
TA-09269,C-1739,1
TA-09273,C-1628,1
TA-09286,C-1641,1
TA-09294,C-1640,1
TA-09298,C-1641,1
TA-09304,C-1638,1
TA-09305,C-1638,1
TA-09312,C-2026,1
TA-09313,C-2026,1
TA-09317,C-0684,1
TA-09324,C-1640,1
TA-09333,C-1874,2
TA-09338,C-1640,1
TA-09339,C-1640,1
TA-09342,C-1595,1
TA-09363,C-1641,1
TA-09364,C-1640,1
TA-09386,C-1640,1
TA-09387,C-1640,1
TA-09388,C-1640,1
TA-09391,C-1858,1
TA-09394,C-1630,1
TA-09397,C-1628,1
TA-09400,C-1627,1
TA-09413,C-1649,1
TA-09421,C-1647,1
TA-09425,C-0758,1
TA-09437,C-1641,1
TA-09441,C-1641,1
TA-09443,C-1641,1
TA-09444,C-1641,1
TA-09446,C-1640,1
TA-09447,C-1640,1
TA-09448,C-0363,1
TA-09456,C-0740,1
TA-09472,C-2032,1
TA-09473,C-1642,1
TA-09478,C-1628,1
TA-09491,C-1649,1
TA-09492,C-1649,1
TA-09493,C-1640,1
TA-09494,C-1641,1
TA-09495,C-1637,1
TA-09499,C-1637,1
TA-09500,C-1637,1
TA-09501,C-1637,1
TA-09551,C-1641,1
TA-09566,C-1628,1
TA-09589,C-1641,1
TA-09590,C-1640,1
TA-09603,C-1632,1
TA-09640,C-1641,1
TA-09646,C-1647,1
TA-09649,C-1469,1
TA-09650,C-1475,1
TA-09651,C-0765,1
TA-09652,C-1639,1
TA-09653,C-1639,1
TA-09670,C-1642,1
TA-09671,C-1642,1
TA-09675,C-1640,1
TA-09691,C-1640,1
TA-09700,C-1639,1
TA-09701,C-1643,1
TA-09702,C-1643,1
TA-09703,C-1648,1
TA-09740,C-1641,1
TA-09741,C-1641,1
TA-09744,C-1639,1
TA-09745,C-1639,1
TA-09770,C-2005,1
TA-09771,C-1999,1
TA-09788,C-1640,1
TA-09791,C-1641,1
TA-09792,C-1640,1
TA-09795,C-1648,1
TA-09832,C-0210,1
TA-09833,C-0214,1
TA-09834,C-0210,1
TA-09836,C-0214,1
TA-09837,C-0210,1
TA-09838,C-0210,1
TA-09839,C-0210,1
TA-09840,C-0214,1
TA-09843,C-0214,1
TA-09844,C-0210,1
TA-09845,C-0210,1
TA-09846,C-0210,1
TA-09847,C-0214,1
TA-09848,C-0210,1
TA-09849,C-1647,1
TA-09850,C-1647,1
TA-09851,C-0210,1
TA-09852,C-0210,1
TA-09853,C-0214,1
TA-09855,C-0210,1
TA-09856,C-0214,1
TA-09857,C-0210,1
TA-09858,C-0210,1
TA-09859,C-0210,1
TA-09860,C-0214,1
TA-09861,C-0210,1
TA-09864,C-0214,1
TA-09865,C-1640,1
TA-09866,C-1640,1
TA-09867,C-1640,1
TA-09868,C-1640,1
TA-09870,C-0209,1
TA-09871,C-0210,1
TA-09872,C-1640,1
TA-09874,C-0214,1
TA-09876,C-1640,1
TA-09877,C-1647,1
TA-09878,C-1647,1
TA-09882,C-0052,1
TA-09883,C-0052,1
TA-09884,C-0052,1
TA-09885,C-0052,1
TA-09886,C-0052,1
TA-09887,C-0052,1
TA-09888,C-0052,1
TA-09889,C-0052,1
TA-09891,C-1889,1
TA-09893,C-1889,1
TA-09914,C-1630,1
TA-09916,C-1639,1
TA-09944,C-2029,1
TA-09945,C-1475,1
TA-09946,C-1469,1
TA-09947,C-1475,1
TA-09948,C-1469,1
TA-09956,C-0209,1
TA-09960,C-0214,1
TA-09963,C-0211,1
TA-09965,C-0214,1
TA-09969,C-0549,1
TA-09971,C-0214,1
TA-09973,C-0211,1
TA-09976,C-0214,1
TA-09977,C-0214,1
TA-09979,C-0209,1
TA-09984,C-1627,1
TA-09995,C-1648,1
TA-09996,C-1639,1
TA-09998,C-2004,1
TA-10027,C-0549,1
TA-10056,C-0214,1
TA-10057,C-0214,1
TA-10070,C-0356,2
TA-10096,C-1640,1
TA-10097,C-1640,1
TA-10100,C-1640,1
TA-10101,C-1640,1
TA-10106,C-1641,1
TA-10107,C-1641,1
TA-10129,C-1639,1
TA-10130,C-1639,1
TA-10136,C-1889,1
TA-10137,C-1889,1
TA-10146,C-1642,1
TA-10163,C-1639,1
TA-10166,C-1638,1
TA-10169,C-1640,1
TA-10170,C-1640,1
TA-10184,C-0124,1
TA-10189,C-1638,1
TA-10240,C-1642,1
TA-10243,C-1639,1
TA-10244,C-1649,1
TA-10247,C-1843,1
TA-10248,C-1639,1
TA-10249,C-1639,1
TA-10250,C-1639,1
TA-10251,C-1639,1
TA-10252,C-1639,1
TA-10271,C-2031,1
TA-10272,C-2031,1
TA-10278,C-0007,1
TA-10280,C-0007,1
TA-10288,C-1699,1
TA-10297,C-0045,1
TA-10310,C-1641,1
TA-10312,C-1641,1
TA-10313,C-1639,2
TA-10325,C-1861,1
TA-10328,C-1628,1
TA-10329,C-1628,1
TA-10335,C-1639,1
TA-10336,C-1639,1
TA-10351,C-1970,1
TA-10353,C-1638,1
TA-10354,C-1638,1
TA-10362,C-1641,1
TA-10363,C-1641,1
TA-10364,C-1641,1
TA-10365,C-1641,1
TA-10366,C-0795,1
TA-10373,C-1649,1
TA-10383,C-1638,1
TA-10389,C-1638,1
TA-10394,C-1638,1
TA-10399,C-1641,1
TA-10400,C-1641,1
TA-10405,C-1889,1
TA-10406,C-1889,1
TA-10410,C-1638,1
TA-10426,C-1640,1
TA-10430,C-1643,1
TA-10431,C-1643,1
TA-10460,C-1638,1
TA-10467,C-0079,2
TA-10468,C-0079,1
TA-10469,C-0808,1
TA-10475,C-1639,1
TA-10476,C-1639,1
TA-10477,C-1639,1
TA-10478,C-1639,1
TA-10480,C-1640,1
TA-10485,C-2005,1
TA-10488,C-1639,1
TA-10494,C-1638,1
TA-10495,C-1637,1
TA-10496,C-1638,1
TA-10501,C-1639,1
TA-10502,C-1639,1
TA-10503,C-1639,1
TA-10504,C-1641,1
TA-10505,C-1641,1
TA-10506,C-1641,1
TA-10517,C-1622,1
TA-10518,C-0388,1
TA-10519,C-2032,1
TA-10520,C-1642,1
TA-10521,C-1638,1
TA-10522,C-1870,1
TA-10534,C-1639,1
TA-10548,C-1638,1
TA-10557,C-1639,1
TA-10558,C-1639,1
TA-10565,C-0275,1
TA-10568,C-1631,1
TA-10573,C-1649,1
TA-10574,C-1649,1
TA-10585,C-1640,1
TA-10590,C-0007,1
TA-10598,C-1632,1
TA-10599,C-1632,1
TA-10600,C-1631,1
TA-10602,C-1647,1
TA-10603,C-1647,1
TA-10604,C-1647,1
TA-10605,C-1647,1
TA-10606,C-1647,1
TA-10607,C-1647,1
TA-10608,C-1647,1
TA-10609,C-1647,1
TA-10611,C-1647,1
TA-10612,C-1647,1
TA-10616,C-1641,1
TA-10626,C-1632,1
TA-10627,C-1632,1
TA-10637,C-0598,1
TA-10639,C-1642,1
TA-10640,C-1642,1
TA-10645,C-0369,1
TA-10647,C-0210,1
TA-10648,C-0369,1
TA-10649,C-0210,1
TA-10650,C-0210,1
TA-10651,C-0214,1
TA-10652,C-0210,1
TA-10654,C-0210,1
TA-10655,C-0211,1
TA-10657,C-0210,1
TA-10658,C-0211,1
TA-10659,C-0210,1
TA-10666,C-0210,1
TA-10668,C-0211,1
TA-10669,C-0211,1
TA-10670,C-0210,1
TA-10671,C-0369,1
TA-10672,C-0214,1
TA-10674,C-0210,1
TA-10675,C-0211,1
TA-10679,C-0211,1
TA-10680,C-0214,1
TA-10681,C-0211,1
TA-10682,C-0210,1
TA-10684,C-0369,1
TA-10685,C-0210,1
TA-10686,C-1647,1
TA-10688,C-1639,1
TA-10689,C-1639,1
TA-10691,C-1639,1
TA-10692,C-1639,1
TA-10696,C-1632,1
TA-10697,C-1632,1
TA-10698,C-1649,1
TA-10699,C-1649,1
TA-10700,C-0805,1
TA-10701,C-2001,1
TA-10704,C-1622,1
TA-10715,C-1642,1
TA-10730,C-1638,1
TA-10734,C-1642,1
TA-10736,C-1639,1
TA-10740,C-0812,1
TA-10744,C-1639,1
TA-10753,C-1639,1
TA-10762,C-1995,1
TA-10773,C-1629,1
TA-10776,C-1972,1
TA-10780,C-1841,1
TA-10781,C-0001,1
TA-10782,C-1841,1
TA-10783,C-0001,1
TA-10809,C-1970,1
TA-10812,C-1639,1
TA-10813,C-1647,1
TA-10814,C-1639,1
TA-10817,C-1628,1
TA-10820,C-1629,1
TA-10821,C-1642,1
TA-10823,C-0836,1
TA-10824,C-0836,1
TA-10835,C-1639,1
TA-10836,C-1641,1
TA-10838,C-1628,1
TA-10839,C-1649,1
TA-10840,C-1724,1
TA-10841,C-1649,1
TA-10842,C-1649,1
TA-10843,C-1628,1
TA-10844,C-0607,1
TA-10845,C-1649,1
TA-10846,C-1649,1
TA-10847,C-1649,1
TA-10848,C-1649,1
TA-10849,C-1638,1
TA-10852,C-1639,1
TA-10853,C-1649,1
TA-10854,C-1649,1
TA-10855,C-1649,1
TA-10856,C-1649,1
TA-10857,C-1649,1
TA-10861,C-1888,1
TA-10863,C-1638,1
TA-10864,C-1641,1
TA-10872,C-1910,1
TA-10873,C-1910,1
TA-10874,C-1910,1
TA-10875,C-1641,1
TA-10880,C-1638,1
TA-10883,C-1639,1
TA-10885,C-0573,1
TA-10887,C-1647,1
TA-10888,C-1649,1
TA-10894,C-1910,1
TA-10895,C-0503,1
TA-10897,C-1650,1
TA-10899,C-1639,1
TA-10986,C-1972,1
TA-11031,C-1716,1
TA-11074,C-1639,1
TA-11084,C-1244,1
TA-11100,C-1885,1
TA-11101,C-1885,1
TA-11115,C-0007,1
TA-11116,C-0007,1
TA-11119,C-0007,1
TA-11120,C-0007,1
TA-11122,C-1640,1
TA-11124,C-1640,1
TA-11135,C-0007,1
TA-11136,C-0007,1
TA-11137,C-1647,1
TA-11139,C-1647,1
TA-11140,C-1647,1
TA-11141,C-1647,1
TA-11142,C-1647,1
TA-11143,C-1647,1
TA-11144,C-1647,1
TA-11145,C-1647,1
TA-11146,C-1647,1
TA-11147,C-1647,1
TA-11151,C-0856,1
TA-11152,C-1639,1
TA-11153,C-1639,1
TA-11154,C-1641,1
TA-11159,C-0784,1
TA-11162,C-0855,2
TA-11163,C-0855,2
TA-11164,C-0855,2
TA-11165,C-0855,2
TA-11166,C-0855,2
TA-11167,C-0855,2
TA-11168,C-0855,2
TA-11169,C-1638,1
TA-11170,C-1638,1
TA-11175,C-1475,1
TA-11181,C-0139,1
TA-11182,C-0642,1
TA-11183,C-0642,1
TA-11184,C-0642,1
TA-11190,C-1639,1
TA-11191,C-1639,1
TA-11209,C-1641,1
TA-11217,C-1612,1
TA-11218,C-1640,1
TA-11219,C-1640,1
TA-11241,C-1638,1
TA-11242,C-1638,1
TA-11245,C-1683,1
TA-11249,C-0335,1
TA-11250,C-1631,1
TA-11251,C-1631,1
TA-11252,C-1644,1
TA-11253,C-1644,1
TA-11262,C-0366,1
TA-11283,C-1638,1
TA-11284,C-0045,1
TA-11297,C-1639,1
TA-11298,C-1641,1
TA-11299,C-1641,1
TA-11309,C-2004,1
TA-11319,C-1641,1
TA-11320,C-1641,1
TA-11321,C-0485,1
TA-11322,C-0485,1
TA-11323,C-0485,1
TA-11337,C-1642,1
TA-11339,C-1639,1
TA-11361,C-0203,1
TA-11371,C-1995,1
TA-11390,C-1638,1
TA-11394,C-0257,1
TA-11415,C-1639,1
TA-11416,C-1885,1
TA-11417,C-1639,1
TA-11418,C-1885,1
TA-11419,C-1638,1
TA-11430,C-1638,1
TA-11431,C-1638,1
TA-11440,C-1646,1
TA-11441,C-1646,1
TA-11442,C-1646,1
TA-11444,C-0855,2
TA-11445,C-0855,2
TA-11446,C-0855,2
TA-11447,C-0855,2
TA-11448,C-0855,2
TA-11449,C-0855,2
TA-11464,C-2005,1
TA-11467,C-1638,1
TA-11468,C-1642,1
TA-11486,C-1628,1
TA-11488,C-1629,1
TA-11492,C-1637,1
TA-11494,C-1637,1
TA-11495,C-1637,1
TA-11500,C-1637,1
TA-11501,C-1637,1
TA-11502,C-1637,1
TA-11503,C-1637,1
TA-11505,C-1637,1
TA-11506,C-1637,1
TA-11510,C-1637,1
TA-11511,C-1637,1
TA-11524,C-1500,1
TA-11528,C-2032,1
TA-11531,C-1641,1
TA-11545,C-1642,1
TA-11550,C-1646,1
TA-11551,C-1646,1
TA-11552,C-1646,1
TA-11553,C-1646,1
TA-11554,C-1646,1
TA-11556,C-0710,1
TA-11564,C-1641,1
TA-11567,C-1642,1
TA-11571,C-1647,1
TA-11574,C-1639,1
TA-11582,C-1638,1
TA-11585,C-1629,1
TA-11589,C-1639,1
TA-11600,C-0882,1
TA-11608,C-1642,1
TA-11634,C-1642,1
TA-11639,C-1641,1
TA-11640,C-1641,1
TA-11641,C-1639,1
TA-11642,C-1639,1
TA-11647,C-1641,1
TA-11661,C-1638,1
TA-11662,C-1646,1
TA-11663,C-1646,1
TA-11664,C-1474,2
TA-11666,C-1646,1
TA-11669,C-1646,1
TA-11693,C-0796,1
TA-11701,C-1638,1
TA-11702,C-1638,1
TA-11703,C-1850,1
TA-11720,C-1646,1
TA-11721,C-1646,1
TA-11737,C-1642,1
TA-11738,C-1642,1
TA-11744,C-1641,1
TA-11751,C-1641,1
TA-11752,C-1648,1
TA-11753,C-1648,1
TA-11754,C-1641,1
TA-11759,C-1641,1
TA-11760,C-1641,1
TA-11761,C-1641,1
TA-11762,C-1641,1
TA-11783,C-1641,1
TA-11784,C-1641,1
TA-11786,C-1640,1
TA-11787,C-1641,1
TA-11788,C-1640,1
TA-11791,C-1640,1
TA-11798,C-0600,1
TA-11799,C-1638,1
TA-11800,C-1638,1
TA-11805,C-1889,1
TA-11806,C-1889,1
TA-11810,C-1740,1
TA-11813,C-1244,1
TA-11825,C-1638,1
TA-11837,C-1638,1
TA-11838,C-1638,1
TA-11845,C-1421,1
TA-11849,C-0337,1
TA-11857,C-1646,1
TA-11860,C-0389,1
TA-11863,C-1638,1
TA-11889,C-1649,1
TA-11890,C-1649,1
TA-11899,C-1761,1
TA-11901,C-1638,1
TA-11904,C-2012,1
TA-11906,C-0522,1
TA-11909,C-0320,1
TA-11911,C-1642,1
TA-11913,C-2004,1
TA-11918,C-1729,1
TA-11920,C-2028,1
TA-11921,C-2028,1
TA-11922,C-1936,1
TA-11923,C-2028,1
TA-11934,C-1641,1
TA-11935,C-1641,1
TA-11936,C-1646,1
TA-11945,C-1638,1
TA-11947,C-1637,1
TA-11948,C-1637,1
TA-11949,C-1637,1
TA-11951,C-1638,1
TA-11955,C-1469,1
TA-11956,C-1475,1
TA-11959,C-1649,1
TA-11970,C-1641,1
TA-11992,C-2005,1
TA-11993,C-1641,1
TA-11997,C-1639,1
TA-12020,C-1638,1
TA-12021,C-1638,1
TA-12023,C-1638,1
TA-12025,C-1639,1
TA-12026,C-1639,1
TA-12032,C-1907,1
TA-12038,C-1642,1
TA-12039,C-0795,1
TA-12040,C-0904,1
TA-12045,C-1238,1
TA-12047,C-0615,1
TA-12049,C-1641,1
TA-12051,C-1639,1
TA-12054,C-1761,1
TA-12055,C-1761,1
TA-12065,C-1642,1
TA-12067,C-1647,1
TA-12068,C-1647,1
TA-12069,C-1647,1
TA-12070,C-1647,1
TA-12071,C-1647,1
TA-12072,C-1647,1
TA-12076,C-1739,1
TA-12077,C-1739,1
TA-12078,C-1739,1
TA-12079,C-1628,1
TA-12080,C-1628,1
TA-12081,C-1660,1
TA-12084,C-2032,1
TA-12087,C-0582,1
TA-12091,C-1637,1
TA-12092,C-1637,1
TA-12093,C-1637,1
TA-12094,C-1637,1
TA-12095,C-1639,1
TA-12096,C-1639,1
TA-12097,C-1641,1
TA-12104,C-1640,1
TA-12105,C-1641,1
TA-12106,C-1641,1
TA-12107,C-1994,1
TA-12108,C-0906,1
TA-12122,C-1630,1
TA-12130,C-1629,1
TA-12131,C-2008,1
TA-12132,C-1628,1
TA-12139,C-1629,1
TA-12140,C-1639,1
TA-12144,C-2004,1
TA-12146,C-1649,1
TA-12151,C-1639,1
TA-12167,C-1646,1
TA-12168,C-1646,1
TA-12171,C-1646,1
TA-12188,C-1641,1
TA-12189,C-1638,1
TA-12190,C-1638,1
TA-12192,C-1638,1
TA-12193,C-1638,1
TA-12196,C-1970,1
TA-12197,C-1641,1
TA-12204,C-1639,1
TA-12212,C-1639,1
TA-12215,C-1641,1
TA-12217,C-0095,1
TA-12218,C-1654,1
TA-12221,C-1650,1
TA-12232,C-0802,1
TA-12239,C-1629,1
TA-12240,C-1641,1
TA-12243,C-1641,1
TA-12260,C-1641,1
TA-12261,C-1640,1
TA-12262,C-1640,1
TA-12270,C-1640,1
TA-12271,C-1641,1
TA-12272,C-1640,1
TA-12273,C-1640,1
TA-12274,C-1641,1
TA-12300,C-1638,1
TA-12301,C-1638,1
TA-12302,C-1638,1
TA-12303,C-1638,1
TA-12304,C-1638,1
TA-12308,C-1638,1
TA-12309,C-1638,1
TA-12311,C-1638,1
TA-12337,C-1642,1
TA-12346,C-0271,1
TA-12347,C-1809,1
TA-12357,C-1632,1
TA-12359,C-1643,1
TA-12360,C-0139,1
TA-12361,C-0859,1
TA-12362,C-0808,1
TA-12363,C-0275,1
TA-12371,C-1642,1
TA-12380,C-1638,1
TA-12381,C-1638,1
TA-12382,C-1740,1
TA-12385,C-0581,1
TA-12391,C-1638,1
TA-12392,C-1638,1
TA-12394,C-0642,1
TA-12423,C-0859,1
TA-12424,C-0808,1
TA-12425,C-0275,1
TA-12428,C-1638,1
TA-12429,C-1638,1
TA-12433,C-1642,1
TA-12434,C-1642,1
TA-12435,C-1642,1
TA-12436,C-1642,1
TA-12438,C-1638,1
TA-12441,C-1639,1
TA-12447,C-1639,1
TA-12449,C-1638,1
TA-12450,C-1638,1
TA-12451,C-1638,1
TA-12452,C-1638,1
TA-12463,C-1641,1
TA-12469,C-1638,1
TA-12481,C-1642,1
TA-12488,C-1638,1
TA-12489,C-1639,1
TA-12492,C-1629,1
TA-12493,C-1761,1
TA-12498,C-1642,1
TA-12505,C-1642,1
TA-12515,C-1995,1
TA-12523,C-0124,1
TA-12525,C-2028,1
TA-12526,C-2029,1
TA-12527,C-2028,1
TA-12528,C-2029,1
TA-12547,C-1641,1
TA-12550,C-1638,1
TA-12551,C-1649,1
TA-12555,C-1843,1
TA-12559,C-1628,1
TA-12579,C-2004,1
TA-12585,C-0585,1
TA-12586,C-0585,1
TA-12587,C-0585,1
TA-12588,C-1641,1
TA-12601,C-1641,1
TA-12602,C-1641,1
TA-12603,C-1638,1
TA-12604,C-1638,1
TA-12612,C-2032,1
TA-12613,C-2032,1
TA-12614,C-0386,1
TA-12619,C-1638,1
TA-12620,C-1638,1
TA-12621,C-1638,1
TA-12622,C-1638,1
TA-12630,C-1642,1
TA-12632,C-0928,1
TA-12634,C-1638,1
TA-12637,C-0007,1
TA-12649,C-1649,1
TA-12654,C-0209,1
TA-12655,C-1647,1
TA-12658,C-0209,1
TA-12659,C-0215,1
TA-12660,C-0215,1
TA-12662,C-0209,1
TA-12663,C-0215,2
TA-12664,C-0215,2
TA-12666,C-1646,1
TA-12667,C-1645,1
TA-12668,C-1639,1
TA-12682,C-1638,1
TA-12683,C-1639,1
TA-12684,C-1639,1
TA-12690,C-0669,1
TA-12698,C-1641,1
TA-12700,C-1641,1
TA-12701,C-1649,1
TA-12702,C-1649,1
TA-12707,C-0007,1
TA-12710,C-0007,1
TA-12713,C-0795,1
TA-12722,C-1642,1
TA-12725,C-0007,1
TA-12729,C-1629,1
TA-12730,C-1629,1
TA-12734,C-2032,1
TA-12742,C-0128,1
TA-12746,C-0185,2
TA-12875,C-1647,1
TA-12876,C-1647,1
TA-12877,C-1647,1
TA-12878,C-1647,1
TA-12879,C-1647,1
TA-12880,C-1647,1
TA-12881,C-1647,1
TA-12882,C-1647,1
TA-12886,C-1647,1
TA-12887,C-1647,1
TA-12889,C-1647,1
TA-12890,C-1647,1
TA-12893,C-1638,1
TA-12895,C-0007,1
TA-12896,C-0007,1
TA-12899,C-1640,1
TA-12908,C-1638,1
TA-12914,C-1622,1
TA-12920,C-1639,1
TA-12927,C-1646,1
TA-12942,C-1642,1
TA-12995,C-0048,1
TA-12998,C-1640,1
TA-13001,C-2021,1
TA-13004,C-1642,1
TA-13011,C-0048,1
TA-13012,C-0048,1
TA-13013,C-0048,1
TA-13025,C-1642,1
TA-13026,C-1641,1
TA-13027,C-1647,1
TA-13028,C-1647,1
TA-13035,C-0684,1
TA-13037,C-1621,1
TA-13042,C-1870,1
TA-13044,C-1639,1
TA-13047,C-1647,1
TA-13051,C-0670,1
TA-13054,C-2005,1
TA-13055,C-2005,1
TA-13060,C-1711,1
TA-13074,C-1640,1
TA-13075,C-0581,1
TA-13076,C-1639,1
TA-13077,C-1637,1
TA-13078,C-1638,1
TA-13086,C-0969,1
TA-13097,C-1638,1
TA-13098,C-1638,1
TA-13108,C-1638,1
TA-13117,C-1640,1
TA-13118,C-1637,1
TA-13119,C-1637,1
TA-13126,C-1641,1
TA-13127,C-1641,1
TA-13139,C-1640,1
TA-13141,C-1638,1
TA-13145,C-1874,3
TA-13146,C-1637,1
TA-13147,C-1637,1
TA-13148,C-1621,1
TA-13150,C-1607,1
TA-13151,C-1244,1
TA-13156,C-1639,1
TA-13157,C-1639,1
TA-13168,C-1889,1
TA-13169,C-1889,1
TA-13172,C-1638,1
TA-13173,C-1641,1
TA-13182,C-0581,1
TA-13187,C-0768,1
TA-13188,C-0768,1
TA-13190,C-1475,1
TA-13197,C-1639,1
TA-13204,C-1627,1
TA-13205,C-1627,1
TA-13208,C-1627,1
TA-13209,C-1638,1
TA-13210,C-1638,1
TA-13211,C-1641,1
TA-13253,C-2005,1
TA-13254,C-0139,1
TA-13255,C-0139,1
TA-13256,C-0139,1
TA-13257,C-0139,1
TA-13274,C-1649,1
TA-13275,C-0275,1
TA-13276,C-0275,1
TA-13284,C-1631,1
TA-13286,C-1994,1
TA-13287,C-0275,1
TA-13288,C-0275,1
TA-13289,C-1638,1
TA-13290,C-1638,1
TA-13303,C-1641,1
TA-13304,C-1639,1
TA-13305,C-1639,1
TA-13306,C-1638,1
TA-13307,C-1639,1
TA-13310,C-0785,1
TA-13311,C-1629,1
TA-13313,C-1638,1
TA-13314,C-1638,1
TA-13315,C-1638,1
TA-13316,C-1638,1
TA-13317,C-1647,1
TA-13318,C-1647,1
TA-13324,C-1641,1
TA-13336,C-1893,1
TA-13348,C-0485,1
TA-13349,C-0485,1
TA-13350,C-0986,1
TA-13351,C-1641,1
TA-13352,C-1641,1
TA-13353,C-2025,1
TA-13374,C-1641,1
TA-13375,C-1641,1
TA-13387,C-1629,1
TA-13388,C-1629,1
TA-13389,C-1639,1
TA-13393,C-1632,1
TA-13425,C-2027,1
TA-13426,C-2027,1
TA-13427,C-1638,1
TA-13428,C-1638,1
TA-13429,C-1638,1
TA-13430,C-1638,1
TA-13438,C-1641,1
TA-13450,C-1910,1
TA-13451,C-1910,1
TA-13453,C-1642,1
TA-13458,C-1640,1
TA-13464,C-1631,1
TA-13472,C-1643,1
TA-13474,C-1642,1
TA-13478,C-1936,1
TA-13479,C-1936,1
TA-13480,C-1936,1
TA-13481,C-1936,1
TA-13482,C-1641,1
TA-13485,C-1640,1
TA-13486,C-1641,1
TA-13488,C-1641,1
TA-13493,C-1642,1
TA-13498,C-2021,1
TA-13499,C-1607,1
TA-13505,C-1640,1
TA-13506,C-1640,1
TA-13508,C-1641,1
TA-13509,C-1642,1
TA-13510,C-1638,1
TA-13511,C-1638,1
TA-13517,C-2032,1
TA-13518,C-1639,1
TA-13519,C-2031,1
TA-13520,C-2031,1
TA-13523,C-1638,1
TA-13524,C-1638,1
TA-13525,C-1638,1
TA-13526,C-1638,1
TA-13529,C-1622,1
TA-13530,C-1622,1
TA-13531,C-1622,1
TA-13543,C-1641,1
TA-13544,C-1641,1
TA-13545,C-1021,2
TA-13552,C-0177,1
TA-13553,C-0260,1
TA-13558,C-1638,1
TA-13559,C-1638,1
TA-13560,C-1638,1
TA-13561,C-1638,1
TA-13579,C-0913,1
TA-13581,C-1638,1
TA-13584,C-1638,1
TA-13585,C-1638,1
TA-13586,C-1638,1
TA-13587,C-1638,1
TA-13588,C-1638,1
TA-13589,C-1638,1
TA-13590,C-1638,1
TA-13592,C-1628,1
TA-13593,C-1628,1
TA-13594,C-1641,1
TA-13595,C-1642,1
TA-13598,C-0709,1
TA-13601,C-1638,1
TA-13602,C-1638,1
TA-13608,C-0388,1
TA-13609,C-1761,1
TA-13610,C-0389,1
TA-13611,C-1639,1
TA-13612,C-1638,1
TA-13613,C-1639,1
TA-13636,C-1639,1
TA-13642,C-1632,1
TA-13643,C-0882,1
TA-13650,C-1642,1
TA-13651,C-1642,1
TA-13657,C-1637,1
TA-13658,C-1637,1
TA-13659,C-1637,1
TA-13660,C-1637,1
TA-13661,C-1637,1
TA-13674,C-1627,1
TA-13675,C-1627,1
TA-13676,C-1627,1
TA-13677,C-1637,1
TA-13679,C-1627,1
TA-13685,C-0388,1
TA-13686,C-1761,1
TA-13687,C-0389,1
TA-13700,C-1724,1
TA-13702,C-1641,1
TA-13703,C-1641,1
TA-13707,C-1639,1
TA-13708,C-0214,1
TA-13709,C-0214,1
TA-13710,C-1639,1
TA-13711,C-1910,1
TA-13712,C-1910,1
TA-13713,C-0791,1
TA-13715,C-1910,1
TA-13716,C-1910,1
TA-13718,C-0209,1
TA-13719,C-0209,1
TA-13720,C-1873,1
TA-13721,C-1001,1
TA-13722,C-1001,1
TA-13726,C-1631,1
TA-13729,C-1769,1
TA-13730,C-1769,1
TA-13731,C-1639,1
TA-13732,C-1639,1
TA-13733,C-1655,1
TA-13734,C-1870,1
TA-13735,C-1628,1
TA-13736,C-1638,1
TA-13740,C-1638,1
TA-13741,C-1638,1
TA-13742,C-1638,1
TA-13743,C-1638,1
TA-13744,C-1638,1
TA-13750,C-1646,1
TA-13751,C-1645,1
TA-13753,C-1893,1
TA-13758,C-1641,1
TA-13760,C-1641,1
TA-13761,C-1629,1
TA-13773,C-1639,1
TA-13776,C-1638,1
TA-13777,C-1639,1
TA-13780,C-1907,1
TA-13781,C-1908,1
TA-13782,C-1908,1
TA-13784,C-1908,1
TA-13785,C-1629,1
TA-13787,C-1629,1
TA-13788,C-2005,1
TA-13791,C-1641,1
TA-13794,C-0332,1
TA-13795,C-0332,1
TA-13796,C-0908,1
TA-13797,C-0031,1
TA-13801,C-1642,1
TA-13803,C-0208,1
TA-13805,C-1639,1
TA-13806,C-1639,1
TA-13815,C-1646,1
TA-13816,C-1646,1
TA-13818,C-1631,1
TA-13819,C-1641,1
TA-13822,C-1640,1
TA-13823,C-1641,1
TA-13824,C-1639,1
TA-13835,C-1628,1
TA-13836,C-1995,1
TA-13841,C-1995,1
TA-13842,C-1607,1
TA-13847,C-2005,1
TA-13848,C-1648,1
TA-13851,C-1638,1
TA-13852,C-1638,1
TA-13853,C-2032,1
TA-13854,C-1638,1
TA-13855,C-1638,1
TA-13857,C-1638,1
TA-13858,C-1628,1
TA-13871,C-1628,1
TA-13876,C-1647,1
TA-13882,C-0619,1
TA-13883,C-0619,1
TA-13884,C-0619,1
TA-13885,C-0619,1
TA-13890,C-1639,1
TA-13894,C-1637,1
TA-13895,C-1637,1
TA-13903,C-1637,1
TA-13906,C-1638,1
TA-13910,C-1640,1
TA-13912,C-1639,1
TA-13914,C-1638,1
TA-13915,C-1640,1
TA-13916,C-1639,1
TA-13917,C-1641,1
TA-13918,C-1641,1
TA-13920,C-1638,1
TA-13921,C-1638,1
TA-13922,C-1638,1
TA-13923,C-1638,1
TA-13929,C-1633,1
TA-13931,C-1637,1
TA-13932,C-1641,1
TA-13940,C-0617,1
TA-13941,C-0617,1
TA-13942,C-2004,1
TA-13958,C-1622,1
TA-13959,C-1622,1
TA-13960,C-1622,1
TA-13965,C-1639,1
TA-13978,C-1652,1
TA-13979,C-1642,1
TA-13980,C-1642,1
TA-13982,C-0192,1
TA-13983,C-0683,1
TA-13984,C-0550,1
TA-13988,C-1936,1
TA-13989,C-0766,1
TA-13992,C-0170,1
TA-13993,C-0170,1
TA-14001,C-1629,1
TA-14002,C-1629,1
TA-14006,C-1641,1
TA-14009,C-1641,1
TA-14032,C-1642,1
TA-14033,C-0585,1
TA-14034,C-0585,1
TA-14035,C-0585,1
TA-14048,C-0211,1
TA-14049,C-0915,1
TA-14050,C-2027,1
TA-14056,C-1642,1
TA-14074,C-1628,1
TA-14090,C-1639,1
TA-14094,C-1639,1
TA-14095,C-1639,1
TA-14096,C-1639,1
TA-14097,C-1637,1
TA-14103,C-1002,1
TA-14104,C-0185,1
TA-14114,C-1642,1
TA-14115,C-1642,1
TA-14122,C-1870,1
TA-14129,C-1994,1
TA-14130,C-1994,1
TA-14134,C-1017,2
TA-14148,C-0052,1
TA-14149,C-0052,1
TA-14156,C-1642,1
TA-14157,C-1641,1
TA-14158,C-1641,1
TA-14164,C-1640,1
TA-14166,C-1637,1
TA-14176,C-2005,1
TA-14177,C-1216,1
TA-14179,C-1025,1
TA-14180,C-1628,1
TA-14181,C-1628,1
TA-14182,C-1638,1
TA-14183,C-1638,1
TA-14187,C-0284,1
TA-14192,C-0720,1
TA-14194,C-0320,1
TA-14205,C-1627,1
TA-14218,C-2004,1
TA-14219,C-1638,1
TA-14220,C-1638,1
TA-14223,C-2005,1
TA-14225,C-2005,1
TA-14234,C-1642,1
TA-14235,C-1642,1
TA-14236,C-1642,1
TA-14243,C-1641,1
TA-14253,C-1639,1
TA-14254,C-0284,1
TA-14257,C-1638,1
TA-14259,C-1646,1
TA-14270,C-1650,1
TA-14273,C-1640,1
TA-14276,C-1642,1
TA-14289,C-1639,1
TA-14290,C-1639,1
TA-14291,C-1639,1
TA-14292,C-1639,1
TA-14293,C-1642,1
TA-14296,C-1646,1
TA-14297,C-1649,1
TA-14299,C-1632,2
TA-14306,C-1642,1
TA-14307,C-1641,1
TA-14317,C-0215,2
TA-14318,C-1640,1
TA-14319,C-1640,1
TA-14320,C-1642,1
TA-14328,C-1006,1
TA-14329,C-1006,1
TA-14336,C-1006,1
TA-14337,C-1006,1
TA-14344,C-1638,1
TA-14348,C-2001,1
TA-14351,C-1901,1
TA-14353,C-0580,1
TA-14354,C-0580,1
TA-14355,C-0580,1
TA-14356,C-1641,1
TA-14357,C-1641,1
TA-14358,C-1641,1
TA-14359,C-1649,1
TA-14364,C-2028,1
TA-14365,C-2028,1
TA-14366,C-2028,1
TA-14367,C-2029,1
TA-14368,C-2028,1
TA-14376,C-1640,1
TA-14392,C-1060,1
TA-14393,C-1640,1
TA-14402,C-1663,1
TA-14403,C-1047,1
TA-14407,C-1034,1
TA-14408,C-1639,1
TA-14414,C-1035,1
TA-14415,C-1035,1
TA-14416,C-1035,1
TA-14424,C-0767,1
TA-14425,C-0767,1
TA-14435,C-0264,1
TA-14436,C-0264,1
TA-14441,C-1739,1
TA-14445,C-1628,1
TA-14446,C-1628,1
TA-14464,C-1885,1
TA-14465,C-1885,1
TA-14469,C-1641,1
TA-14470,C-1640,1
TA-14471,C-1639,1
TA-14472,C-1641,1
TA-14473,C-1641,1
TA-14484,C-0166,1
TA-14485,C-0166,1
TA-14490,C-1901,1
TA-14491,C-1901,1
TA-14492,C-1638,1
TA-14493,C-1638,1
TA-14494,C-1638,1
TA-14495,C-1638,1
TA-14496,C-1638,1
TA-14497,C-1638,1
TA-14498,C-1638,1
TA-14499,C-1638,1
TA-14500,C-1901,1
TA-14509,C-1648,1
TA-14513,C-1642,1
TA-14516,C-1609,1
TA-14526,C-0617,1
TA-14532,C-1739,1
TA-14533,C-1739,1
TA-14534,C-1739,1
TA-14535,C-1739,1
TA-14539,C-1647,1
TA-14542,C-1638,1
TA-14544,C-1761,1
TA-14546,C-1761,1
TA-14547,C-1641,1
TA-14549,C-2005,1
TA-14550,C-1638,1
TA-14551,C-1638,1
TA-14555,C-1761,1
TA-14556,C-1761,1
TA-14561,C-1910,1
TA-14562,C-1907,1
TA-14563,C-1641,1
TA-14567,C-1641,1
TA-14569,C-1638,1
TA-14571,C-1638,1
TA-14574,C-1638,1
TA-14578,C-1642,1
TA-14579,C-1641,1
TA-14580,C-1641,1
TA-14582,C-1642,1
TA-14583,C-1642,1
TA-14584,C-1642,1
TA-14590,C-1641,1
TA-14593,C-0388,1
TA-14594,C-0389,1
TA-14595,C-1641,1
TA-14596,C-1646,1
TA-14597,C-1646,1
TA-14602,C-1053,1
TA-14613,C-0166,1
TA-14614,C-0166,1
TA-14617,C-0345,1
TA-14626,C-0132,1
TA-14627,C-0132,1
TA-14634,C-1641,1
TA-14636,C-1646,1
TA-14637,C-1598,1
TA-14638,C-1627,1
TA-14643,C-1885,1
TA-14656,C-1637,1
TA-14664,C-1627,1
TA-14665,C-1627,1
TA-14686,C-1629,1
TA-14688,C-1091,2
TA-14693,C-0166,1
TA-14706,C-1066,1
TA-14707,C-1066,1
TA-14711,C-1641,1
TA-14714,C-1641,1
TA-14715,C-1641,1
TA-14716,C-2005,1
TA-14717,C-2005,1
TA-14718,C-2005,1
TA-14737,C-0208,1
TA-14739,C-1642,1
TA-14766,C-1629,1
TA-14770,C-1628,1
TA-14771,C-1628,1
TA-14784,C-1064,1
TA-14787,C-1628,1
TA-14792,C-1637,1
TA-14793,C-1637,1
TA-14794,C-1629,1
TA-14797,C-2005,1
TA-14798,C-1638,1
TA-14799,C-1638,1
TA-14800,C-1639,1
TA-14805,C-1642,1
TA-14812,C-1639,1
TA-14815,C-2019,1
TA-14820,C-1647,1
TA-14821,C-1642,1
TA-14822,C-1639,1
TA-14823,C-1639,1
TA-14824,C-1641,1
TA-14825,C-1642,1
TA-14826,C-1642,1
TA-14829,C-0255,1
TA-14834,C-1642,1
TA-14840,C-1647,1
TA-14841,C-1647,1
TA-14842,C-1647,1
TA-14843,C-1647,1
TA-14844,C-1646,1
TA-14846,C-1759,1
TA-14847,C-1759,1
TA-14848,C-1759,1
TA-14849,C-1759,1
TA-14851,C-1994,1
TA-14854,C-1628,1
TA-14855,C-1638,1
TA-14856,C-1638,1
TA-14863,C-0215,1
TA-14864,C-0215,1
TA-14867,C-0211,1
TA-14868,C-0209,1
TA-14875,C-1034,1
TA-14876,C-0284,1
TA-14880,C-1632,1
TA-14881,C-1632,1
TA-14882,C-1632,1
TA-14883,C-1632,1
TA-14884,C-1631,1
TA-14885,C-1641,1
TA-14888,C-1739,1
TA-14890,C-1639,1
TA-14895,C-1639,1
TA-14903,C-0214,1
TA-14906,C-1627,1
TA-14915,C-1151,1
TA-14922,C-0409,1
TA-14929,C-1638,1
TA-14939,C-1638,1
TA-14940,C-1151,1
TA-14942,C-1639,1
TA-14945,C-1650,1
TA-14947,C-1650,1
TA-14949,C-1650,1
TA-14952,C-1637,1
TA-14966,C-1647,1
TA-14967,C-1647,1
TA-14968,C-1647,1
TA-14969,C-1647,1
TA-14971,C-1867,1
TA-14972,C-1647,1
TA-14973,C-1647,1
TA-14974,C-1647,1
TA-14975,C-1647,1
TA-15001,C-1637,1
TA-15003,C-1638,1
TA-15007,C-1637,1
TA-15022,C-1632,1
TA-15024,C-1640,1
TA-15031,C-1611,1
TA-15032,C-0203,1
TA-15033,C-0031,1
TA-15041,C-2004,1
TA-15060,C-1640,1
TA-15063,C-1647,1
TA-15064,C-1647,1
TA-15067,C-1999,1
TA-15068,C-1639,1
TA-15071,C-2004,1
TA-15074,C-2004,1
TA-15076,C-2005,1
TA-15077,C-2005,1
TA-15078,C-1629,1
TA-15079,C-1629,1
TA-15082,C-1641,1
TA-15084,C-1641,1
TA-15085,C-1641,1
TA-15099,C-1995,1
TA-15103,C-1639,1
TA-15111,C-2032,1
TA-15112,C-1039,1
TA-15116,C-1909,1
TA-15117,C-1909,1
TA-15122,C-0181,2
TA-15127,C-1650,1
TA-15130,C-1076,1
TA-15131,C-1076,1
TA-15132,C-1076,1
TA-15160,C-1642,1
TA-15163,C-1640,1
TA-15164,C-1631,1
TA-15165,C-1638,1
TA-15175,C-0900,1
TA-15176,C-1048,2
TA-15195,C-2005,1
TA-15203,C-2032,1
TA-15204,C-2005,1
TA-15206,C-2005,1
TA-15218,C-1885,1
TA-15219,C-1885,1
TA-15223,C-1647,1
TA-15224,C-1647,1
TA-15225,C-1647,1
TA-15240,C-1649,1
TA-15241,C-1995,1
TA-15250,C-1638,1
TA-15260,C-2014,1
TA-15261,C-1640,1
TA-15264,C-1078,1
TA-15270,C-1642,1
TA-15282,C-2014,1
TA-15284,C-1077,1
TA-15285,C-1639,1
TA-15286,C-1035,1
TA-15287,C-1035,1
TA-15288,C-1633,2
TA-15292,C-1640,1
TA-15304,C-1641,1
TA-15308,C-2005,1
TA-15311,C-1995,1
TA-15313,C-0599,1
TA-15332,C-1637,1
TA-15340,C-1078,1
TA-15356,C-1638,1
TA-15357,C-1638,1
TA-15358,C-1638,1
TA-15359,C-1638,1
TA-15360,C-1638,1
TA-15361,C-1638,1
TA-15364,C-1640,1
TA-15386,C-1637,1
TA-15396,C-1637,1
TA-15401,C-1637,1
TA-15404,C-1639,1
TA-15406,C-1637,1
TA-15407,C-1637,1
TA-15408,C-1637,1
TA-15409,C-1637,1
TA-15436,C-1641,1
TA-15437,C-1640,1
TA-15439,C-1640,1
TA-15440,C-1641,1
TA-15445,C-1642,1
TA-15448,C-1041,1
TA-15455,C-2004,1
TA-15456,C-1642,1
TA-15457,C-1641,1
TA-15458,C-1641,1
TA-15459,C-0683,1
TA-15461,C-1640,1
TA-15462,C-1639,1
TA-15483,C-1641,1
TA-15489,C-1645,1
TA-15493,C-1639,1
TA-15508,C-1647,1
TA-15509,C-1647,1
TA-15510,C-1641,1
TA-15511,C-1641,1
TA-15512,C-0031,1
TA-15516,C-1085,1
TA-15518,C-0302,1
TA-15529,C-1637,1
TA-15534,C-1641,1
TA-15535,C-1642,1
TA-15536,C-1640,1
TA-15537,C-1087,1
TA-15538,C-1088,1
TA-15553,C-0485,1
TA-15558,C-1639,1
TA-15559,C-1639,1
TA-15561,C-1043,1
TA-15568,C-1642,1
TA-15576,C-1641,1
TA-15581,C-1078,1
TA-15582,C-1647,1
TA-15583,C-1647,1
TA-15584,C-1716,1
TA-15587,C-1639,1
TA-15588,C-1639,1
TA-15595,C-1641,1
TA-15629,C-1640,1
TA-15638,C-1994,1
TA-15639,C-1994,1
TA-15642,C-1649,1
TA-15643,C-1639,1
TA-15655,C-1096,1
TA-15667,C-1078,1
TA-15669,C-1641,1
TA-15671,C-1639,1
TA-15675,C-1889,1
TA-15680,C-1641,1
TA-15681,C-1641,1
TA-15682,C-1641,1
TA-15693,C-0549,1
TA-15698,C-2003,1
TA-15699,C-1644,1
TA-15703,C-1640,1
TA-15708,C-1910,1
TA-15709,C-1910,1
TA-15712,C-1642,1
TA-15713,C-1654,1
TA-15714,C-1641,1
TA-15715,C-1641,1
TA-15716,C-1640,1
TA-15717,C-1640,1
TA-15721,C-1642,1
TA-15729,C-1642,1
TA-15730,C-1994,1
TA-15731,C-1641,1
TA-15732,C-1641,1
TA-15735,C-1889,1
TA-15736,C-1648,1
TA-15737,C-1641,1
TA-15738,C-1646,1
TA-15741,C-1642,1
TA-15742,C-0388,1
TA-15744,C-1647,1
TA-15745,C-1652,1
TA-15748,C-1642,1
TA-15753,C-1639,1
TA-15754,C-1639,1
TA-15755,C-1639,1
TA-15762,C-2005,1
TA-15766,C-1641,1
TA-15769,C-1640,1
TA-15772,C-1641,1
TA-15774,C-1641,1
TA-15775,C-1641,1
TA-15782,C-1909,1
TA-15783,C-1909,1
TA-15786,C-1108,1
TA-15795,C-1907,1
TA-15796,C-1908,1
TA-15797,C-1908,1
TA-15799,C-1908,1
TA-15801,C-1654,1
TA-15810,C-2026,1
TA-15812,C-1639,1
TA-15829,C-1629,1
TA-15830,C-1639,1
TA-15853,C-0112,1
TA-15854,C-2009,1
TA-15857,C-1645,1
TA-15858,C-1645,1
TA-15862,C-1641,1
TA-15871,C-1645,1
TA-15876,C-1663,1
TA-15879,C-1125,1
TA-15881,C-2022,1
TA-15893,C-1646,1
TA-15911,C-1639,1
TA-15942,C-0359,1
TA-15943,C-1641,1
TA-15956,C-1632,1
TA-15976,C-1641,1
TA-15979,C-2032,1
TA-15980,C-1995,1
TA-15981,C-1995,1
TA-15984,C-1628,1
TA-15985,C-1639,1
TA-15997,C-1759,1
TA-15998,C-1759,1
TA-16010,C-1639,1
TA-16012,C-1910,1
TA-16017,C-1641,1
TA-16021,C-0166,1
TA-16023,C-1638,1
TA-16025,C-1642,1
TA-16026,C-1642,1
TA-16029,C-0359,1
TA-16036,C-1078,1
TA-16041,C-1910,1
TA-16042,C-1910,1
TA-16043,C-1641,1
TA-16048,C-1839,1
TA-16058,C-1628,1
TA-16063,C-1639,1
TA-16066,C-1645,1
TA-16073,C-1649,1
TA-16081,C-1641,1
TA-16087,C-1628,1
TA-16092,C-1641,1
TA-16093,C-1641,1
TA-16108,C-1129,2
TA-16110,C-1628,1
TA-16111,C-1628,1
TA-16114,C-1639,1
TA-16116,C-0132,1
TA-16121,C-1638,1
TA-16123,C-0052,1
TA-16131,C-1641,1
TA-16132,C-1641,1
TA-16135,C-1648,1
TA-16136,C-1648,1
TA-16140,C-1910,1
TA-16143,C-1641,1
TA-16144,C-0900,1
TA-16145,C-0261,1
TA-16146,C-1909,1
TA-16147,C-1909,1
TA-16148,C-1909,1
TA-16149,C-1909,1
TA-16150,C-1909,1
TA-16151,C-1909,1
TA-16152,C-1909,1
TA-16153,C-1909,1
TA-16154,C-1909,1
TA-16155,C-1909,1
TA-16156,C-1909,1
TA-16165,C-1637,1
TA-16172,C-1637,1
TA-16174,C-1637,1
TA-16175,C-1637,1
TA-16176,C-1637,1
TA-16178,C-1637,1
TA-16179,C-1936,1
TA-16182,C-1639,1
TA-16183,C-1639,1
TA-16184,C-1652,1
TA-16187,C-1641,1
TA-16188,C-1640,1
TA-16189,C-1641,1
TA-16190,C-1641,1
TA-16191,C-1639,1
TA-16193,C-1641,1
TA-16196,C-1641,1
TA-16197,C-1641,1
TA-16198,C-1660,1
TA-16199,C-1639,1
TA-16213,C-1641,1
TA-16215,C-1629,1
TA-16220,C-1628,1
TA-16221,C-1639,1
TA-16222,C-1628,1
TA-16223,C-1660,1
TA-16226,C-1645,1
TA-16227,C-1645,1
TA-16228,C-1645,1
TA-16235,C-0653,1
TA-16237,C-1642,1
TA-16241,C-1647,1
TA-16242,C-1647,1
TA-16243,C-1639,1
TA-16251,C-0163,1
TA-16252,C-0163,1
TA-16267,C-1637,1
TA-16271,C-1628,1
TA-16273,C-1598,1
TA-16276,C-1628,1
TA-16277,C-1628,1
TA-16283,C-1628,1
TA-16284,C-1628,1
TA-16285,C-1628,1
TA-16286,C-1628,1
TA-16287,C-1628,1
TA-16289,C-1640,1
TA-16300,C-1640,1
TA-16303,C-1641,1
TA-16306,C-1641,1
TA-16307,C-1641,1
TA-16323,C-1131,1
TA-16329,C-1801,1
TA-16344,C-1641,1
TA-16348,C-1134,1
TA-16349,C-1642,1
TA-16351,C-1649,1
TA-16352,C-1006,1
TA-16356,C-1761,1
TA-16358,C-1758,1
TA-16359,C-1910,1
TA-16360,C-1136,1
TA-16361,C-0585,1
TA-16400,C-2004,1
TA-16401,C-0585,1
TA-16402,C-0585,1
TA-16403,C-0585,1
TA-16404,C-0585,1
TA-16405,C-0585,1
TA-16406,C-0585,1
TA-16409,C-0209,1
TA-16410,C-0209,1
TA-16425,C-0248,2
TA-16426,C-0248,1
TA-16427,C-0275,1
TA-16428,C-0071,1
TA-16431,C-1761,1
TA-16438,C-1647,1
TA-16439,C-1647,1
TA-16442,C-1995,1
TA-16449,C-1649,1
TA-16451,C-1642,1
TA-16453,C-1642,1
TA-16463,C-1096,1
TA-16473,C-1631,1
TA-16475,C-1907,1
TA-16476,C-1907,1
TA-16477,C-1638,1
TA-16478,C-1638,1
TA-16497,C-1627,1
TA-16498,C-1627,1
TA-16501,C-0556,1
TA-16502,C-1167,1
TA-16504,C-1109,1
TA-16512,C-1646,1
TA-16513,C-1646,1
TA-16522,C-1647,1
TA-16523,C-0780,1
TA-16526,C-1647,1
TA-16538,C-1643,1
TA-16539,C-1165,1
TA-16540,C-1641,1
TA-16545,C-1105,1
TA-16549,C-0207,1
TA-16550,C-1639,1
TA-16551,C-1639,1
TA-16559,C-1646,1
TA-16560,C-1639,1
TA-16562,C-0389,1
TA-16564,C-1629,1
TA-16565,C-1629,1
TA-16566,C-1910,1
TA-16567,C-1910,1
TA-16568,C-1910,1
TA-16569,C-1910,1
TA-16570,C-1910,1
TA-16571,C-1641,1
TA-16572,C-1641,1
TA-16575,C-0389,1
TA-16576,C-1639,1
TA-16577,C-1650,1
TA-16579,C-1911,1
TA-16580,C-1641,1
TA-16581,C-1642,1
TA-16587,C-1073,1
TA-16588,C-0275,1
TA-16589,C-0275,1
TA-16593,C-1638,1
TA-16602,C-0389,1
TA-16603,C-0389,1
TA-16604,C-1639,1
TA-16605,C-1641,1
TA-16607,C-1910,1
TA-16608,C-1910,1
TA-16609,C-1910,1
TA-16610,C-1910,1
TA-16619,C-1637,1
TA-16621,C-1639,1
TA-16623,C-1639,1
TA-16624,C-1641,1
TA-16630,C-1646,1
TA-16631,C-1646,1
TA-16680,C-1839,1
TA-16684,C-0580,1
TA-16692,C-1647,1
TA-16693,C-1647,1
TA-16695,C-1647,1
TA-16700,C-1647,1
TA-16701,C-1647,1
TA-16702,C-2032,1
TA-16703,C-1641,1
TA-16704,C-1641,1
TA-16713,C-1144,1
TA-16715,C-1649,1
TA-16735,C-1646,1
TA-16736,C-1639,1
TA-16737,C-1639,1
TA-16742,C-1631,1
TA-16743,C-1631,1
TA-16748,C-1638,1
TA-16749,C-1637,1
TA-16752,C-1637,1
TA-16755,C-1758,1
TA-16756,C-1758,1
TA-16757,C-1761,1
TA-16758,C-1761,1
TA-16759,C-1761,1
TA-16761,C-2028,1
TA-16772,C-1308,1
TA-16774,C-1637,1
TA-16775,C-1637,1
TA-16776,C-0268,1
TA-16783,C-1647,1
TA-16790,C-1642,1
TA-16793,C-1639,1
TA-16799,C-1166,1
TA-16807,C-1641,1
TA-16816,C-1629,1
TA-16817,C-1629,1
TA-16818,C-1629,1
TA-16819,C-1629,1
TA-16820,C-1629,1
TA-16850,C-1997,1
TA-16853,C-1995,1
TA-16856,C-1078,1
TA-16857,C-0004,1
TA-16858,C-1641,1
TA-16859,C-1641,1
TA-16860,C-1029,1
TA-16885,C-0544,1
TA-16886,C-1881,1
TA-16887,C-2009,1
TA-16896,C-1648,1
TA-16905,C-1638,1
TA-16907,C-1641,1
TA-16908,C-1641,1
TA-16912,C-1641,1
TA-16913,C-1632,1
TA-16916,C-1639,1
TA-16918,C-1639,1
TA-16921,C-1637,1
TA-16922,C-1637,1
TA-16935,C-1637,1
TA-16937,C-1637,1
TA-16938,C-1637,1
TA-16940,C-1637,1
TA-16943,C-1637,1
TA-16951,C-1637,1
TA-16952,C-1637,1
TA-16958,C-1637,1
TA-16959,C-1637,1
TA-16961,C-1637,1
TA-16968,C-1637,1
TA-16973,C-1637,1
TA-16976,C-1637,1
TA-16977,C-1639,1
TA-16978,C-1639,1
TA-16982,C-1763,1
TA-16985,C-1641,1
TA-16990,C-1639,1
TA-16991,C-1639,1
TA-17000,C-1639,1
TA-17003,C-1637,1
TA-17004,C-1637,1
TA-17005,C-1637,1
TA-17006,C-1637,1
TA-17007,C-1637,1
TA-17010,C-1641,1
TA-17011,C-1639,1
TA-17013,C-1639,1
TA-17014,C-1639,1
TA-17016,C-1637,1
TA-17017,C-1639,1
TA-17021,C-1637,1
TA-17026,C-1637,1
TA-17027,C-1637,1
TA-17028,C-1637,1
TA-17045,C-0388,1
TA-17046,C-1761,1
TA-17047,C-0389,1
TA-17048,C-1006,1
TA-17049,C-0389,1
TA-17050,C-0388,1
TA-17054,C-1995,1
TA-17055,C-0260,1
TA-17070,C-1641,1
TA-17081,C-1628,1
TA-17084,C-1638,1
TA-17094,C-0415,1
TA-17095,C-0415,1
TA-17098,C-0414,1
TA-17099,C-0414,1
TA-17101,C-1642,1
TA-17102,C-1641,1
TA-17105,C-1631,1
TA-17116,C-1642,1
TA-17119,C-1179,1
TA-17126,C-1646,1
TA-17127,C-1639,1
TA-17128,C-1639,1
TA-17129,C-1801,1
TA-17130,C-1632,1
TA-17131,C-1632,1
TA-17134,C-1105,1
TA-17136,C-1907,1
TA-17137,C-1907,1
TA-17141,C-1907,1
TA-17142,C-1907,1
TA-17145,C-1907,1
TA-17146,C-1907,1
TA-17158,C-1642,1
TA-17159,C-1642,1
TA-17161,C-2026,1
TA-17162,C-1999,1
TA-17163,C-1639,1
TA-17171,C-1843,1
TA-17172,C-1641,1
TA-17173,C-1641,1
TA-17181,C-1889,1
TA-17182,C-1647,1
TA-17183,C-1638,1
TA-17188,C-1641,1
TA-17189,C-2002,1
TA-17190,C-2002,1
TA-17193,C-1642,1
TA-17194,C-1632,2
TA-17195,C-1632,2
TA-17197,C-1889,1
TA-17198,C-1889,1
TA-17199,C-1642,1
TA-17204,C-1647,1
TA-17205,C-1647,1
TA-17206,C-1647,1
TA-17207,C-1647,1
TA-17208,C-1647,1
TA-17209,C-1647,1
TA-17210,C-1647,1
TA-17211,C-1647,1
TA-17212,C-1173,1
TA-17214,C-1261,4
TA-17215,C-1109,1
TA-17223,C-0028,1
TA-17224,C-1627,1
TA-17225,C-1628,1
TA-17227,C-0580,1
TA-17228,C-0683,1
TA-17230,C-1642,1
TA-17233,C-1642,1
TA-17234,C-1870,1
TA-17239,C-1641,1
TA-17240,C-1641,1
TA-17243,C-1638,1
TA-17256,C-1641,1
TA-17257,C-1641,1
TA-17258,C-1641,1
TA-17259,C-1641,1
TA-17264,C-1640,1
TA-17265,C-1640,1
TA-17271,C-1638,1
TA-17272,C-1638,1
TA-17280,C-1640,1
TA-17281,C-1640,1
TA-17282,C-1640,1
TA-17283,C-1640,1
TA-17284,C-0683,1
TA-17286,C-1640,1
TA-17287,C-1640,1
TA-17290,C-1647,1
TA-17291,C-1640,1
TA-17294,C-1650,1
TA-17295,C-1643,1
TA-17296,C-1643,1
TA-17308,C-0964,1
TA-17309,C-0132,1
TA-17315,C-1640,1
TA-17316,C-1640,1
TA-17317,C-1647,1
TA-17318,C-1647,1
TA-17321,C-1646,1
TA-17322,C-1654,1
TA-17327,C-1646,1
TA-17328,C-1645,1
TA-17329,C-1639,1
TA-17331,C-1639,1
TA-17345,C-1885,1
TA-17349,C-1639,1
TA-17356,C-1641,1
TA-17359,C-1006,1
TA-17360,C-1006,1
TA-17365,C-1187,1
TA-17386,C-1642,1
TA-17392,C-1268,1
TA-17394,C-1078,1
TA-17397,C-1642,1
TA-17398,C-1909,1
TA-17399,C-1909,1
TA-17408,C-1630,1
TA-17412,C-1642,1
TA-17418,C-1078,1
TA-17419,C-1078,1
TA-17430,C-1105,1
TA-17470,C-1565,1
TA-17474,C-1846,1
TA-17475,C-1846,1
TA-17476,C-1846,1
TA-17485,C-1229,1
TA-17528,C-1836,1
TA-17529,C-1837,1
TA-17584,C-1255,1
TA-17604,C-1640,1
TA-17605,C-1648,1
TA-17606,C-1648,1
TA-17607,C-1648,1
TA-17615,C-1641,1
TA-17616,C-1641,1
TA-17617,C-1718,1
TA-17618,C-1718,1
TA-17622,C-1632,1
TA-17623,C-1846,1
TA-17624,C-1846,1
TA-17625,C-1638,1
TA-17629,C-1642,1
TA-17630,C-1627,1
TA-17633,C-1632,2
TA-17635,C-1803,1
TA-17637,C-1633,1
TA-17650,C-1652,1
TA-17651,C-1907,1
TA-17652,C-1907,1
TA-17659,C-1641,1
TA-17661,C-1641,1
TA-17662,C-1640,1
TA-17663,C-1641,1
TA-17683,C-1641,1
TA-17710,C-0544,4
TA-17722,C-1628,1
TA-17729,C-1645,1
TA-17730,C-1645,1
TA-17737,C-1265,1
TA-17752,C-1638,1
TA-17753,C-1638,1
TA-17754,C-1638,1
TA-17755,C-1638,1
TA-17757,C-1638,1
TA-17758,C-1638,1
TA-17762,C-1892,1
TA-17763,C-1892,1
TA-17779,C-1641,1
TA-17794,C-1654,1
TA-17799,C-2032,1
TA-17800,C-1843,1
TA-17801,C-1641,1
TA-17805,C-1638,1
TA-17806,C-1638,1
TA-17819,C-1650,1
TA-17823,C-1270,1
TA-17824,C-1267,1
TA-17828,C-1629,1
TA-17830,C-1628,1
TA-17832,C-1638,1
TA-17834,C-1629,1
TA-17851,C-1268,1
TA-17852,C-1268,1
TA-17856,C-2028,1
TA-17860,C-2029,1
TA-17861,C-1638,1
TA-17862,C-1638,1
TA-17863,C-1642,1
TA-17864,C-1647,1
TA-17865,C-1647,1
TA-17867,C-0492,1
TA-17873,C-1268,1
TA-17874,C-1268,1
TA-17875,C-1268,1
TA-17876,C-1268,1
TA-17877,C-1268,1
TA-17878,C-1268,1
TA-17886,C-1631,1
TA-17887,C-1631,1
TA-17889,C-2008,1
TA-17890,C-2008,1
TA-17891,C-1907,1
TA-17892,C-1907,1
TA-17895,C-1663,1
TA-17897,C-1631,1
TA-17898,C-1631,1
TA-17906,C-1650,1
TA-17907,C-0550,1
TA-17908,C-1638,1
TA-17910,C-1902,1
TA-17911,C-1902,1
TA-17912,C-1902,1
TA-17913,C-0550,1
TA-17914,C-1902,1
TA-17915,C-1902,1
TA-17916,C-0550,1
TA-17917,C-0550,1
TA-17923,C-1272,1
TA-17924,C-1642,1
TA-17925,C-1642,1
TA-17938,C-0624,1
TA-17939,C-0624,1
TA-17941,C-0377,1
TA-17950,C-1637,1
TA-17952,C-1637,1
TA-17953,C-1639,1
TA-17956,C-1637,1
TA-17959,C-1637,1
TA-17960,C-1637,1
TA-17962,C-1637,1
TA-17963,C-1637,1
TA-17966,C-1637,1
TA-17970,C-1885,1
TA-17972,C-1268,1
TA-17977,C-1268,1
TA-17978,C-0214,1
TA-17979,C-0214,1
TA-17980,C-1638,1
TA-17986,C-1648,1
TA-17987,C-1648,1
TA-18007,C-0485,1
TA-18010,C-1639,1
TA-18012,C-1630,1
TA-18014,C-1642,1
TA-18015,C-1642,1
TA-18016,C-1641,1
TA-18022,C-1641,1
TA-18023,C-1654,1
TA-18024,C-1641,1
TA-18025,C-1640,1
TA-18026,C-1641,1
TA-18029,C-1639,1
TA-18031,C-1873,1
TA-18037,C-1910,1
TA-18061,C-1641,1
TA-18064,C-1261,3
TA-18065,C-1294,1
TA-18066,C-1287,1
TA-18068,C-0556,1
TA-18080,C-1642,1
TA-18081,C-1642,1
TA-18082,C-0683,1
TA-18083,C-1642,1
TA-18084,C-1642,1
TA-18089,C-1642,1
TA-18090,C-1642,1
TA-18091,C-1646,1
TA-18092,C-1638,1
TA-18103,C-1642,1
TA-18104,C-1642,1
TA-18111,C-1629,1
TA-18112,C-1998,1
TA-18130,C-1282,1
TA-18136,C-1646,1
TA-18137,C-1629,1
TA-18141,C-1629,1
TA-18153,C-1638,1
TA-18154,C-1638,1
TA-18155,C-1638,1
TA-18156,C-1638,1
TA-18160,C-2027,1
TA-18165,C-0133,1
TA-18166,C-0133,1
TA-18194,C-2027,1
TA-18195,C-1630,1
TA-18207,C-1648,1
TA-18208,C-1216,1
TA-18226,C-1290,1
TA-18227,C-1291,1
TA-18232,C-1292,1
TA-18234,C-1629,1
TA-18239,C-1640,1
TA-18242,C-1630,1
TA-18243,C-1629,1
TA-18244,C-1630,1
TA-18245,C-1909,1
TA-18248,C-1642,1
TA-18254,C-1629,1
TA-18255,C-1629,1
TA-18272,C-1642,1
TA-18276,C-1639,1
TA-18280,C-1638,1
TA-18281,C-1638,1
TA-18282,C-1638,1
TA-18288,C-1640,1
TA-18302,C-1638,1
TA-18307,C-1642,1
TA-18308,C-1642,1
TA-18309,C-1642,1
TA-18310,C-1642,1
TA-18314,C-1648,1
TA-18315,C-0401,1
TA-18316,C-1641,1
TA-18318,C-1641,1
TA-18327,C-1638,1
TA-18328,C-1638,1
TA-18329,C-0550,1
TA-18333,C-1643,1
TA-18335,C-1632,1
TA-18344,C-1640,1
TA-18345,C-1295,1
TA-18352,C-0209,1
TA-18353,C-1641,1
TA-18354,C-1639,1
TA-18355,C-1639,1
TA-18365,C-1642,1
TA-18367,C-1639,1
TA-18368,C-1641,1
TA-18371,C-1298,1
TA-18372,C-1298,1
TA-18373,C-1639,1
TA-18376,C-1639,1
TA-18377,C-1639,1
TA-18382,C-1638,1
TA-18384,C-1654,1
TA-18385,C-1641,1
TA-18386,C-1639,1
TA-18387,C-1639,1
TA-18388,C-1639,1
TA-18389,C-1638,1
TA-18390,C-1760,1
TA-18400,C-1645,1
TA-18401,C-1645,1
TA-18408,C-1641,1
TA-18409,C-1639,1
TA-18422,C-1970,1
TA-18426,C-0215,1
TA-18427,C-0214,1
TA-18428,C-0215,1
TA-18429,C-0214,1
TA-18443,C-1629,1
TA-18446,C-1629,1
TA-18447,C-2005,1
TA-18448,C-2005,1
TA-18462,C-1761,1
TA-18465,C-1629,1
TA-18466,C-1629,1
TA-18467,C-1629,1
TA-18475,C-1647,1
TA-18476,C-1630,1
TA-18481,C-1629,1
TA-18486,C-1639,1
TA-18490,C-1642,1
TA-18511,C-0414,1
TA-18512,C-0414,1
TA-18517,C-0415,1
TA-18518,C-0415,1
TA-18522,C-1629,1
TA-18528,C-1645,1
TA-18530,C-1642,1
TA-18531,C-0348,1
TA-18535,C-1642,1
TA-18536,C-1300,1
TA-18537,C-1303,1
TA-18543,C-1640,1
TA-18547,C-1630,1
TA-18548,C-1630,1
TA-18551,C-1639,1
TA-18552,C-1639,1
TA-18554,C-0268,1
TA-18555,C-1631,1
TA-18557,C-1628,1
TA-18558,C-1628,1
TA-18561,C-1641,1
TA-18568,C-1643,1
TA-18572,C-1646,1
TA-18573,C-1646,1
TA-18574,C-1646,1
TA-18575,C-1646,1
TA-18576,C-1647,1
TA-18578,C-0071,2
TA-18579,C-0071,2
TA-18582,C-1902,1
TA-18589,C-1629,1
TA-18590,C-0869,1
TA-18594,C-1642,1
TA-18595,C-1645,1
TA-18601,C-1640,1
TA-18604,C-1639,1
TA-18616,C-1649,1
TA-18618,C-1649,1
TA-18620,C-0052,1
TA-18621,C-1642,1
TA-18622,C-1216,1
TA-18629,C-1642,1
TA-18635,C-1638,1
TA-18638,C-1629,1
TA-18639,C-0217,1
TA-18646,C-1664,1
TA-18647,C-2001,1
TA-18651,C-2001,1
TA-18658,C-2005,1
TA-18659,C-1632,1
TA-18660,C-1632,1
TA-18661,C-1649,1
TA-18662,C-1649,1
TA-18663,C-1628,1
TA-18664,C-1628,1
TA-18667,C-2005,1
TA-18668,C-2005,1
TA-18680,C-1889,1
TA-18681,C-1889,1
TA-18682,C-1631,1
TA-18688,C-1629,1
TA-18690,C-1608,1
TA-18701,C-0001,1
TA-18702,C-1908,1
TA-18704,C-2003,1
TA-18706,C-2003,1
TA-18707,C-2006,1
TA-18765,C-1749,1
TA-18767,C-1421,1
TA-18773,C-1550,1
TA-18779,C-1557,1
TA-18794,C-1421,1
TA-18806,C-0001,1
TA-18809,C-1627,1
TA-18813,C-1375,1
TA-18814,C-1375,1
TA-18815,C-1375,1
TA-18816,C-1375,1
TA-18817,C-1375,1
TA-18825,C-1375,1
TA-18826,C-1375,1
TA-18827,C-1375,1
TA-18828,C-1375,1
TA-18829,C-1375,1
TA-18830,C-1375,1
TA-18831,C-1375,1
TA-18832,C-1375,1
TA-18833,C-1375,1
TA-18834,C-1375,1
TA-18835,C-1375,1
TA-18836,C-1375,1
TA-18839,C-1850,1
TA-18841,C-1850,1
TA-18870,C-1846,1
TA-18872,C-1375,1
TA-18873,C-1375,1
TA-18874,C-1375,1
TA-18875,C-1375,1
TA-18879,C-1627,1
TA-18951,C-1603,1
TA-19003,C-1640,1
TA-19004,C-0001,1
TA-19009,C-1850,1
TA-19010,C-1850,1
TA-19059,C-1622,1
TA-19060,C-1629,1
TA-19062,C-1635,1
TA-19063,C-1642,1
TA-19068,C-1639,1
TA-19110,C-1633,1
TA-19132,C-1936,1
TA-19141,C-1433,1
TA-19142,C-1936,1
TA-19143,C-1938,1
TA-19200,C-1950,1
TA-19201,C-1950,1
TA-19202,C-1950,1
TA-19203,C-1950,1
TA-19204,C-1950,1
TA-19205,C-1950,1
TA-19209,C-1654,1
TA-19210,C-1509,1
TA-19211,C-1509,1
TA-19215,C-1520,1
TA-19234,C-0001,1
TA-19238,C-1375,1
TA-19239,C-1375,1
TA-19240,C-1375,1
TA-19241,C-1375,1
TA-19242,C-1375,1
TA-19243,C-1375,1
TA-19244,C-1375,1
TA-19245,C-1375,1
TA-19246,C-1375,1
TA-19247,C-1374,1
TA-19248,C-1374,1
TA-19249,C-1374,1
TA-19250,C-1850,1
TA-19283,C-1550,1
TA-19284,C-1550,1
TA-19290,C-1638,1
TA-19291,C-1639,1
TA-19292,C-1638,1
TA-19293,C-1639,1
TA-19303,C-1654,1
TA-19304,C-1652,1
TA-19317,C-1742,1
TA-19323,C-1742,1
TA-19330,C-0449,1
TA-19356,C-1716,1
TA-19357,C-1846,1
TA-19365,C-1586,1
TA-19373,C-1846,1
TA-19374,C-1846,1
TA-19375,C-1639,1
TA-19377,C-1869,1
TA-19378,C-1869,1
TA-19382,C-1848,1
TA-19425,C-1610,1
TA-19436,C-1258,1
TA-19438,C-1648,1
TA-19439,C-1648,1
TA-19476,C-1639,1
TA-19480,C-1749,1
TA-19525,C-1672,1
TA-19537,C-1749,1
TA-19563,C-1565,1
TA-19571,C-1716,1
TA-19572,C-1722,1
TA-19573,C-1749,1
TA-19578,C-1565,1
TA-19579,C-1244,1
TA-19625,C-1374,1
TA-19627,C-1850,1
TA-19628,C-1850,1
TA-19632,C-1854,1
TA-19645,C-1749,1
TA-19646,C-1970,1
TA-19652,C-1627,1
TA-19654,C-1632,1
TA-19655,C-1550,1
TA-19656,C-1550,1
TA-19666,C-1739,1
TA-19667,C-2004,1
TA-19671,C-1629,1
TA-19675,C-1629,1
TA-19676,C-1630,1
TA-19690,C-1640,1
TA-19693,C-1565,1
TA-19696,C-1639,1
TA-19706,C-1244,1
TA-19707,C-1724,1
TA-19708,C-1743,1
TA-19779,C-1709,1
TA-19783,C-1667,1
TA-19857,C-1562,1
TA-19884,C-1850,1
TA-19899,C-1735,1
TA-19946,C-1648,1
TA-19947,C-1648,1
TA-19951,C-1639,1
TA-19952,C-1637,1
TA-19968,C-1667,1
TA-20007,C-1630,1
TA-20015,C-0001,1
TA-20016,C-0001,1
TA-20017,C-0001,1
TA-20025,C-1641,1
TA-20029,C-0494,1
TA-20030,C-0494,1
TA-20031,C-0496,1
TA-20036,C-1642,1
TA-20037,C-0218,1
TA-20038,C-0496,1
TA-20039,C-0521,1
TA-20041,C-1642,1
TA-20044,C-0615,1
TA-20045,C-0615,1
TA-20046,C-0616,1
TA-20047,C-0616,1
TA-20053,C-1884,1
TA-20084,C-1421,1
TA-20086,C-1439,2
TA-20087,C-1439,2
TA-20088,C-1439,2
TA-20089,C-1439,2
TA-20090,C-1439,2
TA-20115,C-1840,1
TA-20170,C-1563,1
TA-20204,C-1641,1
TA-20208,C-1649,1
TA-20211,C-1638,1
TA-20212,C-1639,1
TA-20222,C-1629,1
TA-20223,C-1877,1
TA-20224,C-1877,1
TA-20234,C-2032,1
TA-20270,C-0001,1
TA-20271,C-0001,1
TA-20272,C-1727,1
TA-20273,C-1727,1
TA-20274,C-1727,1
TA-20275,C-1727,1
TA-20276,C-0001,1
TA-20278,C-1841,1
TA-20313,C-1728,1
TA-20314,C-1235,1
TA-20335,C-1728,1
TA-20341,C-1884,1
TA-20343,C-1639,1
TA-20344,C-1639,1
TA-20345,C-1639,1
TA-20346,C-1638,1
TA-20347,C-1639,1
TA-20354,C-1936,1
TA-20355,C-1936,1
TA-20359,C-1642,1
TA-20360,C-1642,1
TA-20361,C-1641,1
TA-20362,C-1641,1
TA-20370,C-1936,1
TA-20371,C-1936,1
TA-20375,C-1641,1
TA-20376,C-1642,1
TA-20377,C-1641,1
TA-20378,C-1642,1
TA-20395,C-1646,1
TA-20411,C-1629,1
TA-20417,C-1228,1
TA-20441,C-1631,1
TA-20442,C-1841,1
TA-20443,C-1631,1
TA-20444,C-1841,1
TA-20445,C-1631,1
TA-20451,C-1631,1
TA-20456,C-1631,1
TA-20458,C-1631,1
TA-20459,C-2019,1
TA-20460,C-1642,1
TA-20461,C-1642,1
TA-20465,C-1936,1
TA-20466,C-1936,1
TA-20467,C-1936,1
TA-20468,C-1642,1
TA-20469,C-1642,1
TA-20470,C-1641,1
TA-20471,C-1641,1
TA-20477,C-1631,1
TA-20479,C-1886,1
TA-20489,C-1632,2
TA-20492,C-1647,1
TA-20497,C-1909,1
TA-20505,C-1970,1
TA-20506,C-1870,1
TA-20507,C-1870,1
TA-20508,C-1648,1
TA-20509,C-1908,1
TA-20510,C-1908,1
TA-20511,C-2033,1
TA-20528,C-1448,1
TA-20533,C-1970,1
TA-20539,C-0826,1
TA-20544,C-1627,1
TA-20545,C-1909,1
TA-20546,C-1909,1
TA-20548,C-1909,1
TA-20550,C-2008,1
TA-20552,C-1627,1
TA-20553,C-1909,1
TA-20562,C-1627,1
TA-20566,C-1910,1
TA-20569,C-1909,1
TA-20594,C-1635,1
TA-20595,C-1889,1
TA-20596,C-1889,1
TA-20601,C-1647,1
TA-20602,C-1647,1
TA-20603,C-1647,1
TA-20604,C-1647,1
TA-20607,C-1641,1
TA-20608,C-1641,1
TA-20613,C-1632,1
TA-20614,C-1632,1
TA-20617,C-1800,1
TA-20715,C-1646,1
TA-20716,C-1646,1
TA-20717,C-1648,1
TA-20718,C-1647,1
TA-20719,C-1647,1
TA-20722,C-1640,1
TA-20723,C-1639,1
TA-20724,C-1639,1
TA-20725,C-1639,1
TA-20727,C-1648,1
TA-20729,C-1648,1
TA-20730,C-1647,1
TA-20731,C-1639,1
TA-20732,C-1639,1
TA-20733,C-1639,1
TA-20734,C-1639,1
TA-20737,C-1639,1
TA-20738,C-1647,1
TA-20739,C-1647,1
TA-20740,C-1647,1
TA-20741,C-1647,1
TA-20745,C-1641,1
TA-20746,C-1648,1
TA-20748,C-1647,1
TA-20749,C-1647,1
TA-20750,C-1648,1
TA-20751,C-1648,1
TA-20752,C-1648,1
TA-20755,C-1648,1
TA-20759,C-1649,1
TA-20764,C-1646,1
TA-20765,C-1646,1
TA-20767,C-1646,1
TA-20774,C-1649,1
TA-20775,C-1637,1
TA-20776,C-1637,1
TA-20780,C-1648,1
TA-20781,C-1648,1
TA-20782,C-1648,1
TA-20783,C-1648,1
TA-20784,C-1648,1
TA-20785,C-1647,1
TA-20786,C-1647,1
TA-20790,C-1649,1
TA-20791,C-1649,1
TA-20795,C-1648,1
TA-20798,C-1994,1
TA-20799,C-1994,1
TA-20800,C-1994,1
TA-20801,C-1661,1
TA-20802,C-1639,1
TA-20803,C-1639,1
TA-20804,C-1639,1
TA-20805,C-1639,1
TA-20806,C-1639,1
TA-20807,C-1639,1
TA-20810,C-1647,1
TA-20811,C-1647,1
TA-20812,C-1647,1
TA-20813,C-1647,1
TA-20814,C-1647,1
TA-20815,C-1647,1
TA-20816,C-1870,1
TA-20817,C-1627,1
TA-20818,C-1627,1
TA-20819,C-1637,1
TA-20820,C-1637,1
TA-20821,C-1889,1
TA-20822,C-1648,1
TA-20823,C-1641,1
TA-20824,C-1641,1
TA-20825,C-1647,1
TA-20826,C-1647,1
TA-20829,C-1642,1
TA-20830,C-1649,1
TA-20832,C-1648,1
TA-20835,C-1639,1
TA-20836,C-1639,1
TA-20843,C-1640,1
TA-20849,C-1648,1
TA-20850,C-1648,1
TA-20851,C-1645,1
TA-20868,C-1628,1
TA-20886,C-1638,1
TA-20897,C-1621,1
TA-20898,C-1621,1
TA-20918,C-1627,1
TA-20919,C-1639,1
TA-20920,C-1631,1
TA-20921,C-1631,1
TA-20948,C-2004,1
TA-20949,C-2004,1
TA-20952,C-2005,1
TA-20961,C-1633,1
TA-20962,C-1633,1
TA-20965,C-1632,1
TA-20966,C-1718,1
TA-20968,C-1880,1
TA-20981,C-1601,1
TA-21080,C-1631,1
TA-21081,C-1631,1
TA-21101,C-1550,1
TA-21102,C-1550,1
TA-21109,C-1421,1
TA-21110,C-1677,1
TA-21113,C-1846,1
TA-21121,C-1846,1
TA-21122,C-1565,1
TA-21123,C-1421,1
TA-21133,C-1632,1
TA-21138,C-1735,1
TA-21140,C-1565,1
TA-21157,C-2046,1
TA-21160,C-1864,1
TA-21165,C-2046,1
TA-21178,C-1735,1
TA-21180,C-1850,1
TA-21181,C-1850,1
TA-21185,C-2046,1
TA-21186,C-2046,1
TA-21188,C-1970,1
TA-21190,C-1850,1
TA-21191,C-1850,1
TA-21193,C-1850,1
TA-21194,C-1850,1
TA-00040,C-1660,1
TA-00052,C-1642,1
TA-00059,C-0033,1
TA-00112,C-1846,1
TA-00227,C-1657,1
TA-00245,C-1661,1
TA-00320,C-0037,1
TA-00587,C-1658,1
TA-00644,C-1660,1
TA-00645,C-1660,1
TA-00646,C-1882,1
TA-00647,C-2019,1
TA-00746,C-1632,1
TA-00747,C-1632,1
TA-00812,C-0109,1
TA-00848,C-1659,1
TA-00868,C-0114,1
TA-00909,C-1661,1
TA-00933,C-1658,1
TA-00934,C-1658,1
TA-00992,C-0082,1
TA-00997,C-0082,1
TA-01069,C-2019,1
TA-01143,C-1901,1
TA-01293,C-1630,1
TA-01309,C-0238,1
TA-01372,C-1658,1
TA-01387,C-0148,1
TA-01388,C-1810,1
TA-01554,C-0177,1
TA-01555,C-0260,1
TA-01601,C-0167,1
TA-01614,C-1658,1
TA-01650,C-1652,1
TA-01651,C-1652,1
TA-01656,C-1652,1
TA-01901,C-1652,1
TA-01973,C-1868,1
TA-02025,C-1661,1
TA-02031,C-1654,1
TA-02032,C-0210,1
TA-02043,C-0214,1
TA-02044,C-0214,1
TA-02075,C-1653,1
TA-02083,C-1659,1
TA-02118,C-1660,1
TA-02228,C-0260,1
TA-02229,C-0260,1
TA-02337,C-1661,1
TA-02354,C-0082,1
TA-02389,C-1661,1
TA-02392,C-0249,2
TA-02455,C-1660,1
TA-02456,C-1660,1
TA-02516,C-1658,1
TA-02598,C-0210,1
TA-02599,C-1658,1
TA-02600,C-1658,1
TA-02626,C-1660,1
TA-02673,C-1887,1
TA-02701,C-1654,1
TA-02710,C-0322,1
TA-02711,C-0322,1
TA-02719,C-1654,1
TA-02784,C-0214,1
TA-02785,C-1654,1
TA-02789,C-1987,1
TA-02868,C-0208,1
TA-02875,C-1630,1
TA-02880,C-1811,1
TA-02896,C-0326,1
TA-02971,C-1654,1
TA-02978,C-1660,1
TA-03031,C-1654,1
TA-03113,C-1725,1
TA-03224,C-1660,1
TA-03225,C-1660,1
TA-03247,C-1654,1
TA-03248,C-1654,1
TA-03263,C-1655,1
TA-03264,C-1652,1
TA-03279,C-1654,1
TA-03316,C-1660,1
TA-03341,C-2027,1
TA-03346,C-0076,1
TA-03380,C-1564,1
TA-03468,C-1660,1
TA-03470,C-0351,1
TA-03538,C-1661,1
TA-03585,C-1658,1
TA-03586,C-1658,1
TA-03589,C-1660,1
TA-03638,C-1660,1
TA-03642,C-1811,1
TA-03665,C-1500,1
TA-03795,C-0277,1
TA-03828,C-0383,1
TA-03865,C-0387,1
TA-03896,C-1844,1
TA-04094,C-0003,1
TA-04096,C-1630,1
TA-04189,C-1564,1
TA-04222,C-0214,1
TA-04223,C-0209,1
TA-04309,C-0258,1
TA-04311,C-0406,1
TA-04320,C-1660,1
TA-04321,C-1660,1
TA-04358,C-0214,1
TA-04359,C-0214,1
TA-04362,C-0214,1
TA-04363,C-0214,1
TA-04520,C-1655,1
TA-04521,C-1655,1
TA-04542,C-1643,1
TA-04546,C-1656,1
TA-04549,C-1655,1
TA-04550,C-1655,1
TA-04694,C-0214,1
TA-04695,C-0214,1
TA-04698,C-0214,1
TA-04699,C-0214,1
TA-04703,C-1660,1
TA-04787,C-1949,1
TA-04909,C-1658,1
TA-05032,C-1655,1
TA-05091,C-1654,1
TA-05092,C-1654,1
TA-05093,C-1654,1
TA-05116,C-1655,1
TA-05132,C-0512,1
TA-05219,C-1655,1
TA-05292,C-0519,1
TA-05342,C-1718,1
TA-05343,C-1718,1
TA-05359,C-1630,1
TA-05408,C-1660,1
TA-05442,C-0260,1
TA-05452,C-0260,1
TA-05490,C-0214,1
TA-05491,C-0214,1
TA-05492,C-1660,1
TA-05566,C-1846,1
TA-05572,C-1660,1
TA-05652,C-1652,1
TA-05653,C-1652,1
TA-05654,C-1652,1
TA-05655,C-1652,1
TA-05747,C-2015,1
TA-05822,C-1628,1
TA-05828,C-1658,1
TA-05842,C-1564,1
TA-05878,C-0548,1
TA-05880,C-0209,1
TA-05885,C-0208,1
TA-05893,C-0547,1
TA-05911,C-0547,1
TA-05914,C-0209,1
TA-05917,C-0208,1
TA-05922,C-0399,1
TA-05927,C-0209,1
TA-05928,C-0209,1
TA-05946,C-0547,1
TA-05954,C-0547,1
TA-06005,C-1654,1
TA-06123,C-0208,1
TA-06126,C-0208,1
TA-06128,C-0208,1
TA-06149,C-1834,1
TA-06161,C-0980,1
TA-06162,C-1661,1
TA-06209,C-0539,1
TA-06218,C-0564,1
TA-06486,C-1660,1
TA-06498,C-1628,1
TA-06518,C-1660,1
TA-06525,C-1661,1
TA-06541,C-1660,1
TA-06548,C-1628,1
TA-06551,C-1628,1
TA-06556,C-1661,1
TA-06563,C-1628,1
TA-06651,C-1654,1
TA-06737,C-0241,1
TA-06871,C-0209,1
TA-06899,C-0983,1
TA-06900,C-0984,1
TA-06903,C-1628,1
TA-06904,C-1628,1
TA-06905,C-1628,1
TA-06951,C-1628,1
TA-06975,C-1661,1
TA-06976,C-1661,1
TA-07002,C-1660,1
TA-07085,C-1612,1
TA-07136,C-0631,1
TA-07183,C-0260,1
TA-07184,C-0623,1
TA-07259,C-0624,1
TA-07260,C-0624,1
TA-07264,C-0635,1
TA-07305,C-1639,1
TA-07306,C-1646,1
TA-07307,C-1639,1
TA-07408,C-1660,1
TA-07410,C-1660,1
TA-07477,C-1628,1
TA-07542,C-1652,1
TA-07607,C-1987,1
TA-07608,C-1983,1
TA-07609,C-0662,1
TA-07636,C-0489,1
TA-07651,C-0549,1
TA-07652,C-0547,1
TA-07758,C-0598,1
TA-07769,C-1658,1
TA-07845,C-1628,1
TA-07874,C-1661,1
TA-07877,C-1660,1
TA-07899,C-0215,1
TA-07939,C-0791,2
TA-07940,C-0791,2
TA-08071,C-0685,1
TA-08116,C-0887,1
TA-08118,C-0888,1
TA-08120,C-0885,1
TA-08121,C-0886,1
TA-08164,C-1655,1
TA-08166,C-1655,1
TA-08171,C-1652,1
TA-08173,C-1652,1
TA-08211,C-0690,1
TA-08222,C-0691,1
TA-08223,C-0693,1
TA-08224,C-0694,1
TA-08259,C-0755,1
TA-08547,C-0624,1
TA-08548,C-0667,2
TA-08581,C-0718,1
TA-08626,C-0714,1
TA-08629,C-0644,1
TA-08632,C-0644,1
TA-08754,C-0722,1
TA-08756,C-0598,1
TA-08791,C-1639,1
TA-08792,C-1639,1
TA-08793,C-1639,1
TA-08797,C-1628,1
TA-08986,C-1892,1
TA-09039,C-0623,1
TA-09063,C-1661,1
TA-09066,C-1661,1
TA-09082,C-1661,1
TA-09083,C-1661,1
TA-09136,C-1654,1
TA-09170,C-0580,1
TA-09251,C-1654,1
TA-09342,C-1943,1
TA-09394,C-1654,1
TA-09397,C-1660,1
TA-09400,C-1661,1
TA-09478,C-1660,1
TA-09566,C-1660,1
TA-09649,C-0347,1
TA-09651,C-0766,1
TA-09833,C-0369,1
TA-09839,C-0214,1
TA-09840,C-0369,1
TA-09844,C-0214,1
TA-09847,C-0369,1
TA-09848,C-0214,1
TA-09849,C-0209,1
TA-09853,C-0369,1
TA-09857,C-0214,1
TA-09861,C-0214,1
TA-09865,C-0209,1
TA-09867,C-0209,1
TA-09876,C-0209,1
TA-09914,C-1654,1
TA-09946,C-0347,1
TA-09948,C-0347,1
TA-09960,C-0215,1
TA-09963,C-0214,1
TA-09971,C-0215,1
TA-09973,C-0215,1
TA-09976,C-0215,1
TA-09984,C-1661,1
TA-10070,C-0770,1
TA-10271,C-0071,1
TA-10272,C-0071,1
TA-10325,C-0685,1
TA-10328,C-1660,1
TA-10329,C-1660,1
TA-10363,C-1839,1
TA-10468,C-0881,1
TA-10469,C-0880,1
TA-10517,C-1629,1
TA-10565,C-0652,1
TA-10568,C-1652,1
TA-10574,C-1697,1
TA-10600,C-1652,1
TA-10626,C-1718,1
TA-10627,C-1718,1
TA-10637,C-0685,1
TA-10650,C-0214,1
TA-10652,C-0214,1
TA-10657,C-0214,1
TA-10666,C-0214,1
TA-10668,C-0214,1
TA-10674,C-0214,1
TA-10681,C-0214,1
TA-10682,C-0214,1
TA-10685,C-0214,1
TA-10704,C-1629,1
TA-10773,C-1639,1
TA-10817,C-1660,1
TA-10861,C-0495,1
TA-10864,C-0533,1
TA-10894,C-0539,1
TA-11151,C-0857,1
TA-11162,C-0867,1
TA-11163,C-0864,1
TA-11164,C-0866,1
TA-11165,C-0860,1
TA-11166,C-0860,1
TA-11167,C-0865,1
TA-11168,C-0865,1
TA-11181,C-0792,1
TA-11217,C-2021,1
TA-11250,C-1635,1
TA-11251,C-1635,1
TA-11262,C-0915,1
TA-11361,C-0204,1
TA-11444,C-0872,1
TA-11445,C-0864,1
TA-11446,C-0867,1
TA-11447,C-0868,1
TA-11448,C-0864,1
TA-11449,C-0864,1
TA-11486,C-1660,1
TA-11488,C-1658,1
TA-11524,C-1708,1
TA-11845,C-0902,1
TA-11904,C-0897,1
TA-11918,C-1907,1
TA-11955,C-0347,1
TA-12032,C-0575,1
TA-12079,C-1629,1
TA-12080,C-1629,1
TA-12122,C-1654,1
TA-12132,C-1660,1
TA-12139,C-1658,1
TA-12218,C-0095,1
TA-12221,C-0020,1
TA-12239,C-1655,1
TA-12346,C-0382,1
TA-12347,C-1900,1
TA-12360,C-0792,1
TA-12362,C-0859,1
TA-12363,C-0618,1
TA-12424,C-0859,1
TA-12425,C-0618,1
TA-12492,C-1655,1
TA-12654,C-0210,1
TA-12655,C-0209,1
TA-12658,C-0214,1
TA-12662,C-0214,1
TA-12690,C-0930,2
TA-12729,C-1639,1
TA-12730,C-1639,1
TA-12746,C-0798,2
TA-12914,C-1629,1
TA-13001,C-0569,1
TA-13037,C-1628,1
TA-13051,C-0671,4
TA-13148,C-1628,1
TA-13254,C-0792,1
TA-13255,C-0792,1
TA-13256,C-0792,1
TA-13257,C-0792,1
TA-13275,C-0618,1
TA-13276,C-0618,1
TA-13284,C-1652,1
TA-13287,C-0618,1
TA-13288,C-0618,1
TA-13310,C-0786,1
TA-13350,C-0991,1
TA-13387,C-1655,1
TA-13388,C-1655,1
TA-13393,C-2010,1
TA-13425,C-2029,1
TA-13426,C-2029,1
TA-13453,C-0575,3
TA-13464,C-1652,1
TA-13498,C-0890,1
TA-13529,C-1629,1
TA-13530,C-1629,1
TA-13531,C-1629,1
TA-13579,C-0935,1
TA-13708,C-0215,1
TA-13709,C-0215,1
TA-13713,C-1170,1
TA-13718,C-0215,1
TA-13719,C-0215,1
TA-13726,C-1652,1
TA-13729,C-0919,1
TA-13735,C-1660,1
TA-13761,C-1655,1
TA-13785,C-1655,1
TA-13787,C-1655,1
TA-13796,C-0909,1
TA-13797,C-0894,1
TA-13818,C-1652,1
TA-13835,C-1660,1
TA-13858,C-1660,1
TA-13929,C-1913,1
TA-13958,C-1629,1
TA-13959,C-1629,1
TA-13960,C-1629,1
TA-14001,C-1655,1
TA-14002,C-1655,1
TA-14048,C-0215,1
TA-14103,C-1012,1
TA-14104,C-0894,1
TA-14134,C-1018,1
TA-14157,C-1022,2
TA-14158,C-1022,2
TA-14177,C-1475,1
TA-14179,C-1026,1
TA-14180,C-1660,1
TA-14181,C-1660,1
TA-14205,C-1661,1
TA-14580,C-1839,1
TA-14582,C-0533,1
TA-14583,C-0533,1
TA-14602,C-1054,1
TA-14617,C-1057,1
TA-14638,C-1661,1
TA-14664,C-1661,1
TA-14665,C-1661,1
TA-14686,C-1655,1
TA-14688,C-1092,3
TA-14766,C-1655,1
TA-14770,C-1660,1
TA-14771,C-1660,1
TA-14787,C-1659,1
TA-14794,C-1655,1
TA-14829,C-0632,1
TA-14867,C-0215,1
TA-14868,C-0214,1
TA-14880,C-1649,1
TA-14881,C-1649,1
TA-14882,C-1642,1
TA-14883,C-1642,1
TA-14884,C-1652,1
TA-14903,C-0215,1
TA-15022,C-1642,1
TA-15024,C-0348,1
TA-15031,C-1894,1
TA-15032,C-1010,1
TA-15033,C-1007,1
TA-15078,C-1655,1
TA-15079,C-1655,1
TA-15112,C-1040,1
TA-15164,C-1641,1
TA-15260,C-1021,1
TA-15282,C-1021,1
TA-15284,C-1079,1
TA-15448,C-1042,1
TA-15511,C-0575,1
TA-15512,C-0894,1
TA-15518,C-1008,1
TA-15561,C-1044,1
TA-15753,C-0547,1
TA-15755,C-0547,1
TA-15829,C-1655,1
TA-16058,C-1660,1
TA-16073,C-1650,1
TA-16087,C-1660,1
TA-16110,C-1660,1
TA-16111,C-1660,1
TA-16116,C-0544,2
TA-16215,C-1655,1
TA-16220,C-1660,1
TA-16222,C-1660,1
TA-16271,C-1660,1
TA-16273,C-2032,1
TA-16276,C-1660,1
TA-16277,C-1660,1
TA-16283,C-1660,1
TA-16284,C-1660,1
TA-16285,C-1660,1
TA-16286,C-1660,1
TA-16287,C-1660,1
TA-16426,C-0250,1
TA-16428,C-0249,2
TA-16473,C-1652,1
TA-16504,C-1169,1
TA-16564,C-1655,1
TA-16565,C-1655,1
TA-16587,C-1147,1
TA-16588,C-0618,1
TA-16589,C-0618,1
TA-16761,C-1045,1
TA-16816,C-1639,1
TA-16817,C-1639,1
TA-16818,C-1639,1
TA-16819,C-1639,1
TA-16820,C-1639,1
TA-16850,C-0544,1
TA-16857,C-1074,1
TA-17081,C-1660,1
TA-17105,C-1652,1
TA-17130,C-1759,1
TA-17131,C-1759,1
TA-17215,C-1169,1
TA-17224,C-1661,1
TA-17225,C-1660,1
TA-17309,C-0506,1
TA-17365,C-1260,1
TA-17408,C-1654,1
TA-17630,C-1661,1
TA-17637,C-1886,1
TA-17722,C-1659,1
TA-17823,C-1271,1
TA-17828,C-1655,1
TA-17830,C-1660,1
TA-17834,C-1655,1
TA-17856,C-1045,1
TA-17941,C-0923,1
TA-17978,C-0215,1
TA-17979,C-0215,1
TA-18012,C-1654,1
TA-18111,C-1658,1
TA-18137,C-1655,1
TA-18141,C-1655,1
TA-18194,C-0001,1
TA-18195,C-2028,1
TA-18208,C-1475,1
TA-18234,C-1653,1
TA-18243,C-1658,1
TA-18244,C-1654,1
TA-18254,C-1655,1
TA-18255,C-1655,1
TA-18427,C-0215,1
TA-18429,C-0215,1
TA-18443,C-1655,1
TA-18446,C-1655,1
TA-18465,C-1639,1
TA-18466,C-1639,1
TA-18467,C-1639,1
TA-18476,C-1654,1
TA-18481,C-1653,1
TA-18522,C-1655,1
TA-18547,C-1654,1
TA-18548,C-1654,1
TA-18555,C-1641,1
TA-18578,C-0808,1
TA-18589,C-1658,1
TA-18622,C-1475,1
TA-18638,C-1658,1
TA-18659,C-1642,1
TA-18660,C-1642,1
TA-18663,C-1660,1
TA-18664,C-1660,1
TA-18688,C-1653,1
TA-18702,C-1988,1
TA-18779,C-1558,1
TA-18809,C-1661,1
TA-18879,C-1661,1
TA-19059,C-1629,1
TA-19210,C-1510,1
TA-19211,C-1510,1
TA-19215,C-1832,1
TA-19365,C-1600,1
TA-19382,C-0001,1
TA-19425,C-1890,1
TA-19525,C-1844,1
TA-19652,C-1661,1
TA-19671,C-1658,1
TA-19675,C-1658,1
TA-19676,C-1654,1
TA-19779,C-1829,1
TA-19857,C-1564,1
TA-20007,C-1654,1
TA-20031,C-0498,1
TA-20038,C-0498,1
TA-20222,C-1653,1
TA-20223,C-0037,1
TA-20411,C-1655,1
TA-20417,C-1904,1
TA-20451,C-1652,1
TA-20456,C-1652,1
TA-20458,C-1652,1
TA-20544,C-1661,1
TA-20552,C-1661,1
TA-20562,C-1661,1
TA-20595,C-1944,1
TA-20596,C-1944,1
TA-20868,C-1660,1
TA-20897,C-1628,1
TA-20898,C-1628,1
TA-20918,C-1661,1
TA-20920,C-1930,1
TA-20921,C-2005,1
TA-21110,C-1949,1
TA-21123,C-1565,1
TA-01388,C-0005,1
TA-02789,C-0155,1
TA-02896,C-0327,1
TA-03113,C-1882,1
TA-03346,C-0175,1
TA-03380,C-0366,1
TA-03470,C-0352,1
TA-03665,C-1811,1
TA-03795,C-0379,2
TA-03896,C-0375,1
TA-04189,C-1813,1
TA-04787,C-1950,1
TA-05842,C-0366,1
TA-06149,C-0289,1
TA-07085,C-1981,1
TA-07607,C-0155,1
TA-07608,C-0664,1
TA-07609,C-0665,1
TA-07636,C-0666,1
TA-08211,C-0894,1
TA-08224,C-0695,1
TA-08547,C-0667,1
TA-08754,C-0723,1
TA-08986,C-0746,2
TA-09342,C-0756,1
TA-09649,C-0377,1
TA-09849,C-0214,1
TA-09946,C-0377,1
TA-09948,C-0377,1
TA-10070,C-0780,1
TA-10325,C-0788,1
TA-11151,C-0858,1
TA-11162,C-0872,1
TA-11163,C-0872,1
TA-11164,C-0874,1
TA-11165,C-0872,1
TA-11166,C-0872,1
TA-11167,C-0872,1
TA-11168,C-0872,1
TA-11217,C-0890,1
TA-11361,C-0870,1
TA-11444,C-0878,1
TA-11445,C-0872,1
TA-11446,C-0872,1
TA-11447,C-0873,1
TA-11448,C-0872,1
TA-11449,C-0872,1
TA-11524,C-1811,1
TA-11918,C-0575,1
TA-11955,C-0378,1
TA-12079,C-1638,1
TA-12080,C-1638,1
TA-12654,C-0214,1
TA-12655,C-0214,1
TA-12746,C-0933,1
TA-13001,C-0890,1
TA-13051,C-0753,1
TA-13310,C-0918,2
TA-13350,C-0992,1
TA-13579,C-0936,1
TA-13709,C-0348,1
TA-13718,C-0348,1
TA-13719,C-0348,1
TA-13796,C-1011,1
TA-13797,C-1007,1
TA-14103,C-1015,1
TA-14104,C-1016,1
TA-14134,C-1072,1
TA-14177,C-0377,1
TA-14179,C-1027,1
TA-14602,C-1055,1
TA-14688,C-1145,1
TA-14829,C-1028,1
TA-15031,C-0890,1
TA-15032,C-1070,1
TA-15033,C-1071,1
TA-15512,C-1084,1
TA-16073,C-1870,1
TA-17941,C-1019,1
TA-17979,C-0348,1
TA-18208,C-0377,1
TA-18427,C-0348,1
TA-18429,C-0348,1
TA-18622,C-0377,1
TA-18779,C-1559,1
TA-19525,C-1950,1
TA-19857,C-1861,1
TA-20031,C-0499,1
TA-20038,C-0499,1
TA-20417,C-1971,1
TA-20920,C-1991,1
TA-21110,C-1950,1
TA-01388,C-0176,1
TA-02789,C-0279,1
TA-03470,C-0353,2
TA-03665,C-1920,1
TA-06149,C-0557,1
TA-07085,C-2021,1
TA-07607,C-0663,1
TA-09649,C-0378,1
TA-09946,C-0378,1
TA-09948,C-0378,1
TA-11217,C-0965,1
TA-11524,C-1920,1
TA-12079,C-1639,1
TA-12080,C-1639,1
TA-12746,C-0934,2
TA-13001,C-0965,1
TA-13051,C-0967,2
TA-13310,C-0981,1
TA-13350,C-1049,1
TA-14177,C-0923,1
TA-14829,C-1065,1
TA-16073,C-0746,2
TA-18208,C-0923,1
TA-18622,C-0923,1
TA-18779,C-1560,1
TA-20920,C-2005,1
TA-03470,C-0355,1
TA-03665,C-1921,1
TA-11524,C-1921,1
TA-13051,C-0968,1
TA-14177,C-1019,1
TA-18208,C-1019,1
TA-18622,C-1019,1
TA-11524,C-1981,1
